HP101	61	0.0	0.0001187595800440133	6.914201405421638e-05	0.00016384616562596936	0.00025339581583038194	0.0002740309002408008	0.0003098483621467132	0.0002608601946855125	0.00013933999497849357	0.00023158737235561583	0.00034050409686789976	0.0019874138152153093	0.002820774404736852	0.00031959625919282997	0.00013614022123903876	0.00032116012591902826	0.00012476739676299477	0.00010317236949839155	9.001692157988945e-05	0.00012522851954866655	0.0011378470434165243	0.00033063667804569266	0.00031632603450344065	0.00049215295825981	0.0001637215293741249	0.00022067421609692036	0.0013345110224135483	0.0004222196677424347	0.0002054577202908257	0.0005658556481719233	0.00016084215403108722	0.00030931643733077404	0.0003229519821547165	0.0022074661967183295	0.00016011472876381987	0.0002544110076322898	0.0001598027235466148	0.000522626611113334	0.000268641160131691	0.0004378899753175792	0.00047811605682779686	0.0003279350503893085	0.0004247581719991397	0.0002079088972786305	0.000406738482331804	0.00017258283476566448	0.0003677710154508853	0.00021688071861508435	0.0002966677514894039	0.0009245324248789695	0.00015418777099603657	0.00015199423680553847	0.00011920042523163026	0.0004826802564517164	0.0006605490823408588	0.00027975079353323565	0.0002960510397481323	0.0006599685099543194	4.464142339701906e-05	0.0004739291220053822	0.0003627974683141397	0.0030842530741223067	0.00024070763426657107	0.00016776368427378949	0.0002615352706574158	0.0007787668396335372	0.0001636879601370277	0.00035414437533948706	0.00021644736687576188	0.0022149589238458236	0.0014350120413778417	0.002192224012734543	0.0020430877174315333	0.002979354238741284	0.0022030531982954213	0.0021364496677806787	0.0012819493846980743	0.0011146884527184996	0.0009150473403654324	0.0011808784801352527	0.002344948825303789	0.0025740775827090795	0.003739476784089157
HP135	95	0.0001187595800440133	0.0	0.00012616854044213247	0.00023395284083036746	0.00031785477122935486	0.000338596947384944	0.00037361410668830097	0.0003309917307163218	0.0001528298350805242	0.0003017154993177295	0.0004049786196947479	0.0020545627128002427	0.0027507562689061023	0.00038407078201967805	0.00010831243996828308	0.00039136790075528866	0.00011211065754877562	7.476568326575106e-05	9.030801546262008e-05	6.0839884245060255e-05	0.0011611579137813994	0.0004008468732843003	0.0003965232840580879	0.0005567190054039532	0.00023383228725169629	0.0002852224105231911	0.0014046133078845923	0.00048686539479054927	0.0002848671190587692	0.0006304129284634885	0.0002778240476214948	0.0003795202546782209	0.0003858913025650613	0.002187675087435545	0.0002302243287024218	0.000324542543663099	0.00022946089441644807	0.000591128167550265	0.0003387726961625003	0.0005057384188662793	0.0005450327031339862	0.0003940333814566178	0.000489324219143283	0.0002780364132993551	0.0005012074032428322	0.00020355482417610507	0.0004379822313856658	0.0002870122546458936	0.0003603581619090251	0.000977852263040418	0.00024470901604444715	0.000265186044687495	0.0002251699378431669	0.0005521217009455268	0.0007433442662365128	0.00034428078810160614	0.0003666483657620501	0.0006647877027729375	0.00012446239515854758	0.0005441403379401626	0.00045455804301222614	0.0031917229911538414	0.00031082765565589835	0.0002495069749522936	0.0003308665040856696	0.0008838059681277896	0.0002282393510174878	0.0004235709776615565	0.0002865575664892627	0.0022409199023751747	0.0014638345836330512	0.0022104434524422246	0.0020423009729685217	0.0028849522037594963	0.0021794206978627954	0.002189769505942127	0.0013464888734146892	0.0011728812765929176	0.0009793644921591315	0.0012398019780520378	0.0023429050681644656	0.0025487406185015545	0.003725029338708434
HP141	101	6.914201405421638e-05	0.00012616854044213247	0.0	0.00019528283402832692	0.00027918545285842794	0.0003039022897876649	0.0003389194490910219	0.00029232172391428123	0.00017646885044513369	0.000263045492515689	0.0003589931030521702	0.0019480450208973845	0.0027893111452890174	0.0003429834555069184	8.150757164669996e-05	0.00035257439010209275	0.0001142762908012061	9.927940621461424e-05	0.00013343753287327722	9.805115450003408e-05	0.0011498850637326192	0.00036365609381746515	0.0003428957214654043	0.0005220243478066743	0.0001951623183237974	0.0002505277529259119	0.001362715184828678	0.00045204723334211475	0.00023532910983768988	0.0005956759418900388	0.0001922776050863019	0.000340726744025025	0.00034959839232831687	0.002194022005421999	0.00019555587578989382	0.0002858725368610585	0.00018965044009281742	0.0005540684874462339	0.0003001026893604598	0.0004669449082130833	0.0005063626963319456	0.00035536337465457736	0.00045462956154600383	0.0002393664254324909	0.000423237305353954	0.00018925601893091392	0.0003991887207324699	0.000251545432283913	0.0003217152378235474	0.000946306064136905	0.00022332723738595364	0.00017524809345876907	0.00014746760699751467	0.0005133281902923309	0.0006919655318110158	0.00030962418600097606	0.0003202170327578104	0.0006641510681917903	0.00010972796240872268	0.0005053468272869667	0.0003942151735957243	0.003123477747194136	0.0002721576488538578	0.0001935624025592753	0.0002962024406548637	0.000778968813815684	0.0001967490496756204	0.0003847774670083606	0.00024789755435855414	0.002198284061377083	0.0014170738726944896	0.0021828065622781423	0.0020263690310156086	0.002974599358607244	0.002187777347330131	0.0021468947267483693	0.0012956077755209559	0.001135675384584759	0.0009287528691540691	0.001199417208825121	0.0023700105130815582	0.0025966843042955555	0.0037244055685144847
HP152	112	0.00016384616562596936	0.00023395284083036746	0.00019528283402832692	0.0	0.0001323324854727354	0.00013343285480326106	0.00017012411115446173	0.000107557163215286	0.00023929948550825247	8.939756303737815e-05	0.0002032099962685073	0.002038901555365299	0.0029845486728818683	0.000169486362354942	0.000248690987044818	0.0001865413151360543	0.00026609737517130605	0.00026055316746698674	0.00016383606771708698	0.0002489484924369747	0.001285550236222387	0.00019596948722488988	0.00022965366064224086	0.00033630369277001327	6.670113462772697e-05	7.306892626514873e-05	0.0012383679844324158	0.000274530525019031	0.00011373741036061341	0.00046041390669893724	9.567572066896155e-05	0.00018231654556798109	0.00018161184068627445	0.0021033133075296505	6.284612226649038e-05	9.708783772536023e-05	6.845596337584062e-05	0.0003847770516031048	0.0001257772244197679	0.00028864562642722674	0.0003264011599788705	0.0002013002150760303	0.0002689349309523808	8.623621288515416e-05	0.00047574871436893555	0.00027835100750300097	0.0002463651180622073	9.50080731592637e-05	0.00014891194864302004	0.0008419382328499071	0.00011051101221488584	9.490749889955985e-05	6.450556786714677e-05	0.00033419375435565654	0.0005679285737628615	0.0001426756392730048	0.00019570999346992158	0.0006442096370228155	0.00013937303482489032	0.00031508598681472585	0.00025940900663699564	0.003077939283828995	8.264839632028783e-05	0.00011100072800120043	0.00012996866839735905	0.0008328853978486649	6.297714868668097e-05	0.00024243700265646988	6.789417519080644e-05	0.0021189501879432153	0.0014103309491750923	0.002067943360341714	0.001978526315447293	0.003118511118644848	0.0022308999679964557	0.001995335661301865	0.0011326979355932134	0.0009759477023342163	0.0007578686814590117	0.0010317289056927296	0.0023019371120405097	0.0025229824590876342	0.003635442055597256
HP158	118	0.00025339581583038194	0.00031785477122935486	0.00027918545285842794	0.0001323324854727354	0.0	0.00015915388621310652	0.00012374818929617479	0.00011600028233227656	0.0003238847195838611	0.00011104285763881939	0.00011043739274358658	0.0021410722492762498	0.0030675465018009003	9.665627371791528e-05	0.0003317993265827052	0.0002398636987015417	0.00034934366561280625	0.00034366150700487384	0.0002701810097670025	0.0003417251100822388	0.0013814534166732518	0.0001678255528189145	0.0002954922927363681	0.0002643258313556777	0.00010211713003501754	9.738203269106846e-05	0.001347870994285899	0.00022042427420710363	0.00018692898996498244	0.0005785171170370892	0.00017023365809837215	0.0002431055952625617	9.979951389494862e-05	0.0020063436052376394	0.00012059458993496746	0.00018260064658072466	0.00018951042807403707	0.00027489101000030764	0.0002019371285698031	0.00027283544539690797	0.00023432659047737807	0.00017042024239630226	0.0001988056292942799	0.00013493934500531074	0.0005652965822020557	0.0003913921902592601	0.00032738627964982504	0.00010817470469503461	9.72250940970486e-05	0.0009610452471235616	0.00020583233464701556	0.00020467394492635577	0.0001935503998584896	0.0002557257174701521	0.0006924642718162715	0.00012396939791895953	0.0002739545854911546	0.0007619172032433651	0.0002306244240028337	0.00022863504328954706	0.0003018570811326709	0.0030008110610327456	8.81516940170086e-05	0.00015047909871775432	0.0001425406637085789	0.0009521345372345033	0.00013173121218319883	0.00023925817395231035	0.00011656620544603174	0.002025143582869753	0.0013840790420394818	0.0019485436432179148	0.0019342177989479146	0.003201508104002544	0.002350241234251142	0.0019217652716311865	0.0010590796449847467	0.0010033683208725962	0.000755681403411706	0.00104846815529013	0.0021921091149455507	0.002405089088235422	0.0035304159403626943
HP205	165	0.0002740309002408008	0.000338596947384944	0.0003039022897876649	0.00013343285480326106	0.00015915388621310652	0.0	7.829226302496768e-05	7.308465940103118e-05	0.00035256451924650244	4.891933502751376e-05	0.00014063755702658224	0.002096679610389239	0.003058948804542271	9.207287996377948e-05	0.0003700660502792755	0.0002103899093695128	0.00039391075868934467	0.0003469167921672311	0.0002883800439098623	0.0003536005528715128	0.001391860504980859	0.00019032524391781312	0.00024858212290145075	0.00023720755244622288	0.00011759006061030531	6.875016371866153e-05	0.0012926608475725624	0.0001965274336768382	0.00010573259047523767	0.0004750958064592591	0.00017340864194125986	0.00021796400697987744	9.600352098837134e-05	0.0021044385953669937	0.00016362981899949974	8.250171968505218e-05	0.00015683022282141076	0.0003824444158818729	8.898019762970518e-05	0.00022109661015486416	0.000294802150274711	0.00014074014544943923	0.000172222242557456	0.00010369554694637136	0.0005690865636660438	0.00034668303499629647	0.00026521686705352693	7.63475664539754e-05	0.0001152743709454727	0.0008609474525562782	0.00013353500360673362	0.00015920029543579824	0.00016449300987975276	0.0002593318457292342	0.0006320267761174454	6.853195500750363e-05	0.00024999984063222327	0.0006734385428337449	0.0002671661883457665	0.0002358817349026083	0.0002261295089357639	0.0030406512841241284	8.394472840420191e-05	0.00014173434981582647	8.590566725857128e-05	0.000862375738317075	0.00013843874857998435	0.0001817608242312281	7.44970743077061e-05	0.0021112775543292352	0.0014434954693419155	0.002057293425506806	0.001986250647242691	0.003198470088615857	0.002222713215631832	0.0019195979199628618	0.0010455407133430038	0.000885337663150801	0.0006787882134867432	0.000954864617432284	0.0022900811621422022	0.002501730983475025	0.003631755656630622
HP206	166	0.0003098483621467132	0.00037361410668830097	0.0003389194490910219	0.00017012411115446173	0.00012374818929617479	7.829226302496768e-05	0.0	9.529575130052016e-05	0.0003875816785498594	0.00010164077240674933	0.0001294387677070827	0.0021491214479181222	0.003112973652123565	6.81098349539817e-05	0.0004010825968587435	0.0002381454542416966	0.0004201329065752182	0.0003890902958883552	0.0003202244219487796	0.00039023416335534194	0.001429238879661907	0.00018218044207683065	0.0002611127561230714	0.00021959283033713727	0.00015337750701894162	0.00010286721857721671	0.0013530921205899373	0.0001804204392343309	0.00012394240072909795	0.0004994524972678231	0.00020122437498603366	0.0002505066304465886	6.232794011604647e-05	0.0021043261819813242	0.00018504166206646523	0.00013130926115534336	0.0001798586913642274	0.00036236262023505995	0.00013859026744697867	0.00020501505976898264	0.0002787332438634409	0.00012799890936374556	0.00015862119384753897	0.00013071646589635837	0.0005959981103393849	0.0003825328789615842	0.00028493272291952107	0.0001049347847138855	9.92665995816136e-05	0.0008967243061555226	0.00017018112408963596	0.000178200450470188	0.00020595635705282094	0.0002262500424739878	0.0006708631020552142	4.811041368935568e-05	0.0002713014545236784	0.0006924159046583005	0.0002974175090807935	0.00021820058952581038	0.00025305767191550896	0.0030063069840492495	9.96505783861659e-05	0.00018380649837935177	0.00010333234245698273	0.0008981490312091811	0.00015665349290773324	0.00018650335965780346	0.0001159714705681472	0.0021135991169158484	0.0014568177412361417	0.0020404622997477707	0.00197758246011795	0.003246928153108633	0.002240361846029764	0.0019082965842089467	0.0010430418129828154	0.0009378394233883225	0.0007115286128813868	0.0010067226139234837	0.002285362901848583	0.002487176798940229	0.003615643464568518
HP227	187	0.0002608601946855125	0.0003309917307163218	0.00029232172391428123	0.000107557163215286	0.00011600028233227656	7.308465940103118e-05	9.529575130052016e-05	0.0	0.000336227530848186	5.9643237825089054e-05	0.0001499453976190475	0.002109663791569877	0.003081530534176386	6.517139305722294e-05	0.0003457298769307724	0.0001756760898759503	0.0003559974467095912	0.0003575920573529411	0.00026167595140056033	0.00034598738232292903	0.0013881807846917748	0.0001600406340736294	0.00021321236545236396	0.00026472016754708675	9.884900315353558e-05	6.721827337597837e-05	0.001312072442498701	0.00020132959199883243	9.408551028984874e-05	0.00048665544299044815	0.0001307474240257776	0.00019278653429256415	9.876590464185675e-05	0.0021093923809890345	0.00011613323006126699	9.608689784063073e-05	0.00013394889604024295	0.0003420846812994857	0.0001178239436574629	0.00020745737478445442	0.0002711157111143396	0.00010981353883553419	0.00020537860583233285	5.699644536814714e-05	0.0005621475390457686	0.0003279642076930769	0.00021791175390299008	4.4036773629451784e-05	0.000101909920480062	0.000873123548223033	0.00012581601796718704	0.00013475061787715086	0.00015131992163865533	0.0002570000849178815	0.0006150136133147706	6.542323923908738e-05	0.00020644752242545593	0.000657895664894741	0.00023727728510929635	0.00022998853590436177	0.00020670204506624033	0.0030652835042173166	4.087975052002182e-05	0.0001427922563825531	6.334223689475786e-05	0.0008642122919155954	0.00010519236676798379	0.00017476813278960592	6.57138288177163e-05	0.002126623846316565	0.001371656185999822	0.002027965158979494	0.001982971984384868	0.003215496952328321	0.0022622554186188	0.0019430266588085412	0.0010731062773686898	0.0009204124219021636	0.0006744864827454985	0.0009831066823587683	0.002308005579422796	0.00252099283465413	0.0036214723078681647
HP236	196	0.00013933999497849357	0.0001528298350805242	0.00017646885044513369	0.00023929948550825247	0.0003238847195838611	0.00035256451924650244	0.0003875816785498594	0.000336227530848186	0.0	0.00030693730292881275	0.00041100856804925415	0.0020463879751286508	0.0027454053635244885	0.0003901007303741842	0.0001584142190637483	0.00039658861063124654	0.00016249525712771544	0.0001368026288539812	0.00020675997626648754	0.0001706212802661855	0.001126244169100362	0.0004060155569594027	0.0003871066235524855	0.0005706865772655116	0.00023905409086277953	0.00029918998238474945	0.001416375076298595	0.0005007798467161267	0.00028417906614069965	0.000644806778190929	0.00025074080378311206	0.0003847067397496193	0.0003982606217871543	0.002123258469055593	0.00023551446968293996	0.00032995968595578675	0.00023856982098812335	0.0005963529755426626	0.00034420678803926487	0.0005148993519418072	0.0005502545067450694	0.00039933325724694795	0.0005032917910048414	0.0002833223027151353	0.0005269262501727064	0.00030553525659221244	0.00044339940968883253	0.0002922340582569769	0.0003703567566215628	0.0010017875616972576	0.00022971842245303022	0.0002469718453005299	0.0002077152728512882	0.0005612404354254084	0.0007361914579112603	0.0003582874191058959	0.000366763334786936	0.0007797797808956018	0.00015009035345603692	0.0005493090216152651	0.00043830544333831305	0.0031822570738992513	0.0003160494592669816	0.00024144756096282458	0.00033619566577035737	0.0009019079301001586	0.00024231623310086398	0.0004287396613366589	0.0002918030879912343	0.002261310709792211	0.001384021143911299	0.0022135065983591227	0.002065941411596686	0.002887704493933711	0.002321343832285618	0.002213453206682349	0.0013524795984021854	0.0011917925554453786	0.0009857556098963867	0.0012546656208748846	0.002366476874480104	0.002438004804615651	0.003736023803503234
HP241	201	0.00023158737235561583	0.0003017154993177295	0.000263045492515689	8.939756303737815e-05	0.00011104285763881939	4.891933502751376e-05	0.00010164077240674933	5.9643237825089054e-05	0.00030693730292881275	0.0	0.00012178783171460256	0.00209594050955639	0.0030522726140670337	9.27689198732279e-05	0.0003228239617550134	0.0001708289572177987	0.0003458603637118559	0.0003283158259543487	0.00024034470213897693	0.00031671115092433673	0.0013572964579438873	0.00014221823569465392	0.0002520848355177589	0.0002645621626513254	6.949404620310172e-05	5.011587926954485e-05	0.001289154902059806	0.00019481041542771367	0.00011464928302151072	0.0005032701967656543	0.00013088061185649355	0.0001700377547630395	0.00010822430592641854	0.002061161348723672	0.00011557942402201104	8.749093351796644e-05	0.0001303087125062532	0.00033517038618702553	9.409804637268215e-05	0.00023259678044412725	0.0002532033081106372	0.0001450442859644586	0.00019718739086871043	7.375673360750103e-05	0.0005465369211743096	0.0003110406670082688	0.0002695129240820412	4.2249359106572164e-05	7.8381484102051e-05	0.0008816772051325662	0.0001239101812439055	0.00013325112814372483	0.0001268286478272139	0.00026839655395680605	0.0006043875960901497	9.032575200600284e-05	0.0002225690823865025	0.0006888918150987444	0.00021911579336827782	0.0002425267020122255	0.0002328339940172539	0.0030362812577662394	3.9897337028514e-05	0.00013187098512864497	8.940837987487942e-05	0.0008727664952435077	0.0001015520542481717	0.00018443968804048708	3.5296729360961826e-05	0.002076702302179408	0.0013994089213879384	0.0020132307502894417	0.001959636918396089	0.0031862108211808708	0.002270793098953493	0.0019252611985953905	0.0010529975273099873	0.0009015943916833179	0.0006863057630215107	0.0009560392232545787	0.0022522904507991832	0.0024751185761460724	0.0035972040536293272
HP244	204	0.00034050409686789976	0.0004049786196947479	0.0003589931030521702	0.0002032099962685073	0.00011043739274358658	0.00014063755702658224	0.0001294387677070827	0.0001499453976190475	0.00041100856804925415	0.00012178783171460256	0.0	0.0021794516879941528	0.003132879514148375	9.323798625450157e-05	0.0004221163639655861	0.00027725317420968377	0.00044605978886678413	0.000420271145128051	0.00034212500284113643	0.00043286134056622625	0.001468628849897857	0.00020801123469387742	0.00031088071952294256	0.00018948115652551564	0.00018726558783266174	0.00016626219642248722	0.001410884241125213	0.00019948846999204078	0.00021128189110719407	0.0005819730415420135	0.00023994990329712199	0.00028284699397807737	9.33217106042416e-05	0.002010302842842185	0.00021658395659823488	0.0001581784789892508	0.0002464922044045191	0.00028056196180008063	0.00016795500912364933	0.00027553495096207376	0.00020255835412939647	0.0001857561911364545	0.00014741730457182875	0.0001753953968287313	0.000648956312745947	0.00041181887061824687	0.0003516246426073961	0.00013180304135654246	8.717881824143745e-05	0.000962062782970913	0.00021736847561024412	0.0002444512310024008	0.00024861647954181647	0.0002519652230049273	0.0007192775897575361	0.00013540619131413028	0.00030309349953190384	0.0007677424483609376	0.00031931521852320596	0.00022041629792917157	0.0003060960855059285	0.003046428678174999	0.0001375577519258989	0.0002480220545218087	0.0001498557728291315	0.000934610372433206	0.00020731038502564897	0.00023701718789492167	0.00015384518878026494	0.0020220891383631104	0.0014726493316723163	0.0019392406720967102	0.002011725249088263	0.0032668177212622114	0.002324551088706835	0.0018811758686378968	0.0009626214962420032	0.0009201561989451506	0.0006704423773545498	0.0010099295022982491	0.002249665167142533	0.0024138060480291676	0.0035385993816574144
HP273	233	0.0019874138152153093	0.0020545627128002427	0.0019480450208973845	0.002038901555365299	0.0021410722492762498	0.002096679610389239	0.0021491214479181222	0.002109663791569877	0.0020463879751286508	0.00209594050955639	0.0021794516879941528	0.0	0.001529250581085127	0.002165905125923619	0.0019934640731919073	0.002186766407632326	0.002012368099937085	0.0019909542635810898	0.002059524157166362	0.0020248830622205454	0.0013694924574374377	0.0022035688206775445	0.00217355221977292	0.0023177761372329907	0.002057135438740982	0.0020740543610367744	0.001091469827978489	0.002270820141744696	0.0020512104062589552	0.0024001746506378966	0.0020488017393620766	0.0021804329616778115	0.002170923552694327	0.0008056016536309865	0.0020696665261947093	0.002108145465828776	0.002005249102876824	0.0024071239233427067	0.0021247798652624054	0.002279959932220391	0.002333473641979995	0.0021790904448152114	0.002254398646681922	0.002060227942627279	0.0019432739202238898	0.00204798054435412	0.0022226248211421823	0.0020828083198138597	0.002145755349268969	0.001670169413289758	0.002054345298042208	0.0020027073175803113	0.0019869791952723736	0.00233592606625081	0.0021242432823165647	0.0021133741303937153	0.002147600561901361	0.002545648053553722	0.0020272208301697955	0.0023248222014871835	0.0022071408710500474	0.0014881114269910888	0.0021018571097050427	0.0020287800240543423	0.002127188685237086	0.0017332014025958527	0.002046658670196747	0.0022097695229519676	0.002086640280038943	0.0010049353407499623	0.00152065019393474	0.0009669182717471109	0.0007022412854743683	0.0014211672434545231	0.0014364760773812016	0.0008385726260750751	0.0018198860152189474	0.0018954042917475405	0.0021419316997668006	0.0015809158293908542	0.0008838893311711712	0.0010634826642363963	0.002070836342436019
HP286	246	0.002820774404736852	0.0027507562689061023	0.0027893111452890174	0.0029845486728818683	0.0030675465018009003	0.003058948804542271	0.003112973652123565	0.003081530534176386	0.0027454053635244885	0.0030522726140670337	0.003132879514148375	0.001529250581085127	0.0	0.00313216699626122	0.0027359241463412523	0.0031413556983899116	0.0027353421743171588	0.0027240707811051574	0.0028224746069454936	0.002735714969580548	0.0018742742114586822	0.0031509822482903294	0.003130840473076538	0.003296057193846923	0.002984388823531766	0.0030198779547701464	0.002061853387948693	0.003236196705212606	0.0030142336447223613	0.0029946920243788745	0.002981478254749096	0.003129519800918616	0.003136388876573345	0.0019489354270066492	0.0029808004004702356	0.003075145007787767	0.0029670031704352178	0.003341581705517086	0.003089364409826646	0.0032557456053226384	0.0032954796620144936	0.003144528778694193	0.003231086756635369	0.00302859058148531	0.0026598231371795923	0.0027563035240370177	0.003135839307333667	0.0030375458021235646	0.003110926346493247	0.002416956826163082	0.0029748742456209634	0.0029573217124176827	0.00293670650833605	0.003302113915298624	0.0026974956092990594	0.0030892707018209103	0.003108940037972228	0.0030197567888458443	0.0028589138443987504	0.003294201895478747	0.0031829256624526063	0.002219981159248661	0.003061354467493747	0.0029533597781339687	0.0030814288922396114	0.0024573696585089297	0.002978052808472368	0.003173554343585596	0.003037133080184183	0.001891471528376637	0.002211555151768235	0.0018501757943700488	0.0015550292537961702	0.001779765682385638	0.0020016524746634566	0.0018812746204579264	0.002918353241828169	0.0025840611415015357	0.0031726351956778386	0.002469163495975114	0.0020125758792194394	0.001661655745373056	0.00296800918480345
HP316	276	0.00031959625919282997	0.00038407078201967805	0.0003429834555069184	0.000169486362354942	9.665627371791528e-05	9.207287996377948e-05	6.81098349539817e-05	6.517139305722294e-05	0.0003901007303741842	9.27689198732279e-05	9.323798625450157e-05	0.002165905125923619	0.00313216699626122	0.0	0.00039719983411364555	0.00023518696646658669	0.0004155496597948253	0.00040825378894557816	0.00032121716516606664	0.00040553959540816316	0.0014477035786893738	0.00018076285356142459	0.00024405587126341278	0.0002156554889956661	0.00015833627489237424	0.00012690498490558927	0.0013771399505619264	0.00016126625492482325	0.00014673819459364937	0.0005262422946660798	0.00019188076899578007	0.00025230012370187335	4.733905132052819e-05	0.0020721499605905118	0.00017568544314650113	0.00011724053261598746	0.0001991132781730961	0.0003055921736668958	0.00013084587128851544	0.0002062468314626792	0.00023543780980244002	0.00011414550396158473	0.00015631608064225675	0.00012055735063025204	0.0006127925340647807	0.00038750537532012785	0.00025918390280703997	0.00010353469383753508	7.143170427961293e-05	0.0009103552893534662	0.0001785106951580635	0.00019430283096238499	0.00021488082690076022	0.000212438949668164	0.0006742193064170791	7.004831054089074e-05	0.0002578954421355093	0.0006984262398049132	0.0002968294981945305	0.00017857492435974386	0.00024958225876166144	0.0030571746072985493	9.104502033739971e-05	0.000207869642817127	9.905715680272106e-05	0.0008997646361755628	0.00016394267619175337	0.00018938594775421477	0.00012010953613920868	0.0020909558769288093	0.0014178091660260578	0.001987470186400768	0.0019902966798031017	0.0032661052033750573	0.002296312626842089	0.0018992990218998323	0.0010151880999177093	0.0009300185456175747	0.0006797807048562419	0.0010089256981254593	0.002266729590567254	0.0024797126962187556	0.003585006154648124
HP335	295	0.00013614022123903876	0.00010831243996828308	8.150757164669996e-05	0.000248690987044818	0.0003317993265827052	0.0003700660502792755	0.0004010825968587435	0.0003457298769307724	0.0001584142190637483	0.0003228239617550134	0.0004221163639655861	0.0019934640731919073	0.0027359241463412523	0.00039719983411364555	0.0	0.0004059424803721489	5.427231931666329e-05	9.70293479891958e-05	0.00015507178487394972	7.128484234693862e-05	0.0011355564719654223	0.00041622319133653463	0.00039546953244324647	0.0005841874955743957	0.00025334353686256694	0.0003126909006936335	0.0014336303752775128	0.0005141913477504838	0.0002974922576054114	0.0006577752553900492	0.000245685758102793	0.00039409483429508104	0.0004117615400960385	0.002182316043834933	0.0002481660596724474	0.0003392806898775496	0.000251813587860539	0.0006066716611057205	0.0003583020015006003	0.0005282476249934354	0.0005597708493484367	0.00040877152767106845	0.0005167927093137255	0.00029277455951380566	0.0004893527073573237	0.00019124762508003178	0.00045255681100252605	0.0003041556161664666	0.00038383459805563653	0.0010172290200918688	0.00028232563343337324	0.0002374112412264906	0.0002184433434673871	0.0005746309070726829	0.0007516350411242555	0.00037175927113604226	0.0003735851230278665	0.0006953967257433639	0.00015989343975059464	0.0005587149175570229	0.0004475832638657804	0.003169220101932666	0.00032556580187034887	0.00025494847927170865	0.00034881160404161667	0.0008603991140317672	0.00025810615740405444	0.0004381455572784167	0.00030931643957964457	0.0022762987095056664	0.0014050132956498738	0.0022204861937130255	0.0020808286795390082	0.0029456280214603136	0.0022382620537842045	0.0022283307597341954	0.0013658520660558907	0.0012065983405397226	0.0009926230057889771	0.0012655247518176247	0.002418234395559161	0.0025898692608657594	0.003747003826763866
HP104	64	0.00032116012591902826	0.00039136790075528866	0.00035257439010209275	0.0001865413151360543	0.0002398636987015417	0.0002103899093695128	0.0002381454542416966	0.0001756760898759503	0.00039658861063124654	0.0001708289572177987	0.00027725317420968377	0.002186766407632326	0.0031413556983899116	0.00023518696646658669	0.0004059424803721489	0.0	0.0004096996354074255	0.0004178989581132452	0.00031960322953181284	0.00040627967363945564	0.0012672318737495	9.062020748299319e-05	9.982580961615453e-05	0.00041232352281227435	0.00016531065103552784	0.00018240656517890718	0.0012216998263437841	0.00013080922083852245	0.00017894057294672933	0.0003493978580559778	0.0001932773519603121	5.0519867840579844e-05	0.00025125489095638253	0.002227489067856683	0.00017882164681974226	0.00018757089916338242	0.00020306852151342572	0.0004866482022784926	0.00021741431382553005	0.00014321075441886576	0.0004063453965507596	0.0002475996172869147	0.0003433613736194477	0.00013740313894557843	0.00048729392181200685	0.000392209558013205	0.00010438827466190489	0.00014547435358143262	0.00024036357080444595	0.0007905981883106518	0.0001978217705282114	0.0001974210505302121	0.00021238197612044805	0.00021627306387240908	0.0005156062790378777	0.00020644866973335813	6.559495828598792e-05	0.0005304070490367483	0.00028711996250720356	0.00016493953494397764	9.460178556385627e-05	0.0031499131738187804	0.0001598468852909207	0.0002103151716086435	0.00018610069979992	0.0008177916291835916	0.0001824078225034499	8.232698063707794e-05	0.00015426924169014276	0.002077330442356775	0.0013597616448750988	0.0021654417753580145	0.001941597286391498	0.003104525357158756	0.0021686555156643318	0.0019059222470426576	0.0010526307245382152	0.0008710427227186391	0.0008309312030264873	0.0009725723059297339	0.00224239109017154	0.0026350222661727426	0.0036253919769324966
HP111	71	0.00012476739676299477	0.00011211065754877562	0.0001142762908012061	0.00026609737517130605	0.00034934366561280625	0.00039391075868934467	0.0004201329065752182	0.0003559974467095912	0.00016249525712771544	0.0003458603637118559	0.00044605978886678413	0.002012368099937085	0.0027353421743171588	0.0004155496597948253	5.427231931666329e-05	0.0004096996354074255	0.0	0.00010665746654214161	0.00014408263722210277	0.00010714661998773996	0.0011258368855978835	0.00043130202925453916	0.000412181760030015	0.0005943385905952975	0.00027639796871435705	0.0003268751974258671	0.0014518193762666988	0.0005219175234117057	0.000305232456518259	0.0006654721386570974	0.00024624659497162344	0.00040897119900271453	0.000433225370912553	0.0022257050849143764	0.00024552737012506254	0.00034467119894889827	0.0002595417668434217	0.00061859132385217	0.00038296302179995745	0.0005480678297231894	0.0005756580540282289	0.0004238884509913039	0.0005253520941918647	0.00029901901229742624	0.0005148560028586198	0.0001695076171288174	0.0004555198155977987	0.00031842615595361896	0.0004069636710655327	0.0010491667836918458	0.00026040797862268635	0.0002451474153587007	0.00023664555283397105	0.0005831367115706981	0.000766612620898348	0.000388422872436218	0.0003919047797933127	0.0007098944154125062	0.00013162682785881772	0.0005641103304651494	0.0004496779216418234	0.0031334266165349706	0.00032933976165082525	0.000262681051630599	0.00035750768377601754	0.0008931295712964178	0.0002731517501759175	0.0004595613723385096	0.00032429776369635895	0.00230909335944516	0.0014379702629918683	0.0022446698750338227	0.0021136057104429755	0.0029589376922399173	0.002277815912105502	0.0022610840265935555	0.0013986141383855047	0.001239322811531376	0.0010110261819209604	0.0012958162277478843	0.0024141076943913096	0.002589152981695805	0.003778256504017766
HP115	75	0.00010317236949839155	7.476568326575106e-05	9.927940621461424e-05	0.00026055316746698674	0.00034366150700487384	0.0003469167921672311	0.0003890902958883552	0.0003575920573529411	0.0001368026288539812	0.0003283158259543487	0.000420271145128051	0.0019909542635810898	0.0027240707811051574	0.00040825378894557816	9.70293479891958e-05	0.0004178989581132452	0.00010665746654214161	0.0	0.00014621719546818734	9.160210700280105e-05	0.001129079491648521	0.0004273849415666265	0.0004074260101843428	0.0005722020363095261	0.00026043663906977785	0.00029594043347282666	0.001383369349274293	0.0005126171325655332	0.0002902781904854858	0.0006452279606029188	0.00026214985629693547	0.0004060513120361774	0.0004124916292016805	0.0021928351665543833	0.00025682465533904107	0.0003511428702997183	0.00024300956156713703	0.0006177394917172719	0.0003653730227991196	0.0005322694762242358	0.0005716330297706054	0.0004206337080932372	0.0005071878596038413	0.00030464074617847134	0.00047197534425215165	0.00023513064447779097	0.0004645138059772211	0.00031361258128251285	0.0003869895585695279	0.0009893379652930177	0.00025091963366346507	0.00024633920972388956	0.00021273794043617447	0.0005786527583034834	0.0007573204073215329	0.0003653724643524192	0.0003855416007689628	0.0007115953341715788	0.00013496799988329714	0.0005706713952981191	0.0004595397416068767	0.0031394531172287844	0.0003374279822925176	0.00023581662231892737	0.00035747183852541007	0.0008570515817131986	0.0002540802937767522	0.0004501020350195131	0.0003131718751045346	0.0022562974200581775	0.0014267302668393388	0.0022227172439055745	0.002043324450696532	0.0028762523364963283	0.0021944328097966096	0.0021908214880452604	0.0013617292883548403	0.0011979164193870661	0.0009948144217253514	0.0012433338711985156	0.0023614849294517864	0.0025427843012605965	0.0037373879335329996
HP127	87	9.001692157988945e-05	9.030801546262008e-05	0.00013343753287327722	0.00016383606771708698	0.0002701810097670025	0.0002883800439098623	0.0003202244219487796	0.00026167595140056033	0.00020675997626648754	0.00024034470213897693	0.00034212500284113643	0.002059524157166362	0.0028224746069454936	0.00032121716516606664	0.00015507178487394972	0.00031960322953181284	0.00014408263722210277	0.00014621719546818734	0.0	0.0001262112310224087	0.0012245508653234145	0.0003306956024209685	0.00031799719503956077	0.0004992881927132515	0.00018328009701473996	0.00022782221897565125	0.00135046652875096	0.00042941438661892777	0.0002125975528485573	0.0005729189921848672	0.000194714819229256	0.0003093004981559482	0.0003333280419567828	0.002255453295955782	0.0001746690874468629	0.00025279285846272506	0.00016695072642534568	0.0005242602663763114	0.0002774311827330934	0.00044831628968252903	0.00047974973122632305	0.0003295559563625452	0.00043189340645258104	0.00020630174632853165	0.0004457453462078129	0.00012123207391956744	0.00036620135063838044	0.0002176901073029213	0.0003070565605812112	0.0009437275452036464	0.00016458181530612246	0.00018981222011804738	0.0001562522117947181	0.0004898657454680412	0.0006684717822042059	0.00028849897183683896	0.00029772618616625776	0.0006063069137563434	7.370821945269657e-05	0.00047235945719287725	0.0003648485240266025	0.0031311386885433164	0.0002391004833164722	0.00021219432428971598	0.00026315617663065245	0.0008284711531652352	0.00017324460817674705	0.0003558155358756071	0.00022605502974847882	0.002274261077390438	0.001507389436080912	0.0022160993890040937	0.002102412650141977	0.0029568469846325478	0.0021339923165092944	0.0021556332423672483	0.0012931491571005825	0.0011338720273050692	0.0009165160510961805	0.0011912452999269406	0.0024042737580142327	0.002624522737636468	0.003789921939016546
HP130	90	0.00012522851954866655	6.0839884245060255e-05	9.805115450003408e-05	0.0002489484924369747	0.0003417251100822388	0.0003536005528715128	0.00039023416335534194	0.00034598738232292903	0.0001706212802661855	0.00031671115092433673	0.00043286134056622625	0.0020248830622205454	0.002735714969580548	0.00040553959540816316	7.128484234693862e-05	0.00040627967363945564	0.00010714661998773996	9.160210700280105e-05	0.0001262112310224087	0.0	0.0011545644023442225	0.0004189666014705881	0.00040466669736470367	0.0005717226108905221	0.0002488279388583035	0.0003002260160097598	0.0014084186087580867	0.0005017851215546777	0.00028502737292153776	0.0006453150918938036	0.0002459432634949497	0.0003944320275623878	0.000404928082122849	0.0021994304707360557	0.00025082878037072657	0.0003395381952697063	0.00023934870317666526	0.0006117718080354045	0.00035376834776910753	0.0005230593412734733	0.0005640542789284195	0.0004138783866046417	0.0005043278246298517	0.00029303206490596237	0.00048501552370145383	0.00019174901050420158	0.00045289400426983277	0.0003068183368647458	0.0003810290139122952	0.000999277437510757	0.0002786001419667864	0.00022899909893957568	0.00020113326540616247	0.0005670334738296938	0.0007456374468573471	0.0003593204270283991	0.0003819901771449964	0.0006796805880108888	0.00016253388209408682	0.0005590521108243295	0.0004479204571330871	0.0031949006170687196	0.0003258233072625056	0.0002424835945878349	0.0003530907759203681	0.0008540975670750767	0.00024805253687522837	0.0004400835127363512	0.0003015611907107771	0.002262391203549037	0.0014255498951576742	0.002230284080660146	0.002063692021305715	0.002896969617148589	0.0021752141033340245	0.0022111946804124665	0.0013678885142852123	0.0011942904757402477	0.001000913107419629	0.0012612191310793293	0.002403599450645129	0.002599769505053435	0.003744820962002944
HP136	96	0.0011378470434165243	0.0011611579137813994	0.0011498850637326192	0.001285550236222387	0.0013814534166732518	0.001391860504980859	0.001429238879661907	0.0013881807846917748	0.001126244169100362	0.0013572964579438873	0.001468628849897857	0.0013694924574374377	0.0018742742114586822	0.0014477035786893738	0.0011355564719654223	0.0012672318737495	0.0011258368855978835	0.001129079491648521	0.0012245508653234145	0.0011545644023442225	0.0	0.001321992167977113	0.0012713797430068691	0.0016034169482324846	0.0012893996245671984	0.001336037095103757	0.0006479425680044597	0.0013620833726296683	0.0013159762192687437	0.0012721405940188755	0.0012799886165170073	0.0012691362137145614	0.0014470713630831313	0.0015402746505762256	0.0012793083602149224	0.001373690611922356	0.001270386226350042	0.0016506454362117443	0.0013960609456344702	0.0013921822140531947	0.0016061439589473005	0.0014560396458962565	0.0015352000981591859	0.0013311848841215468	0.0008592444822089447	0.0012744625976272724	0.001262608359701903	0.0013441936814504783	0.001423205917995174	0.0005935620932863832	0.0012733955977018677	0.0012559173509186078	0.0012368894752830203	0.0014279574812634409	0.000991332107548473	0.001397507717698479	0.0012510327388533982	0.0013791689811598466	0.001162234629632249	0.001423368074031757	0.001308805146358463	0.0023919779481117046	0.0013615326226462383	0.0012733885559923189	0.0013896801812103823	0.0007072645364199388	0.0012846674608384353	0.0013116503060869335	0.0013356274396316304	0.0012781619810678837	0.0006154523021171435	0.001434192605027871	0.0010615092983294076	0.0021255674995951314	0.0013213101416501634	0.0012287568041007514	0.0010902803950877929	0.0007771352708592022	0.0015592789608766145	0.0006864547974920578	0.0016093982666666672	0.0016895050638955514	0.002801979776492735
