HP101	61	0.0	9.071517701444458e-05	0.0003682247544217687	0.0005203965586725965	0.0005167722423669466	0.0007080392216986793	0.000739792722859348	0.0006102969470445365	0.00012526657188790586	0.0005227483418967586	0.0005572027723323889	0.006577284261444536	0.006001555587234894	0.0006271181581132453	0.0003037745359530457	0.0008297321478585882	0.0002783094168839031	0.00015625265797318926	5.702618625450175e-05	0.00033437799415766316	0.003900303766223717	0.0007849488619567477	0.0008280349659569889	0.0008681716921268507	0.00046848971602641074	0.000656751699629852	0.004882032185501666	0.0008576008174669865	0.0006570599221906322	0.002037303493298145	0.0005433779568321125	0.0009646752236598164	0.0005838387008488147	0.00623211362081921	0.0004764703790600216	0.0005948881511204483	0.000674414129594334	0.0008380037985294118	0.0005772363828331334	0.0009491359407609052	0.0008042111098340277	0.0006357511965383852	0.0008218723168767505	0.0005558853865663931	0.0016853152941559149	0.00021376506289959524	0.001003795749448735	0.0004926226086017849	0.000723441818903032	0.0029155159309276007	0.00012629325100040002	0.0006065687662226482	0.000497379742567315	0.0008654902278011204	0.0023922278626162395	0.000736249556762705	0.0008447657371032805	0.0021374058954188105	7.937025113201316e-05	0.000855142507119329	0.0008647024782312925	0.00735715735532321	0.0004537056380915959	0.0006489459189990363	0.0005433424746198478	0.0032571610136865607	0.0005931769635454181	0.0008441283772078634	0.0005492750390656264	0.00590059862010916	0.0045917236572271865	0.006612788988816809	0.00593171524930633	0.00675299938110345	0.006263539505576867	0.006440472599432515	0.003827015161268552	0.002862754330467873	0.0018263469391268153	0.004061014450963794	0.006576861696519894	0.006460760659534643	0.008116546968377651
HP135	95	9.071517701444458e-05	0.0	0.0004049234690351737	0.0005864666108931614	0.0005698165263744906	0.0007491689773695154	0.0007808872804364957	0.0006666391568643268	0.000108772345831405	0.0005824094204649434	0.0006102774621823476	0.006554649229565857	0.005935521672610623	0.0006802123343600896	0.0003707423032897666	0.0008265972349175386	0.00024943466763497566	0.00010092453167876454	0.0001105436815640421	0.0003706889205480254	0.0038419236243865604	0.0007818139490156979	0.0008490015290076203	0.0009190170297026713	0.000530527230285427	0.0007035313890707514	0.004824878325267869	0.00086656760769148	0.0007111136419436566	0.0020462863756798453	0.0006094479383458084	0.0009614606745956235	0.0006494819275009258	0.0061736931573529415	0.0005425403605737174	0.0006609744616692028	0.0007284678493473583	0.0008910669699319137	0.0006344414744743249	0.0009581027309853985	0.0008572742812365296	0.0006888448305361074	0.0008751434026596314	0.0006194945316867737	0.001694274115747906	0.0002640762842687072	0.0010247623124993663	0.0005514828886044384	0.0007644905315078204	0.002864821632522243	0.0001959309023245685	0.0006606224859756725	0.0005393482480893299	0.0009065988189817236	0.0023705257525396795	0.0007772833092884263	0.0008467877319108655	0.0021351916585835747	0.00013486060328436403	0.000874587116171202	0.0008616378949825319	0.007298770615300974	0.0005387453896765828	0.0007029996387520607	0.0005965064383098589	0.0032345259818078818	0.000634228744162376	0.0008409934642668137	0.0006041656492908067	0.005842185144583649	0.004501217806591127	0.006558021320373294	0.005873335107469173	0.006694619239266293	0.006208715612095268	0.0063826769959005655	0.003855949759149919	0.002873258540028556	0.0018517554513600833	0.004014736012292181	0.006518481554682737	0.006402596343045622	0.008058126504911382
HP141	101	0.0003682247544217687	0.0004049234690351737	0.0	0.00022706618358924322	0.0002041864253001199	0.00038993034860944364	0.0004055850737084488	0.0003072943183509844	0.00048613930116195623	0.0002230893233893557	0.0002276066782978381	0.006506195872030439	0.0062947928767707086	0.00030402924694877955	7.759209271932516e-05	0.0006327063167639638	0.0006462562547990692	0.00046412843586434566	0.00037297491272508994	7.437921132452983e-05	0.004113862964102868	0.0006227043406919998	0.0006366323223480177	0.0005597963556122449	0.00017123243753501408	0.00034428003440376155	0.004879858998651508	0.0006750766840336133	0.0003518723837133044	0.0020291330681735708	0.0002500348603098458	0.0008149271077968091	0.00026093879449393657	0.006249962021347443	0.00021066849833354862	0.0003015758241096441	0.0003692120587860106	0.0005495632172368946	0.00027504677993197294	0.0006563683133644073	0.00048520105241472576	0.0003213767744258436	0.0005159042810224088	0.00026013316422074785	0.0016546838947994178	0.000550677103583677	0.0008536477032219441	0.00020416786285998236	0.0003875788069295903	0.0028934064707765994	0.00029430332815126033	0.00030137312217253377	0.00018008693507465706	0.0005400342532312925	0.0024118507563439646	0.000413295706642657	0.0006420461849099682	0.0021475427289632553	0.00038224738023107325	0.0005929587397246033	0.000597021755362145	0.007570709955017284	0.00017174329282001045	0.00034525522116459894	0.00025319188916566617	0.0032375724631320824	0.00030481366934773904	0.0005803881471215803	0.000244849218517407	0.005895947938161845	0.004648753113247941	0.006620211660715001	0.005899140747525618	0.006974656770746483	0.00610433101285978	0.00643986050657	0.003660901801202288	0.0027805137168589594	0.0016361634865508757	0.004060308218904596	0.0067904208943990445	0.006674474965391166	0.008083989929798304
HP152	112	0.0005203965586725965	0.0005864666108931614	0.00022706618358924322	0.0	0.0001431654142102226	0.0002255131609421434	0.0003618762199119472	0.00010063158665059375	0.000631095836789526	5.558681881182523e-05	0.0001610374444641136	0.006526409192356499	0.00652180151743436	0.00013821098093288938	0.00024180297108003542	0.0007556129023516642	0.0007789078641712252	0.0006766261872940451	0.0005000412396553879	0.0002332832274808402	0.004226742490178998	0.0007623938542388328	0.0007670161573403833	0.0003600716177009606	8.07736916449809e-05	0.00023617258238904925	0.004942598354693498	0.0007808198632341889	0.0002201963705220592	0.0021654480620754424	0.00010059988598280119	0.0009474302707024217	0.0002852818265636798	0.00631258495872487	0.0001216223102861676	9.222664657795293e-05	0.0001899501082225024	0.0005325513230280545	0.00010044920613774235	0.0007513291309285571	0.00038086919352427054	0.00014960646047013475	0.00031466106744092854	5.876876477304791e-05	0.001791129539572246	0.0007109343536970017	0.0009668114941451677	7.782445969211523e-05	0.0002969814295056012	0.0030427150755489756	0.00041330562680388363	0.00021345033460819842	5.187318284129226e-05	0.0005602476604605462	0.002567611588403042	0.00024375114735231072	0.0007930451651338808	0.002283951866224181	0.0005067178441980023	0.0006539771947542054	0.0006299595498239022	0.007633449311059274	0.00016820991287521891	0.00023258697592491874	8.781492299607854e-05	0.0033933707927417426	0.0002928370472449916	0.0007257855409845911	6.879641918035176e-05	0.005958681851271784	0.004804551442857602	0.0066828345980924275	0.0059569943369810995	0.007130561332782659	0.0061723002512671845	0.00650259986261199	0.003701940631208725	0.0029363120464686197	0.0016673127992096989	0.004110678650582248	0.0068531602504410365	0.006736914904034918	0.008104123626861004
HP158	118	0.0005167722423669466	0.0005698165263744906	0.0002041864253001199	0.0001431654142102226	0.0	0.00023125594737895158	0.0003093649603157331	0.00011664666673883106	0.0006123245120207669	0.00011914184426770713	0.00010113683524608398	0.006476557268038844	0.006495486051050421	0.00011046351146458607	0.00021567491085893196	0.0007357256331605221	0.0007581459386729599	0.000650330626110444	0.0004808370220788314	0.00023141131571628628	0.004201557315521317	0.0007376679291515344	0.0007423112671305237	0.0004010818645258104	8.749180195078023e-05	0.0001855964297919169	0.0048470152393177745	0.0007353249784813921	0.00019318236067653697	0.00211735817342396	0.00013990076607719033	0.000922728331252669	0.00020842347725348273	0.0062170040427259946	8.924790727682288e-05	0.00017139945587234885	0.00021055963637612533	0.00039078778469387755	0.00017845578712484975	0.0007259388776124055	0.0003104900932376413	0.00013339206643429928	0.00035721295516206477	0.00010637236165062994	0.0017430214105717944	0.0007026459192916195	0.0009420729456097634	8.402525608814817e-05	0.00023696231279058715	0.0030272811149213872	0.000413152287404962	0.0001532678843569364	0.00017718823511638323	0.0005206159696678671	0.0025426770304636122	0.00025461940419167664	0.0007683421695895889	0.0022358619775726986	0.000481127591640155	0.0006397226818824917	0.0006482561700180071	0.00753786619568355	0.00021994785449939666	0.00020032216843350657	8.852640756302501e-05	0.0033681856180840623	0.00018062963486394545	0.0007010836015348381	0.0001344429210484192	0.00586309873589606	0.004779366268199922	0.006587253682093551	0.005869503941933382	0.007105456521616831	0.00622495458825017	0.006407016747236266	0.0036312649956100514	0.0029111268718109394	0.001710060459031875	0.004015095535206524	0.006757577135065311	0.006641333988036043	0.008054271702543348
HP205	165	0.0007080392216986793	0.0007491689773695154	0.00038993034860944364	0.0002255131609421434	0.00023125594737895158	0.0	0.00027892620819599796	0.00018556258153816876	0.0008147568668954307	0.00018693946355542214	0.0002410620752758319	0.006468624338967215	0.006595459386984794	0.00016504231494597835	0.00042209333628855165	0.0008728642308192518	0.0009675850524317259	0.00079965661272509	0.0006895092541516605	0.00039468230919367727	0.004258527368442486	0.0008773213399059375	0.0009010360938469175	0.00021443124765906367	0.00024038416679671848	7.862250212084811e-05	0.004865524841818775	0.000719530670138055	0.00010705703304244758	0.002128180467475174	0.00026387520077916896	0.0010488830665999482	0.00023756003592371804	0.006235493074941961	0.0002852221601318849	0.00021944944630852313	0.00010688514570550565	0.0004272272253501402	0.0002267113405062022	0.000698885617276344	0.00027550616067496944	0.0002396164588578578	0.00017534116794717876	0.00019412569834072253	0.0017315641818237753	0.0008921055085884064	0.0011015930012606243	0.00022900299855168867	0.00016863809372227748	0.0030745397957463684	0.0006123761442076831	0.00014420597599770654	0.00024210218765751752	0.0005140841057623049	0.002628990037209216	8.920003732493001e-05	0.0009168020733112999	0.002217773439759399	0.0006929989112109502	0.0007864091034617249	0.000748041899669868	0.0075563757981845486	0.0003575250948838164	0.00011471801537453777	0.00019699254195678248	0.0034251556710052315	0.00018076418824529813	0.0008375773474484571	0.00020078032190876333	0.00588160833839706	0.00486517344144409	0.006643953638935869	0.005879920824106377	0.0071624983542916965	0.006211903050715157	0.006425526349737266	0.003649576421112996	0.002978519086821561	0.0018361396755239242	0.004058154374100719	0.006776086737566312	0.006659673063778439	0.008046234320298546
HP206	166	0.000739792722859348	0.0007808872804364957	0.0004055850737084488	0.0003618762199119472	0.0003093649603157331	0.00027892620819599796	0.0	0.00037828782215510554	0.0008465264693909293	0.0003391062792273302	0.00033317085693341175	0.00660499927217271	0.006648395320115969	0.0003630580304594442	0.0004416678954091873	0.0008697869059192544	0.0009992407811263908	0.0008152904599327664	0.0007212796400732017	0.00042718952749107845	0.004282062889938854	0.0008630417342905996	0.0008867495318193638	0.0003996022270343718	0.0003117907488710333	0.0002198790725762789	0.004981890359816572	0.0006964186282487558	0.00025937058551214173	0.0021515978015970195	0.00038913742734441475	0.00103620632143286	0.000266855471402433	0.00635203165710031	0.000342246992410569	0.0003869423185230487	0.00026867324731517044	0.0004854182086316296	0.00038134965501764636	0.0006836824180608365	0.00036959248513094645	0.0004204426883772293	0.0003654263752860398	0.00037224554308138346	0.001746876782118428	0.0009236797222482633	0.0010872994814287373	0.00033095939331462406	0.0002625846981772896	0.003101268840275972	0.0006441554236396602	0.00024610878960763745	0.0003756769716249296	0.0004852603967621111	0.002623005054902942	0.0002923848591310068	0.0009025136166181787	0.0022394156571905206	0.0007247815341005364	0.0007760997253455487	0.0007780932406249334	0.007505034912639513	0.00044364288808416237	0.0002662978964118301	0.000356522582568961	0.0034486911925015983	0.00026467421404654113	0.0008232878346607967	0.0003657141222277345	0.005998062591923752	0.0048598718426174576	0.006723073511053396	0.005997915256879664	0.007185900029920941	0.006095560827574783	0.0065418918677350646	0.0037596763105563332	0.0029916324462284758	0.0019102562249885841	0.00414986401683479	0.00689245225556411	0.006776230638515684	0.008182719287117654
HP227	187	0.0006102969470445365	0.0006666391568643268	0.0003072943183509844	0.00010063158665059375	0.00011664666673883106	0.00018556258153816876	0.00037828782215510554	0.0	0.0007059533275882763	9.385861783669055e-05	0.00014215171168350496	0.006543257667607181	0.00660196332953191	4.737796300673718e-05	0.0003220020392217666	0.0008273407070721216	0.000851530201357713	0.0007567923768322152	0.0005742565044540982	0.0003175979025545387	0.0042982156436733214	0.0008340987880038228	0.0008387410113007337	0.0003105058659581528	0.0001418251168780334	0.00021061430404697236	0.004953751786678733	0.0008133344060853238	0.00020680674468778856	0.002197822308905459	0.00012689642684232577	0.001019158075422879	0.0002784908149324167	0.006323724425466179	0.00015886227414224256	9.86071071700152e-05	0.0001814261319329767	0.00046566344508640713	0.00011207734590550932	0.0007838711988479782	0.00035282176345930187	8.640174135157242e-05	0.00026665152957002934	5.443812564769415e-05	0.0018234690272032927	0.0007960111153446032	0.0010385026897799735	0.0001176744805116932	0.00026893354252696217	0.0031141882290432995	0.0005066856409821116	0.00020693812262415176	0.00014662762816845042	0.0005927907653990494	0.0026391503179975396	0.00020703138151187335	0.0008647719137597989	0.002316326113054197	0.0005746244070721216	0.0007257044787844758	0.0007016873545443596	0.007644602743044508	0.00024464112701130195	0.00023004383764849213	7.017745144865988e-05	0.0034648439462360656	0.00026480263191625247	0.0007975133457050483	9.472121079349995e-05	0.005969835283257018	0.004876024596351925	0.006693974064833736	0.005968147768966335	0.007202103344874245	0.006225764624428011	0.006513753294597226	0.0037130940631939597	0.0030077851999629427	0.0017208180143508296	0.004121832082567484	0.00686431368242627	0.006748054370776227	0.008120972102111686
HP236	196	0.00012526657188790586	0.000108772345831405	0.00048613930116195623	0.000631095836789526	0.0006123245120207669	0.0008147568668954307	0.0008465264693909293	0.0007059533275882763	0.0	0.0006447584714477298	0.0006527967171951585	0.006586239527093078	0.005900095207899676	0.0007227831203040803	0.0004105510168250474	0.0009351487954086224	0.00022565317104299092	0.00016763119093542	0.00014750936822400154	0.0004539186198729198	0.0038137673283729673	0.0008903696732570176	0.000931802411596187	0.0009789207331604344	0.0005880810565817836	0.0007634454554084954	0.004856468622795091	0.0009518297177552973	0.0007710641593423351	0.002131538634528126	0.0006463158532838782	0.0010700609863264262	0.0006866503460163352	0.006145583580105208	0.000579416843182955	0.0006978641981628833	0.0007884147263058168	0.0009335380188243267	0.0006951931901175386	0.001043384115416377	0.0009036426254717576	0.0007314267415623537	0.0009350759787778429	0.0006563842681804543	0.0017795467826012847	0.00031774852379713926	0.0011059427125182878	0.000588360865069771	0.0008300739373777106	0.0029733276736366825	0.00023557124093552483	0.0007205755108480878	0.0006226115209262778	0.000972223366197258	0.0024790878698203248	0.000842888471141143	0.0009501907138204527	0.002220443917431855	0.00017174773476042805	0.000960587635137958	0.0009701359696930718	0.007270623143942033	0.0005471226742803583	0.0007628923731708888	0.0006390180196438162	0.003267691054004999	0.0006998144076425677	0.0009495631410702261	0.0006745086129943486	0.005814068579395158	0.0044927280647614806	0.006589658336666375	0.0058479153645343085	0.0066664629432527	0.0063062934649766944	0.006414267293427787	0.0039447146428989366	0.0029620408672046193	0.0018975687908442712	0.004011332776822706	0.006490325258669143	0.00637423061882064	0.00803001692766365
HP241	201	0.0005227483418967586	0.0005824094204649434	0.0002230893233893557	5.558681881182523e-05	0.00011914184426770713	0.00018693946355542214	0.0003391062792273302	9.385861783669055e-05	0.0006447584714477298	0.0	0.0001231838188252324	0.0065004045009420044	0.006517760926610643	0.00010762559728891569	0.0002520818780166293	0.0007400813067494508	0.0008008456661837512	0.0006725465261804721	0.0005218718149459784	0.00022933278423369334	0.0042109825569078725	0.0007468382729990735	0.0007563481887145642	0.00034708409112645057	5.6692979991996676e-05	0.00019982793724489803	0.004889292115438223	0.0007741467920168065	0.00018395179346957906	0.002158702555126641	0.0001075647960352354	0.0009318986751002082	0.0002525144764152794	0.00625926034856141	0.00012876755601278912	8.100456634653846e-05	0.00018019876603927738	0.0004969115443677472	6.816562807122834e-05	0.0007487453839049226	0.00035002486706497016	0.0001329621614607297	0.0003032282020508202	5.726102418848812e-05	0.0017843431472693442	0.0007069767497548873	0.0009577070800202171	6.137609453024125e-05	0.00026782288720555666	0.0030269551422778505	0.0004351031303521409	0.00018718680101909003	7.600844310334597e-05	0.0005536031513305321	0.0025519546672683343	0.00022119090030011995	0.000777512513437128	0.0022772063592753798	0.000528528796582407	0.0006401172305454798	0.0006224453385754302	0.007580143071803999	0.00019404943586244397	0.00023192121605001897	6.322401345538217e-05	0.0033776108594706167	0.0002484489771708684	0.0007102539453823775	4.0331010654261914e-05	0.005905375612016509	0.004788791509586476	0.00662950930811396	0.005903688097725825	0.007114844260882538	0.006181793616991668	0.006449293623356714	0.0036551018877168944	0.0029205521131974942	0.0016799314443960206	0.004059316588092271	0.006799854011185761	0.006683589614056451	0.00807811893544651
HP244	204	0.0005572027723323889	0.0006102774621823476	0.0002276066782978381	0.0001610374444641136	0.00010113683524608398	0.0002410620752758319	0.00033317085693341175	0.00014215171168350496	0.0006527967171951585	0.0001231838188252324	0.0	0.0064613708647163134	0.006481806702313745	0.0001284097537000416	0.00026329681064319314	0.0007501042057717316	0.0008051340271026861	0.0006770401385054912	0.000526127148754069	0.00028311946437226777	0.004156296082214354	0.0007343446155686757	0.0007220134048082658	0.00039968575483496384	0.0001352713715663286	0.00023600216724933842	0.004820587628101159	0.0007674079796167449	0.0002517542145872004	0.0021132631527375568	0.000197288780077666	0.0009283867323974201	0.00025267666690633513	0.0061905558612243465	0.00015614187367210156	0.0001382977801151658	0.0002577648505133501	0.00044894121460447743	0.00015343303027644462	0.000733812080122769	0.00034695721072183387	0.0001698783095946578	0.000355827358178816	0.00012902143841152334	0.001715373118115428	0.0007430405732719815	0.0009411948459749751	0.00010506916024552733	0.00026616452212753673	0.002993189908929904	0.0004535615078278016	0.00023851770650315838	0.00019919226192857838	0.0005527740597506063	0.002520054701943416	0.00026529580834157296	0.0007449592886059995	0.0022116433815126332	0.0005327439620286086	0.000652496609086531	0.0006675651495476203	0.007511438584466935	0.00026111977479608567	0.00028246681685330406	8.932542052396021e-05	0.0033238080885105797	0.00023348251942785422	0.000700222996395819	0.00014950657344952193	0.005836671124679446	0.00473404746620288	0.006560774050299376	0.005854323846005946	0.007060116154187039	0.006135935459148428	0.006380589136019652	0.0036160848996826156	0.002865808069813898	0.0016527093110525156	0.00398866792398991	0.0067311495238486976	0.0066148543562418675	0.00803908529922082
HP273	233	0.006577284261444536	0.006554649229565857	0.006506195872030439	0.006526409192356499	0.006476557268038844	0.006468624338967215	0.00660499927217271	0.006543257667607181	0.006586239527093078	0.0065004045009420044	0.0064613708647163134	0.0	0.004082354472737017	0.0065217794636170745	0.006500674817622185	0.006883619655454708	0.00679046650063334	0.006528254326540575	0.006597873925110001	0.006503150365467815	0.004300799392815907	0.006836617676674103	0.006914917262036784	0.006457491294349367	0.006492076632274538	0.006473265851392185	0.002668382444172627	0.006830173432282516	0.006529393857024869	0.007941357604743123	0.006568360988890801	0.006964616505207737	0.006592879002005418	0.0010429775724786266	0.006537279048521456	0.006555565294619476	0.006513145347229972	0.006422712819339363	0.006551575827192505	0.006886640447783282	0.006409787805549131	0.006588280479107992	0.006495786700651889	0.006530783319292686	0.006319673926750492	0.006769014246050047	0.007037758591601566	0.006527062297264989	0.006438254670771742	0.00533965888533532	0.00657160073785897	0.0065384821509618385	0.006528889614691307	0.006790452356189395	0.006870113092657166	0.006469646024751528	0.0068937539468462514	0.008027426183913914	0.006606933713609034	0.006887216335743638	0.006910957837091756	0.001975526226491379	0.006627398842035432	0.006464826137595153	0.006544195859635481	0.004967023227317299	0.006492775753563053	0.006874528159780481	0.006498894788326959	0.002421837746457766	0.0042304056919952124	0.0015488094094817909	0.0021410428230829387	0.0023355705140866326	0.0035459987886286284	0.002200534693854814	0.0034238901671741727	0.005296601843601891	0.005738013640377886	0.004023926388503517	0.0015129348701815603	0.002053475727101749	0.0022077024882982987
HP286	246	0.006001555587234894	0.005935521672610623	0.0062947928767707086	0.00652180151743436	0.006495486051050421	0.006595459386984794	0.006648395320115969	0.00660196332953191	0.005900095207899676	0.006517760926610643	0.006481806702313745	0.004082354472737017	0.0	0.006598637060894358	0.006280074765952836	0.006602441771687651	0.005988094982640043	0.005859936139205683	0.006044083891016407	0.00628862131222489	0.0029693416397716713	0.0065643908007104335	0.006577293944285997	0.006809714690166066	0.006465879853641457	0.006585546079881953	0.0033620979433041038	0.006742631388055222	0.0066122499232485745	0.006270484805835643	0.0065447348609174085	0.006591310640434419	0.006509717223401896	0.004078735041416132	0.0064778822961218865	0.0065963106523409375	0.006625628051912906	0.006815745870878352	0.006569782200960384	0.006781877751916546	0.0067795660452724515	0.006616058790504201	0.0067706670636154456	0.0065548303783365515	0.005385463670614229	0.006021720938652874	0.006411796500092744	0.006486824808010955	0.006670952180677288	0.004185028059778054	0.006127789365246099	0.006568121776505203	0.0064699654788367015	0.0068008040826630645	0.005368407198420091	0.006672780372889156	0.0065606793329946594	0.006399761553568592	0.006070306398222517	0.006716114156141926	0.0066796066505802314	0.004201184986242952	0.00644681857708874	0.0065603521059899444	0.006531853580982393	0.004165125329984002	0.006546454284213686	0.006604677795835211	0.006539523105292117	0.0033705261179961077	0.0034903161177698063	0.0036799251559295563	0.0033118835015150073	0.003903222826391194	0.0034232989549012943	0.003353942330012364	0.004410535138194042	0.004364479902325677	0.005856155041320114	0.003799269324495142	0.0040055241376094255	0.0031837431069383125	0.005036370295532465
HP316	276	0.0006271181581132453	0.0006802123343600896	0.00030402924694877955	0.00013821098093288938	0.00011046351146458607	0.00016504231494597835	0.0003630580304594442	4.737796300673718e-05	0.0007227831203040803	0.00010762559728891569	0.0001284097537000416	0.0065217794636170745	0.006598637060894358	0.0	0.0003235400841290164	0.0008258038021281095	0.0008684517743033742	0.0007534614153061224	0.0005911347767607043	0.0003345194755002	0.004284439615141166	0.0008204720678069968	0.0008251154057859862	0.00031622909065626235	0.0001586843120948379	0.0001932926662865147	0.004917077388797566	0.000806959363235294	0.00019286986850322127	0.002181680326345128	0.00016308584287099927	0.001008024593160955	0.00027275373096135306	0.0062870456219207525	0.0001757640622724593	0.000121848731822729	0.0001786527903978622	0.00043053947805122064	0.00012806383132252887	0.0007677974489151153	0.00031773452541068666	0.00010028725450468226	0.00027236846016406537	9.178798073200661e-05	0.0018073899402836797	0.0008129236427610075	0.0010248770842652259	0.00013453267656307556	0.0002386542950386899	0.0031004251043298017	0.0005235035868247301	0.00019839849712753333	0.00017634609665678394	0.0005847992713685476	0.0026254511428685746	0.00019525114634853943	0.0008511463082450513	0.0023001841304938673	0.0005914555496261684	0.000712112350547803	0.0007066379632953183	0.007607928345163341	0.00026719972953435505	0.0002367220093573419	8.8139362765106e-05	0.0034510679177039106	0.00023943412752100847	0.0007838877401903007	0.00012620264339735884	0.005933160885375852	0.00486224856781977	0.006657282628292032	0.005931473371085167	0.007188353456210669	0.006221526341851612	0.006477078896716058	0.0036764732535932445	0.0029940091714307877	0.0017268838378947577	0.004085157684686317	0.0068276392845451036	0.006711362934234523	0.00809949389812158
HP335	295	0.0003037745359530457	0.0003707423032897666	7.759209271932516e-05	0.00024180297108003542	0.00021567491085893196	0.00042209333628855165	0.0004416678954091873	0.0003220020392217666	0.0004105510168250474	0.0002520818780166293	0.00026329681064319314	0.006500674817622185	0.006280074765952836	0.0003235400841290164	0.0	0.0006129010596879063	0.0005707379314179825	0.00043491621717631115	0.00030376052089089187	8.485494563971729e-05	0.004103510050649651	0.0005981810714173981	0.0006247379155680327	0.0005919593432913528	0.00019543383303863822	0.00037643954861348174	0.004869506085198289	0.0006303465620424351	0.00038402192600744023	0.0020030963739949854	0.0002647604629130482	0.0007830879343905693	0.000296387126443628	0.006239619491816084	0.0002091132043713116	0.0003163126116004362	0.0004013471849369049	0.0005448687964002007	0.0003008865766672971	0.0007154446257494767	0.0005006368800507547	0.0003361109322306505	0.0005480569182813486	0.00027483939523857177	0.0016287047005210291	0.0004895451042712811	0.0008026951019426606	0.00021402873197927074	0.00042530097138531765	0.0028898439473986045	0.0002231388946696964	0.0003335226644666697	0.00022988252742822858	0.000570599001352831	0.0024034950109754327	0.00044541019431494405	0.0006428713706599601	0.002121600178143724	0.00031303645197559263	0.0006270353813418191	0.0006487419312068659	0.007560357546642844	0.0001801355402761471	0.0003758724042301877	0.00026305784465734886	0.0032291753695730665	0.00031676533535841367	0.0006175422518339793	0.00028181802430514484	0.005885605408630487	0.004640356019688926	0.006609869131183641	0.005893622404253419	0.0069662619098737446	0.0061534617837738755	0.006429507593116781	0.0036553834579300896	0.0027721166232999436	0.0016625448974688947	0.004037586381087039	0.006780067980945827	0.006663949437126133	0.008078479259311908
HP104	64	0.0008297321478585882	0.0008265972349175386	0.0006327063167639638	0.0007556129023516642	0.0007357256331605221	0.0008728642308192518	0.0008697869059192544	0.0008273407070721216	0.0009351487954086224	0.0007400813067494508	0.0007501042057717316	0.006883619655454708	0.006602441771687651	0.0008258038021281095	0.0006129010596879063	0.0	0.0009577841551664729	0.0008711706096365182	0.0008144147753295766	0.0005883691918378765	0.004081485993463795	0.00010615944909242258	9.392225639075288e-05	0.0009787841212954421	0.0007133371343404872	0.0008401518338604682	0.0048780038493286566	0.00023810324562508915	0.0008623982219448206	0.0015278692188794595	0.0008124248316693369	0.00024797789166994266	0.0008728817505201224	0.006618651725021926	0.000729922720156047	0.0008023069806189988	0.0008756513256566763	0.0009514818091118852	0.0007838735219355252	0.00026185832724084896	0.0009129002938410598	0.0008582418220260108	0.0009656553872818366	0.0007972258561668501	0.0015027163259551056	0.0008338756813344001	0.0002628544290573045	0.0007351063081799336	0.0008496048075586416	0.0027461512864299436	0.0008143201756232622	0.0008369794298387675	0.0007422369751925577	0.00046323921255711454	0.0021292663049761107	0.0008962545151229732	7.885235228460163e-05	0.0016164626309949411	0.0008599523103431028	0.000137753971977372	0.00012578190334143957	0.007939208073461781	0.0007707979143706874	0.0008664207376031429	0.0007694552821457801	0.0032211398835463806	0.0007846058305853291	6.664012984093332e-05	0.0007626781303688988	0.005783204687239705	0.004487906566348238	0.006989187849689193	0.005941598900079498	0.006878041074116964	0.005797104873380962	0.0063289784530789605	0.003635013185648471	0.0026908730604764597	0.002251101834263915	0.004097666901992519	0.006650789084887587	0.0070472025855233544	0.008197439637218203
HP111	71	0.0002783094168839031	0.00024943466763497566	0.0006462562547990692	0.0007789078641712252	0.0007581459386729599	0.0009675850524317259	0.0009992407811263908	0.000851530201357713	0.00022565317104299092	0.0008008456661837512	0.0008051340271026861	0.00679046650063334	0.005988094982640043	0.0008684517743033742	0.0005707379314179825	0.0009577841551664729	0.0	0.00026248768391454234	0.00027912711500315094	0.0006123761715311328	0.004038879907893947	0.0009130008692646322	0.0009544226071835916	0.0011277853263535569	0.0007450358355953539	0.0009162742812355098	0.005060416023759714	0.001079776794578783	0.0009084697544072037	0.002147166902062346	0.0007715482419109555	0.001092570489758894	0.0008034007788894447	0.0063710459801806785	0.0007047412588999202	0.0008343217911045852	0.0009298350111155578	0.0010793570728266214	0.0008552135441371638	0.0011401194411143145	0.0010566887869334668	0.0008769310555220629	0.0010814418952449513	0.0007971371613633907	0.0018920379408804405	0.00012889501315731786	0.0011286278459629816	0.0007435049551475739	0.0009830543859829916	0.0030949840277985194	0.000375572280618031	0.0008628153232816409	0.0007705520438053728	0.0011245662775313668	0.0025020411015346227	0.000995850935642642	0.000972817744411165	0.002236094006769025	0.00029724176927510066	0.001024898360150075	0.0010003459956528776	0.007495934891570084	0.0006214131047423712	0.0009019492750575289	0.0007846358976565534	0.0034701388674368582	0.000852715509720011	0.0009721833366576305	0.0008144215451778211	0.006039530979470628	0.004597801016286612	0.006793940173024199	0.006070468856794308	0.006891575522773681	0.006329139778057377	0.006618211482570479	0.004104781874919482	0.003122090655798119	0.0020253232252126067	0.004215255985703745	0.006715589535100694	0.0065996930188961115	0.00825547932773912
HP115	75	0.00015625265797318926	0.00010092453167876454	0.00046412843586434566	0.0006766261872940451	0.000650330626110444	0.00079965661272509	0.0008152904599327664	0.0007567923768322152	0.00016763119093542	0.0006725465261804721	0.0006770401385054912	0.006528254326540575	0.005859936139205683	0.0007534614153061224	0.00043491621717631115	0.0008711706096365182	0.00026248768391454234	0.0	0.0001987830548119248	0.0004434266645758305	0.003826207384521036	0.0008048347350739092	0.0008829320319733953	0.0009694999473789515	0.0006206782166966788	0.0007540266697879151	0.004807935803798985	0.0009050358116546619	0.0007672078244165161	0.002040548359834759	0.000699607585453561	0.0009646291034147938	0.0006502081068284261	0.006158045129872832	0.0006327000076814702	0.0007511264634153664	0.0007805858871478816	0.0009707915734093636	0.0007245934762204882	0.0009547988275013184	0.0009346005528307231	0.0007709161931544453	0.0009256310380152058	0.0007096541190448792	0.00170101572370072	0.0002797527944659327	0.0010595413954324559	0.0006416231303222539	0.0008259731857752025	0.0028331932709174273	0.00028253012109843924	0.0007230784999242698	0.0006247900482336358	0.0009569318082232894	0.0023247901714181533	0.0008277894920868346	0.0008807182348766406	0.0021294536427384886	0.00022501620515097897	0.0009150169011369408	0.0009126940785814324	0.007283070680763386	0.0005873035134382578	0.0007534949194692245	0.0006866584400560224	0.0032081310787825993	0.0007014401867046817	0.000856046914563556	0.0006943252963985594	0.005826530129162781	0.004452725265440472	0.00653872049787043	0.005857618867603649	0.006678902999400769	0.006151939873043235	0.006366376217729834	0.0038429888262045265	0.0028602976070831636	0.0018770190445277484	0.0040390418072563114	0.006502765314817213	0.0064269703503951675	0.008081188510396171
HP127	87	5.702618625450175e-05	0.0001105436815640421	0.00037297491272508994	0.0005000412396553879	0.0004808370220788314	0.0006895092541516605	0.0007212796400732017	0.0005742565044540982	0.00014750936822400154	0.0005218718149459784	0.000526127148754069	0.006597873925110001	0.006044083891016407	0.0005911347767607043	0.00030376052089089187	0.0008144147753295766	0.00027912711500315094	0.0001987830548119248	0.0	0.00033345332735094035	0.0039346395458755784	0.0007696314894277361	0.000811045121773909	0.0008496643969287714	0.0004660458602841137	0.00063822567510004	0.004916367965153527	0.0008246415643857541	0.0006320626712902721	0.0020142197607338555	0.0005008549219913169	0.0009493220989099163	0.0005879873577515756	0.006266412212796	0.0004339641317476946	0.0005619512383353342	0.0006518046819410055	0.0008020568860444177	0.00057631222494998	0.0009161766876796725	0.0007785632676998833	0.0005996965196223978	0.0008033350815826328	0.0005198313278526266	0.001671049986649911	0.000233239414888341	0.000985208692439242	0.00046451654051578105	0.000704912375845809	0.002921676552319027	0.0001046627215486192	0.0005847676250225462	0.0004916499226960114	0.0008469608681172468	0.002398301295209277	0.000717720113705482	0.0008294483645742689	0.002125836629932616	5.068492947363684e-05	0.0008398251345903174	0.0008493851057022809	0.007391486536789992	0.00045302483596866555	0.0006239486680986762	0.0005072805159963985	0.0032777506773520267	0.0005746455173669466	0.000828811004678852	0.000541922331722689	0.005934901066072666	0.004611636767971484	0.006647087580793599	0.005966051028958191	0.00678733516075531	0.006269635644412402	0.006474808379084376	0.0038387886393885973	0.00288334399413334	0.0018695681514117293	0.004095009861173286	0.006611197476171754	0.006495059251511433	0.008150845560354442
HP130	90	0.00033437799415766316	0.0003706889205480254	7.437921132452983e-05	0.0002332832274808402	0.00023141131571628628	0.00039468230919367727	0.00042718952749107845	0.0003175979025545387	0.0004539186198729198	0.00022933278423369334	0.00028311946437226777	0.006503150365467815	0.00628862131222489	0.0003345194755002	8.485494563971729e-05	0.0005883691918378765	0.0006123761715311328	0.0004434266645758305	0.00033345332735094035	0.0	0.004114823901717915	0.0005906527793493496	0.000644082206230595	0.0005572760846838734	0.00017747589837935172	0.0003433709423869547	0.004880819936266554	0.0006324577752500999	0.0003493379920566416	0.0020171434251946684	0.0002562542811277397	0.0007706402142358627	0.0003020475982521482	0.006250899052599944	0.0002094954951753022	0.00030778325512204887	0.0003666632509861062	0.0005630410432873148	0.00028448139915966393	0.0006765695237973535	0.0005116162714219384	0.00034302634700746266	0.0005133718608743496	0.0002663766250650855	0.0016428128819342717	0.000516780877464831	0.0008350988125930463	0.00021600072561985364	0.0004100834678188724	0.00286872471285343	0.0002781308160664266	0.00029883873051587105	0.00018144835385372206	0.0005576749316426569	0.0023911326813939844	0.0004228806925970386	0.0006415796388263532	0.002135647229343407	0.00034014943590152184	0.0006017372261320025	0.0005824635069027611	0.007571670892632329	0.00019251024035817527	0.0003411873468231884	0.0002707180724989994	0.0032168993973857836	0.00030143159643857524	0.0005727711838946286	0.00025108867311924763	0.00589690343284484	0.004628080047501643	0.006621148691967502	0.005896092992963793	0.0069675195165976485	0.006120807848974227	0.006440821444185046	0.003657854046640463	0.00277400184630358	0.0017065020497761658	0.004070090096795753	0.006791381832014091	0.006684232936919778	0.008088356307040913
HP136	96	0.003900303766223717	0.0038419236243865604	0.004113862964102868	0.004226742490178998	0.004201557315521317	0.004258527368442486	0.004282062889938854	0.0042982156436733214	0.0038137673283729673	0.0042109825569078725	0.004156296082214354	0.004300799392815907	0.0029693416397716713	0.004284439615141166	0.004103510050649651	0.004081485993463795	0.004038879907893947	0.003826207384521036	0.0039346395458755784	0.004114823901717915	0.0	0.004017041410475238	0.004095214552816408	0.0044085352876345315	0.004184225516251611	0.00426156636209995	0.0023213633334536	0.0040233733052419856	0.004302963024502251	0.004217115686595305	0.004283433135057529	0.004158630754046924	0.004304741015167584	0.0036913920096983727	0.004193690035210783	0.004273355038460495	0.004312359118129065	0.004372331095697757	0.004254942666511715	0.00411268991237114	0.004359819381990995	0.004325923394534236	0.004400270499394868	0.004268115204971711	0.002709216623501751	0.0041054037000844805	0.003980076065632816	0.00420286742112056	0.004299972131275639	0.0016859597905880424	0.0039331695870920644	0.004284004404742372	0.004213343641492668	0.0039955213818806306	0.0031632346362458247	0.004335669284718997	0.004086892103156454	0.004285492647607914	0.003919355503185411	0.004101173948884442	0.004140904545936253	0.004367599128497901	0.004262254656658329	0.004263238156578289	0.004233138763620558	0.0016548648112361549	0.004230595421053531	0.004074889603174027	0.004233510979226801	0.002369679231735233	0.0016873532335048452	0.003677249505769806	0.002431754388210636	0.0037123695731810557	0.0032350378782515076	0.002878201700852465	0.0017685956124776888	0.0015802597966794998	0.0039387316662731365	0.0013964943888975854	0.0035632646428080846	0.0031492561976533607	0.004853303026490407
HP139	99	0.0007849488619567477	0.0007818139490156979	0.0006227043406919998	0.0007623938542388328	0.0007376679291515344	0.0008773213399059375	0.0008630417342905996	0.0008340987880038228	0.0008903696732570176	0.0007468382729990735	0.0007343446155686757	0.006836617676674103	0.0065643908007104335	0.0008204720678069968	0.0005981810714173981	0.00010615944909242258	0.0009130008692646322	0.0008048347350739092	0.0007696314894277361	0.0005906527793493496	0.004017041410475238	0.0	0.00011876675072536263	0.000983246238185249	0.0007200941005901101	0.0008446119476290268	0.004813492853133495	0.0002813696425767437	0.0008668412525662832	0.001501993799805855	0.0008191817979189596	0.00025854421056708865	0.0008604237257728864	0.006554067083423922	0.0007294647622684285	0.0008090800284550932	0.000880094356278139	0.0009497044156041166	0.0007906455682109954	0.000306871157782911	0.0009135187971885943	0.0008617570060123353	0.0009700984179032992	0.000803982822416473	0.0014548980110655329	0.0008171996030343358	0.0003106672667033516	0.0007387034817408706	0.0008411843084342172	0.0026992373667163666	0.0007694920847058472	0.0008414224604602301	0.0007489939414421808	0.0005348314872959429	0.0020927967818084037	0.0009006975457444359	0.0001352752191415362	0.0016155888324825027	0.0008151690244412622	0.00019555221004502246	0.00019715754123427566	0.007874623431863778	0.0007776653049924964	0.0008708778378689345	0.0007690203410562965	0.00316955108048901	0.0007802534769969368	0.0001063024258900894	0.0007694350966185216	0.005718693691044545	0.004423429096094297	0.006924603208091188	0.005894680432260867	0.006846008331863214	0.005855261041834451	0.006319144764149888	0.0035880947178298407	0.0026570061357222554	0.002214737506323162	0.004042085171763306	0.006586278088692427	0.006984951534945938	0.008152844894861028
