23
386        0.0000000 0.0344330 0.0708153 0.1574588 0.1574588 0.2656964 0.2466547 0.3154582 0.2683820 0.2016495 0.0344330 0.2016495 0.0708153 0.2683820 0.0746521 0.1696902 0.1155717 0.2179709 0.1155717 0.2656964 0.1574588 0.2466547 0.0344330 
147        0.0344330 0.0000000 0.0344330 0.2016495 0.2016495 0.3154582 0.2915640 0.3639296 0.3189064 0.2466547 0.0708153 0.2466547 0.1090127 0.3189064 0.1155717 0.2188446 0.0746521 0.2683820 0.1586132 0.3154582 0.2016495 0.2915640 0.0708153 
149        0.0708153 0.0344330 0.0000000 0.1574588 0.2466547 0.3639296 0.3354267 0.3154582 0.2683820 0.2915640 0.0344330 0.2016495 0.0708153 0.2683820 0.0746521 0.2693549 0.0361075 0.2179709 0.1155717 0.3639296 0.2466547 0.2466547 0.1090127 
1190       0.1574588 0.2016495 0.1574588 0.0000000 0.0708153 0.1574588 0.1487482 0.1148170 0.0746521 0.1090127 0.1148170 0.0344330 0.0742171 0.0746521 0.1689658 0.1592503 0.2179709 0.0361075 0.1223044 0.1574588 0.0708153 0.0708153 0.1148170 
1833       0.1574588 0.2016495 0.2466547 0.0708153 0.0000000 0.0742171 0.0708153 0.1148170 0.0746521 0.0344330 0.2016495 0.0344330 0.1574588 0.0746521 0.2683820 0.0749745 0.3189064 0.1155717 0.2179709 0.0742171 0.0000010 0.0708153 0.1148170 
1834       0.2656964 0.3154582 0.3639296 0.1574588 0.0742171 0.0000000 0.1574588 0.1090127 0.1689658 0.1148170 0.3154582 0.1148170 0.2656964 0.1689658 0.4059308 0.1696902 0.4578525 0.2179709 0.3503432 0.0708153 0.0742171 0.1574588 0.2159971 
1835       0.2466547 0.2915640 0.3354267 0.1487482 0.0708153 0.1574588 0.0000000 0.2016495 0.1586132 0.0341847 0.2915640 0.1090127 0.2466547 0.1586132 0.3681243 0.1592503 0.4147972 0.2032821 0.3189064 0.1574588 0.0708153 0.1487482 0.2016495 
1836       0.3154582 0.3639296 0.3154582 0.1148170 0.1148170 0.1090127 0.2016495 0.0000000 0.1223044 0.1574588 0.2656964 0.0742171 0.2159971 0.1223044 0.3503432 0.2188446 0.4059308 0.1689658 0.2929651 0.0344330 0.1148170 0.1148170 0.2656964 
1837       0.2683820 0.3189064 0.2683820 0.0746521 0.0746521 0.1689658 0.1586132 0.1223044 0.0000000 0.1155717 0.2179709 0.0361075 0.1689658 0.0790059 0.2965590 0.1710945 0.3550779 0.1231884 0.2385410 0.1689658 0.0746521 0.0746521 0.2179709 
1838       0.2016495 0.2466547 0.2915640 0.1090127 0.0344330 0.1148170 0.0341847 0.1574588 0.1155717 0.0000000 0.2466547 0.0708153 0.2016495 0.1155717 0.3189064 0.1160574 0.3681243 0.1586132 0.2683820 0.1148170 0.0344330 0.1090127 0.1574588 
1080       0.0344330 0.0708153 0.0344330 0.1148170 0.2016495 0.3154582 0.2915640 0.2656964 0.2179709 0.2466547 0.0000000 0.1574588 0.0344330 0.2179709 0.0361075 0.2188446 0.0746521 0.1689658 0.0746521 0.3154582 0.2016495 0.2016495 0.0708153 
57         0.2016495 0.2466547 0.2016495 0.0344330 0.0344330 0.1148170 0.1090127 0.0742171 0.0361075 0.0708153 0.1574588 0.0000000 0.1148170 0.0361075 0.2179709 0.1160574 0.2683820 0.0746521 0.1689658 0.1148170 0.0344330 0.0344330 0.1574588 
1083       0.0708153 0.1090127 0.0708153 0.0742171 0.1574588 0.2656964 0.2466547 0.2159971 0.1689658 0.2016495 0.0344330 0.1148170 0.0000000 0.1689658 0.0746521 0.1696902 0.1155717 0.1223044 0.0361075 0.2656964 0.1574588 0.1574588 0.0344330 
68         0.2683820 0.3189064 0.2683820 0.0746521 0.0746521 0.1689658 0.1586132 0.1223044 0.0790059 0.1155717 0.2179709 0.0361075 0.1689658 0.0000000 0.1568349 0.1710945 0.2009017 0.0342906 0.1143412 0.1689658 0.0746521 0.0746521 0.2179709 
1868       0.0746521 0.1155717 0.0746521 0.1689658 0.2683820 0.4059308 0.3681243 0.3503432 0.2965590 0.3189064 0.0361075 0.2179709 0.0746521 0.1568349 0.0000000 0.2977204 0.0342906 0.1143412 0.0342906 0.4059308 0.2683820 0.2683820 0.1155717 
1869       0.1696902 0.2188446 0.2693549 0.1592503 0.0749745 0.1696902 0.1592503 0.2188446 0.1710945 0.1160574 0.2188446 0.1160574 0.1696902 0.1710945 0.2977204 0.0000000 0.3562564 0.2208869 0.2395848 0.1696902 0.0749745 0.1592503 0.1228505 
1870       0.1155717 0.0746521 0.0361075 0.2179709 0.3189064 0.4578525 0.4147972 0.4059308 0.3550779 0.3681243 0.0746521 0.2683820 0.1155717 0.2009017 0.0342906 0.3562564 0.0000000 0.1568349 0.0705282 0.4578525 0.3189064 0.3189064 0.1586132 
1871       0.2179709 0.2683820 0.2179709 0.0361075 0.1155717 0.2179709 0.2032821 0.1689658 0.1231884 0.1586132 0.1689658 0.0746521 0.1223044 0.0342906 0.1143412 0.2208869 0.1568349 0.0000000 0.0739011 0.2179709 0.1155717 0.1155717 0.1689658 
1877       0.1155717 0.1586132 0.1155717 0.1223044 0.2179709 0.3503432 0.3189064 0.2929651 0.2385410 0.2683820 0.0746521 0.1689658 0.0361075 0.1143412 0.0342906 0.2395848 0.0705282 0.0739011 0.0000000 0.3503432 0.2179709 0.2179709 0.0746521 
985        0.2656964 0.3154582 0.3639296 0.1574588 0.0742171 0.0708153 0.1574588 0.0344330 0.1689658 0.1148170 0.3154582 0.1148170 0.2656964 0.1689658 0.4059308 0.1696902 0.4578525 0.2179709 0.3503432 0.0000000 0.0742171 0.1574588 0.2159971 
347        0.1574588 0.2016495 0.2466547 0.0708153 0.0000010 0.0742171 0.0708153 0.1148170 0.0746521 0.0344330 0.2016495 0.0344330 0.1574588 0.0746521 0.2683820 0.0749745 0.3189064 0.1155717 0.2179709 0.0742171 0.0000000 0.0708153 0.1148170 
118        0.2466547 0.2915640 0.2466547 0.0708153 0.0708153 0.1574588 0.1487482 0.1148170 0.0746521 0.1090127 0.2016495 0.0344330 0.1574588 0.0746521 0.2683820 0.1592503 0.3189064 0.1155717 0.2179709 0.1574588 0.0708153 0.0000000 0.2016495 
126        0.0344330 0.0708153 0.1090127 0.1148170 0.1148170 0.2159971 0.2016495 0.2656964 0.2179709 0.1574588 0.0708153 0.1574588 0.0344330 0.2179709 0.1155717 0.1228505 0.1586132 0.1689658 0.0746521 0.2159971 0.1148170 0.2016495 0.0000000 
