6
HP04	50	0	0.03440334320451826	0.33130517394909687	0.08901868938849736	0.033016689776037896	0.3589277016501732
HP05	51	0.03440334320451826	0	0.3313051739490967	0.09385036936800398	0.010905287729578208	0.358927701650173
HP07	53	0.33130517394909687	0.3313051739490967	0	0.3897594250834411	0.3323234114332886	0.0665237691284475
HP11	57	0.08901868938849736	0.09385036936800398	0.3897594250834411	0	0.09386181630136525	0.39677952406141626
HP12	58	0.033016689776037896	0.010905287729578208	0.3323234114332886	0.09386181630136525	0	0.35892770165017307
HP14	60	0.3589277016501732	0.358927701650173	0.0665237691284475	0.39677952406141626	0.35892770165017307	0
