HP01	47	0.0	0.0012160704540157396	0.0004462666584480055	0.028782859700481982	0.005230105510195934	5.263908534267136e-05	0.0011670928298062292	0.0004498608080340171	0.03071657312759147	0.003434436926870941	0.026828708358609708	0.02675817536985963
HP02	48	0.0012160704540157396	0.0	0.0016506020069285924	0.028823570208519264	0.0059974597170864416	0.001266344828683073	8.801026375951457e-05	0.0016588963295835234	0.03005155332908817	0.0042549263383749114	0.02728775266497105	0.02721721967622097
HP03	49	0.0004462666584480055	0.0016506020069285924	0.0	0.02913329372944363	0.0050694447682691395	0.0004009322894827426	0.0016016243827190822	1.4462000814971283e-05	0.031150609305759813	0.003356717309673806	0.02666804488634749	0.026597511897597417
HP05	51	0.028782859700481982	0.028823570208519264	0.02913329372944363	0.0	0.024379806833425166	0.028810314265743535	0.02876871136897339	0.029133508631380606	0.00338332600517494	0.025843683625258455	0.005412098907063011	0.005653310746887559
HP07	53	0.005230105510195934	0.0059974597170864416	0.0050694447682691395	0.024379806833425166	0.0	0.0052173294694355535	0.005948565874814938	0.005061624413788359	0.026507229376637305	0.0017972382431788616	0.021651908626113704	0.021581375637363624
HP08	54	5.263908534267136e-05	0.001266344828683073	0.0004009322894827426	0.028810314265743535	0.0052173294694355535	0.0	0.0012173714344068795	0.0004026228052926463	0.030766803161388367	0.0034216725827271926	0.026815932317849327	0.02674539932909925
HP09	55	0.0011670928298062292	8.801026375951457e-05	0.0016016243827190822	0.02876871136897339	0.005948565874814938	0.0012173714344068795	0.0	0.001609918705374013	0.029996673169278246	0.0042059487141654014	0.02723287250516112	0.027162339516411043
HP10	56	0.0004498608080340171	0.0016588963295835234	1.4462000814971283e-05	0.029133508631380606	0.005061624413788359	0.0004026228052926463	0.001609918705374013	0.0	0.031158894240718035	0.003356925688457052	0.026660219651065936	0.02658968666231586
HP12	58	0.03071657312759147	0.03005155332908817	0.031150609305759813	0.00338332600517494	0.026507229376637305	0.030766803161388367	0.029996673169278246	0.031158894240718035	0.0	0.027914034872323426	0.007987682128378368	0.008264649767808517
HP14	60	0.003434436926870941	0.0042549263383749114	0.003356717309673806	0.025843683625258455	0.0017972382431788616	0.0034216725827271926	0.0042059487141654014	0.003356925688457052	0.027914034872323426	0.0	0.02344504506829166	0.023374512079541585
HP06	52	0.026828708358609708	0.02728775266497105	0.02666804488634749	0.005412098907063011	0.021651908626113704	0.026815932317849327	0.02723287250516112	0.026660219651065936	0.007987682128378368	0.02344504506829166	0.0	0.00036108055379599014
HP13	59	0.02675817536985963	0.02721721967622097	0.026597511897597417	0.005653310746887559	0.021581375637363624	0.02674539932909925	0.027162339516411043	0.02658968666231586	0.008264649767808517	0.023374512079541585	0.00036108055379599014	0.0
