18
1          0.0000000 0.0115138 0.0077159 0.0078634 0.0236313 0.0078556 0.0038120 0.0076465 0.0114921 0.0196331 0.0039199 0.0236381 0.0231487 0.0197453 0.0236313 0.0038265 0.0118224 0.0118224 
3809       0.0115138 0.0000000 0.0038432 0.0198570 0.0358069 0.0198371 0.0076465 0.0038087 0.0076322 0.0317309 0.0158374 0.0358177 0.0192162 0.0319139 0.0358069 0.0154569 0.0238845 0.0238845 
3810       0.0077159 0.0038432 0.0000000 0.0159711 0.0319996 0.0159550 0.0038432 0.0000010 0.0038360 0.0279135 0.0119418 0.0320091 0.0154534 0.0280753 0.0319996 0.0116535 0.0200110 0.0200110 
1156       0.0078634 0.0198570 0.0159711 0.0000000 0.0158198 0.0078701 0.0118309 0.0158225 0.0158225 0.0118289 0.0039271 0.0158242 0.0319454 0.0158356 0.0158198 0.0039416 0.0118442 0.0118442 
3811       0.0236313 0.0358069 0.0319996 0.0158198 0.0000000 0.0077974 0.0276538 0.0317009 0.0317009 0.0038560 0.0118291 0.0077357 0.0480032 0.0077769 0.0077336 0.0197421 0.0118327 0.0117346 
1158       0.0078556 0.0198371 0.0159550 0.0078701 0.0077974 0.0000000 0.0118191 0.0158067 0.0158067 0.0038871 0.0039233 0.0077996 0.0319126 0.0078051 0.0077974 0.0039377 0.0039244 0.0038920 
329        0.0038120 0.0076465 0.0038432 0.0118309 0.0276538 0.0118191 0.0000000 0.0038087 0.0076322 0.0236313 0.0078635 0.0276619 0.0192162 0.0237667 0.0276538 0.0076760 0.0158112 0.0158112 
332        0.0076465 0.0038087 0.0000010 0.0158225 0.0317009 0.0158067 0.0038087 0.0000000 0.0038017 0.0276538 0.0118311 0.0317103 0.0153140 0.0278127 0.0317009 0.0115480 0.0198243 0.0198243 
1402       0.0114921 0.0076322 0.0038360 0.0158225 0.0317009 0.0158067 0.0076322 0.0038017 0.0000000 0.0276538 0.0118311 0.0317103 0.0191795 0.0278127 0.0317009 0.0154276 0.0198243 0.0198243 
848        0.0196331 0.0317309 0.0279135 0.0118289 0.0038560 0.0038871 0.0236313 0.0276538 0.0276538 0.0000000 0.0078623 0.0038560 0.0438676 0.0038769 0.0038560 0.0157459 0.0078646 0.0077996 
18         0.0039199 0.0158374 0.0119418 0.0039271 0.0118291 0.0039233 0.0078635 0.0118311 0.0118311 0.0078623 0.0000000 0.0118324 0.0278669 0.0118409 0.0118291 0.0000010 0.0078724 0.0078724 
850        0.0236381 0.0358177 0.0320091 0.0158242 0.0077357 0.0077996 0.0276619 0.0317103 0.0317103 0.0038560 0.0118324 0.0000000 0.0480183 0.0077790 0.0077357 0.0197478 0.0118360 0.0117378 
2099       0.0231487 0.0192162 0.0154534 0.0319454 0.0480032 0.0319126 0.0192162 0.0153140 0.0191795 0.0438676 0.0278669 0.0480183 0.0000000 0.0441227 0.0480032 0.0271929 0.0360233 0.0360233 
853        0.0197453 0.0319139 0.0280753 0.0158356 0.0077769 0.0078051 0.0237667 0.0278127 0.0278127 0.0038769 0.0118409 0.0077790 0.0441227 0.0000000 0.0077769 0.0158359 0.0118445 0.0117462 
1143       0.0236313 0.0358069 0.0319996 0.0158198 0.0077336 0.0077974 0.0276538 0.0317009 0.0317009 0.0038560 0.0118291 0.0077357 0.0480032 0.0077769 0.0000000 0.0197421 0.0118327 0.0117346 
23         0.0038265 0.0154569 0.0116535 0.0039416 0.0197421 0.0039377 0.0076760 0.0115480 0.0154276 0.0157459 0.0000010 0.0197478 0.0271929 0.0158359 0.0197421 0.0000000 0.0079015 0.0079015 
1144       0.0118224 0.0238845 0.0200110 0.0118442 0.0118327 0.0039244 0.0158112 0.0198243 0.0198243 0.0078646 0.0078724 0.0118360 0.0360233 0.0118445 0.0118327 0.0079015 0.0000000 0.0078747 
1146       0.0118224 0.0238845 0.0200110 0.0118442 0.0117346 0.0038920 0.0158112 0.0198243 0.0198243 0.0077996 0.0078724 0.0117378 0.0360233 0.0117462 0.0117346 0.0079015 0.0078747 0.0000000 
