HP01	47	0.0	0.002950343856464423	0.0002076172524172579	0.030689889597486086	0.010110132821601482	8.83038167277449e-05	0.003000222448857657	0.0001886278876599112	0.03377817556461795	0.007693139637974437	0.02511052459096076	0.02390104073123241
HP02	48	0.002950343856464423	0.0	0.0031316331496384943	0.027837501601579787	0.011250244662575157	0.002962865961675583	0.0003361588731236282	0.0031150562104288893	0.03087486913103514	0.008744259830680706	0.024710800509439593	0.024176382513145158
HP03	49	0.0002076172524172579	0.0031316331496384943	0.0	0.030808388769124645	0.010180322056038112	0.00025844136969484775	0.0031190469513955165	2.8194600140070185e-05	0.03389667473625651	0.007776942886145189	0.02525524997377197	0.024045766114043618
HP05	51	0.030689889597486086	0.027837501601579787	0.030808388769124645	0.0	0.020920141334667713	0.030687498828804484	0.027744247306037417	0.030806656728244203	0.00513424055603476	0.023318402015170235	0.007698878833395175	0.00956444736332592
HP07	53	0.010110132821601482	0.011250244662575157	0.010180322056038112	0.020920141334667713	0.0	0.010121582804803382	0.011175540319386206	0.010176187415978082	0.02398467988290369	0.002668401048592038	0.015282997761641149	0.014073618267386121
HP08	54	8.83038167277449e-05	0.002962865961675583	0.00025844136969484775	0.030687498828804484	0.010121582804803382	0.0	0.0029979703923660016	0.00023186785335667853	0.03377578479593635	0.007711205308170252	0.02509431671379198	0.023884832854063627
HP09	55	0.003000222448857657	0.0003361588731236282	0.0031190469513955165	0.027744247306037417	0.011175540319386206	0.0029979703923660016	0.0	0.0031172810392194284	0.030781517061551855	0.008697250686398844	0.02444080203078367	0.023906384034489234
HP10	56	0.0001886278876599112	0.0031150562104288893	2.8194600140070185e-05	0.030806656728244203	0.010176187415978082	0.00023186785335667853	0.0031172810392194284	0.0	0.03389494269537607	0.007775209057510871	0.025251115333711938	0.024041631473983586
HP12	58	0.03377817556461795	0.03087486913103514	0.03389667473625651	0.00513424055603476	0.02398467988290369	0.03377578479593635	0.030781517061551855	0.03389494269537607	0.0	0.026360521274435784	0.011563148134544907	0.013598748529570175
HP14	60	0.007693139637974437	0.008744259830680706	0.007776942886145189	0.023318402015170235	0.002668401048592038	0.007711205308170252	0.008697250686398844	0.007775209057510871	0.026360521274435784	0.0	0.01785623941799163	0.016646872521774356
HP06	52	0.02511052459096076	0.024710800509439593	0.02525524997377197	0.007698878833395175	0.015282997761641149	0.02509431671379198	0.02444080203078367	0.025251115333711938	0.011563148134544907	0.01785623941799163	0.0	0.0022266599653507826
HP13	59	0.02390104073123241	0.024176382513145158	0.024045766114043618	0.00956444736332592	0.014073618267386121	0.023884832854063627	0.023906384034489234	0.024041631473983586	0.013598748529570175	0.016646872521774356	0.0022266599653507826	0.0
