"PreSens Measurement Studio 2","1.1.2.0",""
"Date","Time","Channel","User","SensorID","Sensor_Name","delta_t","Time_Unit","Value","O2_Unit","Mode","Phase","Phase_Unit","Amplitude","Amplitude_Unit","Temp","Temp_Unit","Pressure","Pressure_Unit","Salinity","Salinity_Unit","Error","Cal0","Cal0_Unit","T0","T0_Unit","O2Cal2nd","O2_Unit","Cal2nd","Cal2nd_Unit","T2nd","T2nd_Unit","CalPressure","CalPressure_Unit","f1","dPhi1","dkSv1","dPhi2","dkSv2","m","Cal_Mode","SignalLEDCurrent","User_Signal_Intensity","ReferenceLEDCurrent","Reference_Amplitude","Device_Serial","FwVersion","SwVersion","Sensor_Type","BatchID","Calibration_Date","Sensor_Lot","PreSens_Calibr","Battery_Voltage","Battery_Voltage_Unit"
"11/03/2018","09:24:01","9","default","550496092","OXY_CH9","0.000","min","234.981","µmol/L","Humid","19.429","deg","89165","µV","25.966","°C","1019.000","hPa","34.1","pmil","0","53.442","deg","23.711","°C","100.000","%a.s.","21.016","deg","23.307","°C","1019.000","hPa","0.861","-0.02617","0.00035","0","0","13.56","Humid","22.75","0","51.00","252926.84","SABD0000000001","AAV1.0.0.11","1.1.2.0","PSt7-10","170328-022","9/30/2017 7:09:10 PM","0000-00","0","no battery","V"
"11/03/2018","09:24:02","9","default","550496092","OXY_CH9","0.016","min","234.930","µmol/L","Humid","19.432","deg","89147","µV","25.963","°C","1019.000","hPa","34.1","pmil","0","53.442","deg","23.711","°C","100.000","%a.s.","21.016","deg","23.307","°C","1019.000","hPa","0.861","-0.02617","0.00035","0","0","13.56","Humid","22.75","0","51.00","252863.79","SABD0000000001","AAV1.0.0.11","1.1.2.0","PSt7-10","170328-022","9/30/2017 7:09:10 PM","0000-00","0","no battery","V"
"11/03/2018","09:24:03","9","default","550496092","OXY_CH9","0.032","min","235.008","µmol/L","Humid","19.427","deg","89161","µV","25.968","°C","1019.000","hPa","34.1","pmil","0","53.442","deg","23.711","°C","100.000","%a.s.","21.016","deg","23.307","°C","1019.000","hPa","0.861","-0.02617","0.00035","0","0","13.56","Humid","22.75","0","51.00","252845.82","SABD0000000001","AAV1.0.0.11","1.1.2.0","PSt7-10","170328-022","9/30/2017 7:09:10 PM","0000-00","0","no battery","V"
"11/03/2018","09:24:04","9","default","550496092","OXY_CH9","0.049","min","235.051","µmol/L","Humid","19.426","deg","89081","µV","25.965","°C","1019.000","hPa","34.1","pmil","0","53.442","deg","23.711","°C","100.000","%a.s.","21.016","deg","23.307","°C","1019.000","hPa","0.861","-0.02617","0.00035","0","0","13.56","Humid","22.75","0","51.00","252815.75","SABD0000000001","AAV1.0.0.11","1.1.2.0","PSt7-10","170328-022","9/30/2017 7:09:10 PM","0000-00","0","no battery","V"
"11/03/2018","09:24:05","9","default","550496092","OXY_CH9","0.066","min","234.918","µmol/L","Humid","19.426","deg","89166","µV","25.984","°C","1019.000","hPa","34.1","pmil","0","53.442","deg","23.711","°C","100.000","%a.s.","21.016","deg","23.307","°C","1019.000","hPa","0.861","-0.02617","0.00035","0","0","13.56","Humid","22.75","0","51.00","252799.06","SABD0000000001","AAV1.0.0.11","1.1.2.0","PSt7-10","170328-022","9/30/2017 7:09:10 PM","0000-00","0","no battery","V"
"11/03/2018","09:24:06","9","default","550496092","OXY_CH9","0.083","min","235.005","µmol/L","Humid","19.424","deg","89113","µV","25.978","°C","1019.000","hPa","34.1","pmil","0","53.442","deg","23.711","°C","100.000","%a.s.","21.016","deg","23.307","°C","1019.000","hPa","0.861","-0.02617","0.00035","0","0","13.56","Humid","22.75","0","51.00","252793.89","SABD0000000001","AAV1.0.0.11","1.1.2.0","PSt7-10","170328-022","9/30/2017 7:09:10 PM","0000-00","0","no battery","V"
"11/03/2018","09:24:07","9","default","550496092","OXY_CH9","0.099","min","235.074","µmol/L","Humid","19.420","deg","89172","µV","25.981","°C","1019.000","hPa","34.1","pmil","0","53.442","deg","23.711","°C","100.000","%a.s.","21.016","deg","23.307","°C","1019.000","hPa","0.861","-0.02617","0.00035","0","0","13.56","Humid","22.75","0","51.00","252769.55","SABD0000000001","AAV1.0.0.11","1.1.2.0","PSt7-10","170328-022","9/30/2017 7:09:10 PM","0000-00","0","no battery","V"
"11/03/2018","09:24:08","9","default","550496092","OXY_CH9","0.116","min","235.121","µmol/L","Humid","19.419","deg","89061","µV","25.977","°C","1019.000","hPa","34.1","pmil","0","53.442","deg","23.711","°C","100.000","%a.s.","21.016","deg","23.307","°C","1019.000","hPa","0.861","-0.02617","0.00035","0","0","13.56","Humid","22.75","0","51.00","252761.38","SABD0000000001","AAV1.0.0.11","1.1.2.0","PSt7-10","170328-022","9/30/2017 7:09:10 PM","0000-00","0","no battery","V"
"11/03/2018","09:24:09","9","default","550496092","OXY_CH9","0.133","min","235.139","µmol/L","Humid","19.418","deg","89000","µV","25.978","°C","1019.000","hPa","34.1","pmil","0","53.442","deg","23.711","°C","100.000","%a.s.","21.016","deg","23.307","°C","1019.000","hPa","0.861","-0.02617","0.00035","0","0","13.56","Humid","22.75","0","51.00","252762.29","SABD0000000001","AAV1.0.0.11","1.1.2.0","PSt7-10","170328-022","9/30/2017 7:09:10 PM","0000-00","0","no battery","V"
"11/03/2018","09:24:10","9","default","550496092","OXY_CH9","0.149","min","235.270","µmol/L","Humid","19.413","deg","89037","µV","25.975","°C","1019.000","hPa","34.1","pmil","0","53.442","deg","23.711","°C","100.000","%a.s.","21.016","deg","23.307","°C","1019.000","hPa","0.861","-0.02617","0.00035","0","0","13.56","Humid","22.75","0","51.00","252755.83","SABD0000000001","AAV1.0.0.11","1.1.2.0","PSt7-10","170328-022","9/30/2017 7:09:10 PM","0000-00","0","no battery","V"
"11/03/2018","09:24:11","9","default","550496092","OXY_CH9","0.165","min","235.232","µmol/L","Humid","19.413","deg","89179","µV","25.981","°C","1019.000","hPa","34.1","pmil","0","53.442","deg","23.711","°C","100.000","%a.s.","21.016","deg","23.307","°C","1019.000","hPa","0.861","-0.02617","0.00035","0","0","13.56","Humid","22.75","0","51.00","252741.94","SABD0000000001","AAV1.0.0.11","1.1.2.0","PSt7-10","170328-022","9/30/2017 7:09:10 PM","0000-00","0","no battery","V"
"11/03/2018","09:25:53","9","default","550496092","OXY_CH9","1.871","min","237.964","µmol/L","Humid","19.290","deg","87516","µV","25.983","°C","1019.000","hPa","34.1","pmil","0","53.442","deg","23.711","°C","100.000","%a.s.","21.016","deg","23.307","°C","1019.000","hPa","0.861","-0.02617","0.00035","0","0","13.56","Humid","22.75","0","51.00","252791.10","SABD0000000001","AAV1.0.0.11","1.1.2.0","PSt7-10","170328-022","9/30/2017 7:09:10 PM","0000-00","0","no battery","V"
"11/03/2018","09:25:54","9","default","550496092","OXY_CH9","1.882","min","238.075","µmol/L","Humid","19.289","deg","87487","µV","25.971","°C","1019.000","hPa","34.1","pmil","0","53.442","deg","23.711","°C","100.000","%a.s.","21.016","deg","23.307","°C","1019.000","hPa","0.861","-0.02617","0.00035","0","0","13.56","Humid","22.75","0","51.00","252727.74","SABD0000000001","AAV1.0.0.11","1.1.2.0","PSt7-10","170328-022","9/30/2017 7:09:10 PM","0000-00","0","no battery","V"
"11/03/2018","09:25:55","9","default","550496092","OXY_CH9","1.899","min","237.760","µmol/L","Humid","19.294","deg","87474","µV","25.999","°C","1019.000","hPa","34.1","pmil","0","53.442","deg","23.711","°C","100.000","%a.s.","21.016","deg","23.307","°C","1019.000","hPa","0.861","-0.02617","0.00035","0","0","13.56","Humid","22.75","0","51.00","252712.29","SABD0000000001","AAV1.0.0.11","1.1.2.0","PSt7-10","170328-022","9/30/2017 7:09:10 PM","0000-00","0","no battery","V"
"11/03/2018","09:25:56","9","default","550496092","OXY_CH9","1.916","min","237.885","µmol/L","Humid","19.290","deg","87466","µV","25.995","°C","1019.000","hPa","34.1","pmil","0","53.442","deg","23.711","°C","100.000","%a.s.","21.016","deg","23.307","°C","1019.000","hPa","0.861","-0.02617","0.00035","0","0","13.56","Humid","22.75","0","51.00","252698.03","SABD0000000001","AAV1.0.0.11","1.1.2.0","PSt7-10","170328-022","9/30/2017 7:09:10 PM","0000-00","0","no battery","V"
"11/03/2018","09:25:57","9","default","550496092","OXY_CH9","1.933","min","237.951","µmol/L","Humid","19.291","deg","87458","µV","25.982","°C","1019.000","hPa","34.1","pmil","0","53.442","deg","23.711","°C","100.000","%a.s.","21.016","deg","23.307","°C","1019.000","hPa","0.861","-0.02617","0.00035","0","0","13.56","Humid","22.75","0","51.00","252677.83","SABD0000000001","AAV1.0.0.11","1.1.2.0","PSt7-10","170328-022","9/30/2017 7:09:10 PM","0000-00","0","no battery","V"
"11/03/2018","09:25:58","9","default","550496092","OXY_CH9","1.950","min","237.818","µmol/L","Humid","19.292","deg","87442","µV","25.998","°C","1019.000","hPa","34.1","pmil","0","53.442","deg","23.711","°C","100.000","%a.s.","21.016","deg","23.307","°C","1019.000","hPa","0.861","-0.02617","0.00035","0","0","13.56","Humid","22.75","0","51.00","252676.05","SABD0000000001","AAV1.0.0.11","1.1.2.0","PSt7-10","170328-022","9/30/2017 7:09:10 PM","0000-00","0","no battery","V"
"11/03/2018","09:25:59","9","default","550496092","OXY_CH9","1.966","min","238.018","µmol/L","Humid","19.283","deg","87434","µV","25.998","°C","1019.000","hPa","34.1","pmil","0","53.442","deg","23.711","°C","100.000","%a.s.","21.016","deg","23.307","°C","1019.000","hPa","0.861","-0.02617","0.00035","0","0","13.56","Humid","22.75","0","51.00","252661.95","SABD0000000001","AAV1.0.0.11","1.1.2.0","PSt7-10","170328-022","9/30/2017 7:09:10 PM","0000-00","0","no battery","V"
"11/03/2018","09:26:00","9","default","550496092","OXY_CH9","1.982","min","237.859","µmol/L","Humid","19.291","deg","87426","µV","25.995","°C","1019.000","hPa","34.1","pmil","0","53.442","deg","23.711","°C","100.000","%a.s.","21.016","deg","23.307","°C","1019.000","hPa","0.861","-0.02617","0.00035","0","0","13.56","Humid","22.75","0","51.00","252652.22","SABD0000000001","AAV1.0.0.11","1.1.2.0","PSt7-10","170328-022","9/30/2017 7:09:10 PM","0000-00","0","no battery","V"
"11/03/2018","09:26:01","9","default","550496092","OXY_CH9","1.999","min","237.955","µmol/L","Humid","19.288","deg","87425","µV","25.991","°C","1019.000","hPa","34.1","pmil","0","53.442","deg","23.711","°C","100.000","%a.s.","21.016","deg","23.307","°C","1019.000","hPa","0.861","-0.02617","0.00035","0","0","13.56","Humid","22.75","0","51.00","252653.63","SABD0000000001","AAV1.0.0.11","1.1.2.0","PSt7-10","170328-022","9/30/2017 7:09:10 PM","0000-00","0","no battery","V"
"11/03/2018","09:26:02","9","default","550496092","OXY_CH9","2.016","min","237.930","µmol/L","Humid","19.288","deg","87415","µV","25.994","°C","1019.000","hPa","34.1","pmil","0","53.442","deg","23.711","°C","100.000","%a.s.","21.016","deg","23.307","°C","1019.000","hPa","0.861","-0.02617","0.00035","0","0","13.56","Humid","22.75","0","51.00","252641.02","SABD0000000001","AAV1.0.0.11","1.1.2.0","PSt7-10","170328-022","9/30/2017 7:09:10 PM","0000-00","0","no battery","V"
"11/03/2018","09:26:03","9","default","550496092","OXY_CH9","2.032","min","238.042","µmol/L","Humid","19.287","deg","87410","µV","25.982","°C","1019.000","hPa","34.1","pmil","0","53.442","deg","23.711","°C","100.000","%a.s.","21.016","deg","23.307","°C","1019.000","hPa","0.861","-0.02617","0.00035","0","0","13.56","Humid","22.75","0","51.00","252633.80","SABD0000000001","AAV1.0.0.11","1.1.2.0","PSt7-10","170328-022","9/30/2017 7:09:10 PM","0000-00","0","no battery","V"
"11/03/2018","09:26:04","9","default","550496092","OXY_CH9","2.049","min","237.998","µmol/L","Humid","19.288","deg","87399","µV","25.985","°C","1019.000","hPa","34.1","pmil","0","53.442","deg","23.711","°C","100.000","%a.s.","21.016","deg","23.307","°C","1019.000","hPa","0.861","-0.02617","0.00035","0","0","13.56","Humid","22.75","0","51.00","252635.25","SABD0000000001","AAV1.0.0.11","1.1.2.0","PSt7-10","170328-022","9/30/2017 7:09:10 PM","0000-00","0","no battery","V"
"11/03/2018","09:26:05","9","default","550496092","OXY_CH9","2.066","min","237.966","µmol/L","Humid","19.286","deg","87388","µV","25.996","°C","1019.000","hPa","34.1","pmil","0","53.442","deg","23.711","°C","100.000","%a.s.","21.016","deg","23.307","°C","1019.000","hPa","0.861","-0.02617","0.00035","0","0","13.56","Humid","22.75","0","51.00","252629.77","SABD0000000001","AAV1.0.0.11","1.1.2.0","PSt7-10","170328-022","9/30/2017 7:09:10 PM","0000-00","0","no battery","V"
"11/03/2018","09:26:06","9","default","550496092","OXY_CH9","2.083","min","237.937","µmol/L","Humid","19.288","deg","87393","µV","25.993","°C","1019.000","hPa","34.1","pmil","0","53.442","deg","23.711","°C","100.000","%a.s.","21.016","deg","23.307","°C","1019.000","hPa","0.861","-0.02617","0.00035","0","0","13.56","Humid","22.75","0","51.00","252633.08","SABD0000000001","AAV1.0.0.11","1.1.2.0","PSt7-10","170328-022","9/30/2017 7:09:10 PM","0000-00","0","no battery","V"
"11/03/2018","09:26:07","9","default","550496092","OXY_CH9","2.100","min","238.020","µmol/L","Humid","19.285","deg","87374","µV","25.991","°C","1019.000","hPa","34.1","pmil","0","53.442","deg","23.711","°C","100.000","%a.s.","21.016","deg","23.307","°C","1019.000","hPa","0.861","-0.02617","0.00035","0","0","13.56","Humid","22.75","0","51.00","252617.47","SABD0000000001","AAV1.0.0.11","1.1.2.0","PSt7-10","170328-022","9/30/2017 7:09:10 PM","0000-00","0","no battery","V"
"11/03/2018","09:26:08","9","default","550496092","OXY_CH9","2.115","min","238.166","µmol/L","Humid","19.282","deg","87375","µV","25.980","°C","1019.000","hPa","34.1","pmil","0","53.442","deg","23.711","°C","100.000","%a.s.","21.016","deg","23.307","°C","1019.000","hPa","0.861","-0.02617","0.00035","0","0","13.56","Humid","22.75","0","51.00","252618.94","SABD0000000001","AAV1.0.0.11","1.1.2.0","PSt7-10","170328-022","9/30/2017 7:09:10 PM","0000-00","0","no battery","V"
"11/03/2018","09:26:09","9","default","550496092","OXY_CH9","2.132","min","238.142","µmol/L","Humid","19.281","deg","87368","µV","25.987","°C","1019.000","hPa","34.1","pmil","0","53.442","deg","23.711","°C","100.000","%a.s.","21.016","deg","23.307","°C","1019.000","hPa","0.861","-0.02617","0.00035","0","0","13.56","Humid","22.75","0","51.00","252608.54","SABD0000000001","AAV1.0.0.11","1.1.2.0","PSt7-10","170328-022","9/30/2017 7:09:10 PM","0000-00","0","no battery","V"
"11/03/2018","09:26:10","9","default","550496092","OXY_CH9","2.149","min","238.145","µmol/L","Humid","19.279","deg","87353","µV","25.993","°C","1019.000","hPa","34.1","pmil","0","53.442","deg","23.711","°C","100.000","%a.s.","21.016","deg","23.307","°C","1019.000","hPa","0.861","-0.02617","0.00035","0","0","13.56","Humid","22.75","0","51.00","252610.87","SABD0000000001","AAV1.0.0.11","1.1.2.0","PSt7-10","170328-022","9/30/2017 7:09:10 PM","0000-00","0","no battery","V"
"11/03/2018","09:26:11","9","default","550496092","OXY_CH9","2.166","min","238.106","µmol/L","Humid","19.283","deg","87353","µV","25.986","°C","1019.000","hPa","34.1","pmil","0","53.442","deg","23.711","°C","100.000","%a.s.","21.016","deg","23.307","°C","1019.000","hPa","0.861","-0.02617","0.00035","0","0","13.56","Humid","22.75","0","51.00","252597.91","SABD0000000001","AAV1.0.0.11","1.1.2.0","PSt7-10","170328-022","9/30/2017 7:09:10 PM","0000-00","0","no battery","V"
"11/03/2018","09:26:12","9","default","550496092","OXY_CH9","2.183","min","238.069","µmol/L","Humid","19.285","deg","87354","µV","25.984","°C","1019.000","hPa","34.1","pmil","0","53.442","deg","23.711","°C","100.000","%a.s.","21.016","deg","23.307","°C","1019.000","hPa","0.861","-0.02617","0.00035","0","0","13.56","Humid","22.75","0","51.00","252594.56","SABD0000000001","AAV1.0.0.11","1.1.2.0","PSt7-10","170328-022","9/30/2017 7:09:10 PM","0000-00","0","no battery","V"
"11/03/2018","09:26:13","9","default","550496092","OXY_CH9","2.199","min","238.219","µmol/L","Humid","19.279","deg","87341","µV","25.982","°C","1019.000","hPa","34.1","pmil","0","53.442","deg","23.711","°C","100.000","%a.s.","21.016","deg","23.307","°C","1019.000","hPa","0.861","-0.02617","0.00035","0","0","13.56","Humid","22.75","0","51.00","252592.56","SABD0000000001","AAV1.0.0.11","1.1.2.0","PSt7-10","170328-022","9/30/2017 7:09:10 PM","0000-00","0","no battery","V"
"11/03/2018","09:26:14","9","default","550496092","OXY_CH9","2.216","min","238.122","µmol/L","Humid","19.280","deg","87336","µV","25.993","°C","1019.000","hPa","34.1","pmil","0","53.442","deg","23.711","°C","100.000","%a.s.","21.016","deg","23.307","°C","1019.000","hPa","0.861","-0.02617","0.00035","0","0","13.56","Humid","22.75","0","51.00","252584.05","SABD0000000001","AAV1.0.0.11","1.1.2.0","PSt7-10","170328-022","9/30/2017 7:09:10 PM","0000-00","0","no battery","V"
"11/03/2018","09:26:15","9","default","550496092","OXY_CH9","2.233","min","238.196","µmol/L","Humid","19.279","deg","87326","µV","25.986","°C","1019.000","hPa","34.1","pmil","0","53.442","deg","23.711","°C","100.000","%a.s.","21.016","deg","23.307","°C","1019.000","hPa","0.861","-0.02617","0.00035","0","0","13.56","Humid","22.75","0","51.00","252591.04","SABD0000000001","AAV1.0.0.11","1.1.2.0","PSt7-10","170328-022","9/30/2017 7:09:10 PM","0000-00","0","no battery","V"
"11/03/2018","09:26:16","9","default","550496092","OXY_CH9","2.249","min","238.225","µmol/L","Humid","19.279","deg","87319","µV","25.981","°C","1019.000","hPa","34.1","pmil","0","53.442","deg","23.711","°C","100.000","%a.s.","21.016","deg","23.307","°C","1019.000","hPa","0.861","-0.02617","0.00035","0","0","13.56","Humid","22.75","0","51.00","252579.79","SABD0000000001","AAV1.0.0.11","1.1.2.0","PSt7-10","170328-022","9/30/2017 7:09:10 PM","0000-00","0","no battery","V"
"11/03/2018","09:26:17","9","default","550496092","OXY_CH9","2.265","min","238.153","µmol/L","Humid","19.281","deg","87322","µV","25.985","°C","1019.000","hPa","34.1","pmil","0","53.442","deg","23.711","°C","100.000","%a.s.","21.016","deg","23.307","°C","1019.000","hPa","0.861","-0.02617","0.00035","0","0","13.56","Humid","22.75","0","51.00","252586.23","SABD0000000001","AAV1.0.0.11","1.1.2.0","PSt7-10","170328-022","9/30/2017 7:09:10 PM","0000-00","0","no battery","V"
"11/03/2018","09:26:18","9","default","550496092","OXY_CH9","2.282","min","238.170","µmol/L","Humid","19.279","deg","87313","µV","25.989","°C","1019.000","hPa","34.1","pmil","0","53.442","deg","23.711","°C","100.000","%a.s.","21.016","deg","23.307","°C","1019.000","hPa","0.861","-0.02617","0.00035","0","0","13.56","Humid","22.75","0","51.00","252586.69","SABD0000000001","AAV1.0.0.11","1.1.2.0","PSt7-10","170328-022","9/30/2017 7:09:10 PM","0000-00","0","no battery","V"
"11/03/2018","09:26:19","9","default","550496092","OXY_CH9","2.299","min","238.081","µmol/L","Humid","19.279","deg","87308","µV","26.002","°C","1019.000","hPa","34.1","pmil","0","53.442","deg","23.711","°C","100.000","%a.s.","21.016","deg","23.307","°C","1019.000","hPa","0.861","-0.02617","0.00035","0","0","13.56","Humid","22.75","0","51.00","252580.19","SABD0000000001","AAV1.0.0.11","1.1.2.0","PSt7-10","170328-022","9/30/2017 7:09:10 PM","0000-00","0","no battery","V"
"11/03/2018","09:26:20","9","default","550496092","OXY_CH9","2.316","min","238.146","µmol/L","Humid","19.279","deg","87300","µV","25.993","°C","1019.000","hPa","34.1","pmil","0","53.442","deg","23.711","°C","100.000","%a.s.","21.016","deg","23.307","°C","1019.000","hPa","0.861","-0.02617","0.00035","0","0","13.56","Humid","22.75","0","51.00","252566.58","SABD0000000001","AAV1.0.0.11","1.1.2.0","PSt7-10","170328-022","9/30/2017 7:09:10 PM","0000-00","0","no battery","V"
"11/03/2018","09:26:21","9","default","550496092","OXY_CH9","2.333","min","238.148","µmol/L","Humid","19.279","deg","87292","µV","25.992","°C","1019.000","hPa","34.1","pmil","0","53.442","deg","23.711","°C","100.000","%a.s.","21.016","deg","23.307","°C","1019.000","hPa","0.861","-0.02617","0.00035","0","0","13.56","Humid","22.75","0","51.00","252568.37","SABD0000000001","AAV1.0.0.11","1.1.2.0","PSt7-10","170328-022","9/30/2017 7:09:10 PM","0000-00","0","no battery","V"
"11/03/2018","09:26:22","9","default","550496092","OXY_CH9","2.349","min","238.154","µmol/L","Humid","19.276","deg","87291","µV","26.001","°C","1019.000","hPa","34.1","pmil","0","53.442","deg","23.711","°C","100.000","%a.s.","21.016","deg","23.307","°C","1019.000","hPa","0.861","-0.02617","0.00035","0","0","13.56","Humid","22.75","0","51.00","252559.82","SABD0000000001","AAV1.0.0.11","1.1.2.0","PSt7-10","170328-022","9/30/2017 7:09:10 PM","0000-00","0","no battery","V"
"11/03/2018","09:26:23","9","default","550496092","OXY_CH9","2.366","min","238.261","µmol/L","Humid","19.276","deg","87287","µV","25.986","°C","1019.000","hPa","34.1","pmil","0","53.442","deg","23.711","°C","100.000","%a.s.","21.016","deg","23.307","°C","1019.000","hPa","0.861","-0.02617","0.00035","0","0","13.56","Humid","22.75","0","51.00","252562.76","SABD0000000001","AAV1.0.0.11","1.1.2.0","PSt7-10","170328-022","9/30/2017 7:09:10 PM","0000-00","0","no battery","V"
"11/03/2018","09:26:24","9","default","550496092","OXY_CH9","2.383","min","238.240","µmol/L","Humid","19.276","deg","87281","µV","25.989","°C","1019.000","hPa","34.1","pmil","0","53.442","deg","23.711","°C","100.000","%a.s.","21.016","deg","23.307","°C","1019.000","hPa","0.861","-0.02617","0.00035","0","0","13.56","Humid","22.75","0","51.00","252557.63","SABD0000000001","AAV1.0.0.11","1.1.2.0","PSt7-10","170328-022","9/30/2017 7:09:10 PM","0000-00","0","no battery","V"
"11/03/2018","09:26:25","9","default","550496092","OXY_CH9","2.399","min","238.304","µmol/L","Humid","19.275","deg","87277","µV","25.983","°C","1019.000","hPa","34.1","pmil","0","53.442","deg","23.711","°C","100.000","%a.s.","21.016","deg","23.307","°C","1019.000","hPa","0.861","-0.02617","0.00035","0","0","13.56","Humid","22.75","0","51.00","252557.77","SABD0000000001","AAV1.0.0.11","1.1.2.0","PSt7-10","170328-022","9/30/2017 7:09:10 PM","0000-00","0","no battery","V"
"11/03/2018","09:26:26","9","default","550496092","OXY_CH9","2.415","min","238.306","µmol/L","Humid","19.275","deg","87263","µV","25.983","°C","1019.000","hPa","34.1","pmil","0","53.442","deg","23.711","°C","100.000","%a.s.","21.016","deg","23.307","°C","1019.000","hPa","0.861","-0.02617","0.00035","0","0","13.56","Humid","22.75","0","51.00","252546.75","SABD0000000001","AAV1.0.0.11","1.1.2.0","PSt7-10","170328-022","9/30/2017 7:09:10 PM","0000-00","0","no battery","V"
"11/03/2018","09:26:27","9","default","550496092","OXY_CH9","2.432","min","238.413","µmol/L","Humid","19.269","deg","87259","µV","25.987","°C","1019.000","hPa","34.1","pmil","0","53.442","deg","23.711","°C","100.000","%a.s.","21.016","deg","23.307","°C","1019.000","hPa","0.861","-0.02617","0.00035","0","0","13.56","Humid","22.75","0","51.00","252538.90","SABD0000000001","AAV1.0.0.11","1.1.2.0","PSt7-10","170328-022","9/30/2017 7:09:10 PM","0000-00","0","no battery","V"
"11/03/2018","09:26:28","9","default","550496092","OXY_CH9","2.449","min","238.235","µmol/L","Humid","19.274","deg","87257","µV","25.996","°C","1019.000","hPa","34.1","pmil","0","53.442","deg","23.711","°C","100.000","%a.s.","21.016","deg","23.307","°C","1019.000","hPa","0.861","-0.02617","0.00035","0","0","13.56","Humid","22.75","0","51.00","252544.20","SABD0000000001","AAV1.0.0.11","1.1.2.0","PSt7-10","170328-022","9/30/2017 7:09:10 PM","0000-00","0","no battery","V"
"11/03/2018","09:26:29","9","default","550496092","OXY_CH9","2.466","min","238.241","µmol/L","Humid","19.273","deg","87254","µV","25.998","°C","1019.000","hPa","34.1","pmil","0","53.442","deg","23.711","°C","100.000","%a.s.","21.016","deg","23.307","°C","1019.000","hPa","0.861","-0.02617","0.00035","0","0","13.56","Humid","22.75","0","51.00","252532.65","SABD0000000001","AAV1.0.0.11","1.1.2.0","PSt7-10","170328-022","9/30/2017 7:09:10 PM","0000-00","0","no battery","V"
"11/03/2018","09:26:30","9","default","550496092","OXY_CH9","2.482","min","238.504","µmol/L","Humid","19.268","deg","87245","µV","25.977","°C","1019.000","hPa","34.1","pmil","0","53.442","deg","23.711","°C","100.000","%a.s.","21.016","deg","23.307","°C","1019.000","hPa","0.861","-0.02617","0.00035","0","0","13.56","Humid","22.75","0","51.00","252536.30","SABD0000000001","AAV1.0.0.11","1.1.2.0","PSt7-10","170328-022","9/30/2017 7:09:10 PM","0000-00","0","no battery","V"
"11/03/2018","09:26:31","9","default","550496092","OXY_CH9","2.499","min","238.222","µmol/L","Humid","19.274","deg","87240","µV","25.998","°C","1019.000","hPa","34.1","pmil","0","53.442","deg","23.711","°C","100.000","%a.s.","21.016","deg","23.307","°C","1019.000","hPa","0.861","-0.02617","0.00035","0","0","13.56","Humid","22.75","0","51.00","252536.05","SABD0000000001","AAV1.0.0.11","1.1.2.0","PSt7-10","170328-022","9/30/2017 7:09:10 PM","0000-00","0","no battery","V"
"11/03/2018","09:26:32","9","default","550496092","OXY_CH9","2.516","min","238.251","µmol/L","Humid","19.274","deg","87239","µV","25.994","°C","1019.000","hPa","34.1","pmil","0","53.442","deg","23.711","°C","100.000","%a.s.","21.016","deg","23.307","°C","1019.000","hPa","0.861","-0.02617","0.00035","0","0","13.56","Humid","22.75","0","51.00","252520.13","SABD0000000001","AAV1.0.0.11","1.1.2.0","PSt7-10","170328-022","9/30/2017 7:09:10 PM","0000-00","0","no battery","V"
"11/03/2018","09:26:33","9","default","550496092","OXY_CH9","2.533","min","238.363","µmol/L","Humid","19.271","deg","87229","µV","25.987","°C","1019.000","hPa","34.1","pmil","0","53.442","deg","23.711","°C","100.000","%a.s.","21.016","deg","23.307","°C","1019.000","hPa","0.861","-0.02617","0.00035","0","0","13.56","Humid","22.75","0","51.00","252522.17","SABD0000000001","AAV1.0.0.11","1.1.2.0","PSt7-10","170328-022","9/30/2017 7:09:10 PM","0000-00","0","no battery","V"
"11/03/2018","09:26:34","9","default","550496092","OXY_CH9","2.550","min","238.416","µmol/L","Humid","19.269","deg","87227","µV","25.986","°C","1019.000","hPa","34.1","pmil","0","53.442","deg","23.711","°C","100.000","%a.s.","21.016","deg","23.307","°C","1019.000","hPa","0.861","-0.02617","0.00035","0","0","13.56","Humid","22.75","0","51.00","252534.48","SABD0000000001","AAV1.0.0.11","1.1.2.0","PSt7-10","170328-022","9/30/2017 7:09:10 PM","0000-00","0","no battery","V"
"11/03/2018","09:26:35","9","default","550496092","OXY_CH9","2.566","min","238.411","µmol/L","Humid","19.269","deg","87222","µV","25.987","°C","1019.000","hPa","34.1","pmil","0","53.442","deg","23.711","°C","100.000","%a.s.","21.016","deg","23.307","°C","1019.000","hPa","0.861","-0.02617","0.00035","0","0","13.56","Humid","22.75","0","51.00","252525.28","SABD0000000001","AAV1.0.0.11","1.1.2.0","PSt7-10","170328-022","9/30/2017 7:09:10 PM","0000-00","0","no battery","V"
"11/03/2018","09:26:36","9","default","550496092","OXY_CH9","2.582","min","238.393","µmol/L","Humid","19.268","deg","87218","µV","25.993","°C","1019.000","hPa","34.1","pmil","0","53.442","deg","23.711","°C","100.000","%a.s.","21.016","deg","23.307","°C","1019.000","hPa","0.861","-0.02617","0.00035","0","0","13.56","Humid","22.75","0","51.00","252520.25","SABD0000000001","AAV1.0.0.11","1.1.2.0","PSt7-10","170328-022","9/30/2017 7:09:10 PM","0000-00","0","no battery","V"
"11/03/2018","09:26:37","9","default","550496092","OXY_CH9","2.599","min","238.311","µmol/L","Humid","19.267","deg","87204","µV","26.008","°C","1019.000","hPa","34.1","pmil","0","53.442","deg","23.711","°C","100.000","%a.s.","21.016","deg","23.307","°C","1019.000","hPa","0.861","-0.02617","0.00035","0","0","13.56","Humid","22.75","0","51.00","252508.15","SABD0000000001","AAV1.0.0.11","1.1.2.0","PSt7-10","170328-022","9/30/2017 7:09:10 PM","0000-00","0","no battery","V"
"11/03/2018","09:26:38","9","default","550496092","OXY_CH9","2.616","min","238.368","µmol/L","Humid","19.265","deg","87206","µV","26.006","°C","1019.000","hPa","34.1","pmil","0","53.442","deg","23.711","°C","100.000","%a.s.","21.016","deg","23.307","°C","1019.000","hPa","0.861","-0.02617","0.00035","0","0","13.56","Humid","22.75","0","51.00","252512.84","SABD0000000001","AAV1.0.0.11","1.1.2.0","PSt7-10","170328-022","9/30/2017 7:09:10 PM","0000-00","0","no battery","V"
"11/03/2018","09:26:39","9","default","550496092","OXY_CH9","2.632","min","238.391","µmol/L","Humid","19.267","deg","87197","µV","25.996","°C","1019.000","hPa","34.1","pmil","0","53.442","deg","23.711","°C","100.000","%a.s.","21.016","deg","23.307","°C","1019.000","hPa","0.861","-0.02617","0.00035","0","0","13.56","Humid","22.75","0","51.00","252503.92","SABD0000000001","AAV1.0.0.11","1.1.2.0","PSt7-10","170328-022","9/30/2017 7:09:10 PM","0000-00","0","no battery","V"
"11/03/2018","09:26:40","9","default","550496092","OXY_CH9","2.649","min","238.504","µmol/L","Humid","19.264","deg","87192","µV","25.990","°C","1019.000","hPa","34.1","pmil","0","53.442","deg","23.711","°C","100.000","%a.s.","21.016","deg","23.307","°C","1019.000","hPa","0.861","-0.02617","0.00035","0","0","13.56","Humid","22.75","0","51.00","252504.99","SABD0000000001","AAV1.0.0.11","1.1.2.0","PSt7-10","170328-022","9/30/2017 7:09:10 PM","0000-00","0","no battery","V"
"11/03/2018","09:26:41","9","default","550496092","OXY_CH9","2.666","min","238.382","µmol/L","Humid","19.266","deg","87198","µV","26.001","°C","1019.000","hPa","34.1","pmil","0","53.442","deg","23.711","°C","100.000","%a.s.","21.016","deg","23.307","°C","1019.000","hPa","0.861","-0.02617","0.00035","0","0","13.56","Humid","22.75","0","51.00","252507.71","SABD0000000001","AAV1.0.0.11","1.1.2.0","PSt7-10","170328-022","9/30/2017 7:09:10 PM","0000-00","0","no battery","V"
"11/03/2018","09:26:42","9","default","550496092","OXY_CH9","2.683","min","238.489","µmol/L","Humid","19.263","deg","87190","µV","25.995","°C","1019.000","hPa","34.1","pmil","0","53.442","deg","23.711","°C","100.000","%a.s.","21.016","deg","23.307","°C","1019.000","hPa","0.861","-0.02617","0.00035","0","0","13.56","Humid","22.75","0","51.00","252491.23","SABD0000000001","AAV1.0.0.11","1.1.2.0","PSt7-10","170328-022","9/30/2017 7:09:10 PM","0000-00","0","no battery","V"
"11/03/2018","09:26:43","9","default","550496092","OXY_CH9","2.699","min","238.471","µmol/L","Humid","19.264","deg","87178","µV","25.995","°C","1019.000","hPa","34.1","pmil","0","53.442","deg","23.711","°C","100.000","%a.s.","21.016","deg","23.307","°C","1019.000","hPa","0.861","-0.02617","0.00035","0","0","13.56","Humid","22.75","0","51.00","252502.58","SABD0000000001","AAV1.0.0.11","1.1.2.0","PSt7-10","170328-022","9/30/2017 7:09:10 PM","0000-00","0","no battery","V"
"11/03/2018","09:26:44","9","default","550496092","OXY_CH9","2.716","min","238.486","µmol/L","Humid","19.259","deg","87178","µV","26.008","°C","1019.000","hPa","34.1","pmil","0","53.442","deg","23.711","°C","100.000","%a.s.","21.016","deg","23.307","°C","1019.000","hPa","0.861","-0.02617","0.00035","0","0","13.56","Humid","22.75","0","51.00","252507.15","SABD0000000001","AAV1.0.0.11","1.1.2.0","PSt7-10","170328-022","9/30/2017 7:09:10 PM","0000-00","0","no battery","V"
"11/03/2018","09:26:45","9","default","550496092","OXY_CH9","2.732","min","238.665","µmol/L","Humid","19.260","deg","87168","µV","25.980","°C","1019.000","hPa","34.1","pmil","0","53.442","deg","23.711","°C","100.000","%a.s.","21.016","deg","23.307","°C","1019.000","hPa","0.861","-0.02617","0.00035","0","0","13.56","Humid","22.75","0","51.00","252503.22","SABD0000000001","AAV1.0.0.11","1.1.2.0","PSt7-10","170328-022","9/30/2017 7:09:10 PM","0000-00","0","no battery","V"
"11/03/2018","09:26:46","9","default","550496092","OXY_CH9","2.749","min","238.594","µmol/L","Humid","19.260","deg","87164","µV","25.990","°C","1019.000","hPa","34.1","pmil","0","53.442","deg","23.711","°C","100.000","%a.s.","21.016","deg","23.307","°C","1019.000","hPa","0.861","-0.02617","0.00035","0","0","13.56","Humid","22.75","0","51.00","252490.32","SABD0000000001","AAV1.0.0.11","1.1.2.0","PSt7-10","170328-022","9/30/2017 7:09:10 PM","0000-00","0","no battery","V"
"11/03/2018","09:26:47","9","default","550496092","OXY_CH9","2.766","min","238.553","µmol/L","Humid","19.260","deg","87158","µV","25.996","°C","1019.000","hPa","34.1","pmil","0","53.442","deg","23.711","°C","100.000","%a.s.","21.016","deg","23.307","°C","1019.000","hPa","0.861","-0.02617","0.00035","0","0","13.56","Humid","22.75","0","51.00","252491.69","SABD0000000001","AAV1.0.0.11","1.1.2.0","PSt7-10","170328-022","9/30/2017 7:09:10 PM","0000-00","0","no battery","V"
"11/03/2018","09:26:48","9","default","550496092","OXY_CH9","2.782","min","238.551","µmol/L","Humid","19.261","deg","87152","µV","25.993","°C","1019.000","hPa","34.1","pmil","0","53.442","deg","23.711","°C","100.000","%a.s.","21.016","deg","23.307","°C","1019.000","hPa","0.861","-0.02617","0.00035","0","0","13.56","Humid","22.75","0","51.00","252484.98","SABD0000000001","AAV1.0.0.11","1.1.2.0","PSt7-10","170328-022","9/30/2017 7:09:10 PM","0000-00","0","no battery","V"
"11/03/2018","09:26:49","9","default","550496092","OXY_CH9","2.799","min","238.614","µmol/L","Humid","19.257","deg","87145","µV","25.997","°C","1019.000","hPa","34.1","pmil","0","53.442","deg","23.711","°C","100.000","%a.s.","21.016","deg","23.307","°C","1019.000","hPa","0.861","-0.02617","0.00035","0","0","13.56","Humid","22.75","0","51.00","252480.58","SABD0000000001","AAV1.0.0.11","1.1.2.0","PSt7-10","170328-022","9/30/2017 7:09:10 PM","0000-00","0","no battery","V"
"11/03/2018","09:26:50","9","default","550496092","OXY_CH9","2.816","min","238.612","µmol/L","Humid","19.259","deg","87146","µV","25.991","°C","1019.000","hPa","34.1","pmil","0","53.442","deg","23.711","°C","100.000","%a.s.","21.016","deg","23.307","°C","1019.000","hPa","0.861","-0.02617","0.00035","0","0","13.56","Humid","22.75","0","51.00","252493.16","SABD0000000001","AAV1.0.0.11","1.1.2.0","PSt7-10","170328-022","9/30/2017 7:09:10 PM","0000-00","0","no battery","V"
"11/03/2018","09:26:51","9","default","550496092","OXY_CH9","2.833","min","238.693","µmol/L","Humid","19.256","deg","87141","µV","25.989","°C","1019.000","hPa","34.1","pmil","0","53.442","deg","23.711","°C","100.000","%a.s.","21.016","deg","23.307","°C","1019.000","hPa","0.861","-0.02617","0.00035","0","0","13.56","Humid","22.75","0","51.00","252481.22","SABD0000000001","AAV1.0.0.11","1.1.2.0","PSt7-10","170328-022","9/30/2017 7:09:10 PM","0000-00","0","no battery","V"
"11/03/2018","09:26:52","9","default","550496092","OXY_CH9","2.850","min","238.694","µmol/L","Humid","19.256","deg","87139","µV","25.989","°C","1019.000","hPa","34.1","pmil","0","53.442","deg","23.711","°C","100.000","%a.s.","21.016","deg","23.307","°C","1019.000","hPa","0.861","-0.02617","0.00035","0","0","13.56","Humid","22.75","0","51.00","252483.62","SABD0000000001","AAV1.0.0.11","1.1.2.0","PSt7-10","170328-022","9/30/2017 7:09:10 PM","0000-00","0","no battery","V"
"11/03/2018","09:26:53","9","default","550496092","OXY_CH9","2.866","min","238.701","µmol/L","Humid","19.256","deg","87130","µV","25.988","°C","1019.000","hPa","34.1","pmil","0","53.442","deg","23.711","°C","100.000","%a.s.","21.016","deg","23.307","°C","1019.000","hPa","0.861","-0.02617","0.00035","0","0","13.56","Humid","22.75","0","51.00","252484.25","SABD0000000001","AAV1.0.0.11","1.1.2.0","PSt7-10","170328-022","9/30/2017 7:09:10 PM","0000-00","0","no battery","V"
"11/03/2018","09:26:54","9","default","550496092","OXY_CH9","2.882","min","238.711","µmol/L","Humid","19.256","deg","87129","µV","25.986","°C","1019.000","hPa","34.1","pmil","0","53.442","deg","23.711","°C","100.000","%a.s.","21.016","deg","23.307","°C","1019.000","hPa","0.861","-0.02617","0.00035","0","0","13.56","Humid","22.75","0","51.00","252472.57","SABD0000000001","AAV1.0.0.11","1.1.2.0","PSt7-10","170328-022","9/30/2017 7:09:10 PM","0000-00","0","no battery","V"
"11/03/2018","09:26:55","9","default","550496092","OXY_CH9","2.899","min","238.656","µmol/L","Humid","19.257","deg","87111","µV","25.991","°C","1019.000","hPa","34.1","pmil","0","53.442","deg","23.711","°C","100.000","%a.s.","21.016","deg","23.307","°C","1019.000","hPa","0.861","-0.02617","0.00035","0","0","13.56","Humid","22.75","0","51.00","252469.83","SABD0000000001","AAV1.0.0.11","1.1.2.0","PSt7-10","170328-022","9/30/2017 7:09:10 PM","0000-00","0","no battery","V"
"11/03/2018","09:26:56","9","default","550496092","OXY_CH9","2.916","min","238.717","µmol/L","Humid","19.257","deg","87114","µV","25.982","°C","1019.000","hPa","34.1","pmil","0","53.442","deg","23.711","°C","100.000","%a.s.","21.016","deg","23.307","°C","1019.000","hPa","0.861","-0.02617","0.00035","0","0","13.56","Humid","22.75","0","51.00","252467.04","SABD0000000001","AAV1.0.0.11","1.1.2.0","PSt7-10","170328-022","9/30/2017 7:09:10 PM","0000-00","0","no battery","V"
"11/03/2018","09:26:57","9","default","550496092","OXY_CH9","2.932","min","238.706","µmol/L","Humid","19.253","deg","87106","µV","25.997","°C","1019.000","hPa","34.1","pmil","0","53.442","deg","23.711","°C","100.000","%a.s.","21.016","deg","23.307","°C","1019.000","hPa","0.861","-0.02617","0.00035","0","0","13.56","Humid","22.75","0","51.00","252470.42","SABD0000000001","AAV1.0.0.11","1.1.2.0","PSt7-10","170328-022","9/30/2017 7:09:10 PM","0000-00","0","no battery","V"
"11/03/2018","09:26:58","9","default","550496092","OXY_CH9","2.949","min","238.634","µmol/L","Humid","19.258","deg","87101","µV","25.991","°C","1019.000","hPa","34.1","pmil","0","53.442","deg","23.711","°C","100.000","%a.s.","21.016","deg","23.307","°C","1019.000","hPa","0.861","-0.02617","0.00035","0","0","13.56","Humid","22.75","0","51.00","252459.73","SABD0000000001","AAV1.0.0.11","1.1.2.0","PSt7-10","170328-022","9/30/2017 7:09:10 PM","0000-00","0","no battery","V"
"11/03/2018","09:26:59","9","default","550496092","OXY_CH9","2.966","min","238.566","µmol/L","Humid","19.257","deg","87093","µV","26.004","°C","1019.000","hPa","34.1","pmil","0","53.442","deg","23.711","°C","100.000","%a.s.","21.016","deg","23.307","°C","1019.000","hPa","0.861","-0.02617","0.00035","0","0","13.56","Humid","22.75","0","51.00","252449.50","SABD0000000001","AAV1.0.0.11","1.1.2.0","PSt7-10","170328-022","9/30/2017 7:09:10 PM","0000-00","0","no battery","V"
"11/03/2018","09:27:00","9","default","550496092","OXY_CH9","2.983","min","238.809","µmol/L","Humid","19.248","deg","87091","µV","25.998","°C","1019.000","hPa","34.1","pmil","0","53.442","deg","23.711","°C","100.000","%a.s.","21.016","deg","23.307","°C","1019.000","hPa","0.861","-0.02617","0.00035","0","0","13.56","Humid","22.75","0","51.00","252457.28","SABD0000000001","AAV1.0.0.11","1.1.2.0","PSt7-10","170328-022","9/30/2017 7:09:10 PM","0000-00","0","no battery","V"
"11/03/2018","09:27:01","9","default","550496092","OXY_CH9","2.999","min","238.687","µmol/L","Humid","19.252","deg","87081","µV","26.002","°C","1019.000","hPa","34.1","pmil","0","53.442","deg","23.711","°C","100.000","%a.s.","21.016","deg","23.307","°C","1019.000","hPa","0.861","-0.02617","0.00035","0","0","13.56","Humid","22.75","0","51.00","252451.25","SABD0000000001","AAV1.0.0.11","1.1.2.0","PSt7-10","170328-022","9/30/2017 7:09:10 PM","0000-00","0","no battery","V"
"11/03/2018","09:27:02","9","default","550496092","OXY_CH9","3.016","min","238.794","µmol/L","Humid","19.250","deg","87078","µV","25.994","°C","1019.000","hPa","34.1","pmil","0","53.442","deg","23.711","°C","100.000","%a.s.","21.016","deg","23.307","°C","1019.000","hPa","0.861","-0.02617","0.00035","0","0","13.56","Humid","22.75","0","51.00","252453.53","SABD0000000001","AAV1.0.0.11","1.1.2.0","PSt7-10","170328-022","9/30/2017 7:09:10 PM","0000-00","0","no battery","V"
"11/03/2018","09:27:03","9","default","550496092","OXY_CH9","3.032","min","238.840","µmol/L","Humid","19.246","deg","87077","µV","26.000","°C","1019.000","hPa","34.1","pmil","0","53.442","deg","23.711","°C","100.000","%a.s.","21.016","deg","23.307","°C","1019.000","hPa","0.861","-0.02617","0.00035","0","0","13.56","Humid","22.75","0","51.00","252447.47","SABD0000000001","AAV1.0.0.11","1.1.2.0","PSt7-10","170328-022","9/30/2017 7:09:10 PM","0000-00","0","no battery","V"
"11/03/2018","09:27:04","9","default","550496092","OXY_CH9","3.049","min","238.752","µmol/L","Humid","19.252","deg","87073","µV","25.993","°C","1019.000","hPa","34.1","pmil","0","53.442","deg","23.711","°C","100.000","%a.s.","21.016","deg","23.307","°C","1019.000","hPa","0.861","-0.02617","0.00035","0","0","13.56","Humid","22.75","0","51.00","252451.21","SABD0000000001","AAV1.0.0.11","1.1.2.0","PSt7-10","170328-022","9/30/2017 7:09:10 PM","0000-00","0","no battery","V"
"11/03/2018","09:27:05","9","default","550496092","OXY_CH9","3.066","min","238.872","µmol/L","Humid","19.248","deg","87070","µV","25.989","°C","1019.000","hPa","34.1","pmil","0","53.442","deg","23.711","°C","100.000","%a.s.","21.016","deg","23.307","°C","1019.000","hPa","0.861","-0.02617","0.00035","0","0","13.56","Humid","22.75","0","51.00","252445.26","SABD0000000001","AAV1.0.0.11","1.1.2.0","PSt7-10","170328-022","9/30/2017 7:09:10 PM","0000-00","0","no battery","V"
"11/03/2018","09:27:06","9","default","550496092","OXY_CH9","3.082","min","238.805","µmol/L","Humid","19.248","deg","87059","µV","25.999","°C","1019.000","hPa","34.1","pmil","0","53.442","deg","23.711","°C","100.000","%a.s.","21.016","deg","23.307","°C","1019.000","hPa","0.861","-0.02617","0.00035","0","0","13.56","Humid","22.75","0","51.00","252444.83","SABD0000000001","AAV1.0.0.11","1.1.2.0","PSt7-10","170328-022","9/30/2017 7:09:10 PM","0000-00","0","no battery","V"
"11/03/2018","09:27:07","9","default","550496092","OXY_CH9","3.099","min","238.764","µmol/L","Humid","19.250","deg","87064","µV","25.998","°C","1019.000","hPa","34.1","pmil","0","53.442","deg","23.711","°C","100.000","%a.s.","21.016","deg","23.307","°C","1019.000","hPa","0.861","-0.02617","0.00035","0","0","13.56","Humid","22.75","0","51.00","252444.05","SABD0000000001","AAV1.0.0.11","1.1.2.0","PSt7-10","170328-022","9/30/2017 7:09:10 PM","0000-00","0","no battery","V"
"11/03/2018","09:27:08","9","default","550496092","OXY_CH9","3.116","min","238.826","µmol/L","Humid","19.251","deg","87056","µV","25.986","°C","1019.000","hPa","34.1","pmil","0","53.442","deg","23.711","°C","100.000","%a.s.","21.016","deg","23.307","°C","1019.000","hPa","0.861","-0.02617","0.00035","0","0","13.56","Humid","22.75","0","51.00","252445.48","SABD0000000001","AAV1.0.0.11","1.1.2.0","PSt7-10","170328-022","9/30/2017 7:09:10 PM","0000-00","0","no battery","V"
"11/03/2018","09:27:09","9","default","550496092","OXY_CH9","3.133","min","238.863","µmol/L","Humid","19.247","deg","87049","µV","25.994","°C","1019.000","hPa","34.1","pmil","0","53.442","deg","23.711","°C","100.000","%a.s.","21.016","deg","23.307","°C","1019.000","hPa","0.861","-0.02617","0.00035","0","0","13.56","Humid","22.75","0","51.00","252432.75","SABD0000000001","AAV1.0.0.11","1.1.2.0","PSt7-10","170328-022","9/30/2017 7:09:10 PM","0000-00","0","no battery","V"
"11/03/2018","09:27:10","9","default","550496092","OXY_CH9","3.150","min","238.916","µmol/L","Humid","19.246","deg","87044","µV","25.989","°C","1019.000","hPa","34.1","pmil","0","53.442","deg","23.711","°C","100.000","%a.s.","21.016","deg","23.307","°C","1019.000","hPa","0.861","-0.02617","0.00035","0","0","13.56","Humid","22.75","0","51.00","252436.70","SABD0000000001","AAV1.0.0.11","1.1.2.0","PSt7-10","170328-022","9/30/2017 7:09:10 PM","0000-00","0","no battery","V"
"11/03/2018","09:27:11","9","default","550496092","OXY_CH9","3.166","min","238.831","µmol/L","Humid","19.249","deg","87045","µV","25.992","°C","1019.000","hPa","34.1","pmil","0","53.442","deg","23.711","°C","100.000","%a.s.","21.016","deg","23.307","°C","1019.000","hPa","0.861","-0.02617","0.00035","0","0","13.56","Humid","22.75","0","51.00","252424.02","SABD0000000001","AAV1.0.0.11","1.1.2.0","PSt7-10","170328-022","9/30/2017 7:09:10 PM","0000-00","0","no battery","V"
"11/03/2018","09:27:12","9","default","550496092","OXY_CH9","3.182","min","238.900","µmol/L","Humid","19.244","deg","87036","µV","25.998","°C","1019.000","hPa","34.1","pmil","0","53.442","deg","23.711","°C","100.000","%a.s.","21.016","deg","23.307","°C","1019.000","hPa","0.861","-0.02617","0.00035","0","0","13.56","Humid","22.75","0","51.00","252425.85","SABD0000000001","AAV1.0.0.11","1.1.2.0","PSt7-10","170328-022","9/30/2017 7:09:10 PM","0000-00","0","no battery","V"
"11/03/2018","09:27:13","9","default","550496092","OXY_CH9","3.199","min","238.972","µmol/L","Humid","19.244","deg","87032","µV","25.988","°C","1019.000","hPa","34.1","pmil","0","53.442","deg","23.711","°C","100.000","%a.s.","21.016","deg","23.307","°C","1019.000","hPa","0.861","-0.02617","0.00035","0","0","13.56","Humid","22.75","0","51.00","252431.42","SABD0000000001","AAV1.0.0.11","1.1.2.0","PSt7-10","170328-022","9/30/2017 7:09:10 PM","0000-00","0","no battery","V"
"11/03/2018","09:27:14","9","default","550496092","OXY_CH9","3.216","min","238.960","µmol/L","Humid","19.244","deg","87030","µV","25.989","°C","1019.000","hPa","34.1","pmil","0","53.442","deg","23.711","°C","100.000","%a.s.","21.016","deg","23.307","°C","1019.000","hPa","0.861","-0.02617","0.00035","0","0","13.56","Humid","22.75","0","51.00","252436.84","SABD0000000001","AAV1.0.0.11","1.1.2.0","PSt7-10","170328-022","9/30/2017 7:09:10 PM","0000-00","0","no battery","V"
"11/03/2018","09:27:15","9","default","550496092","OXY_CH9","3.232","min","238.962","µmol/L","Humid","19.241","deg","87026","µV","25.999","°C","1019.000","hPa","34.1","pmil","0","53.442","deg","23.711","°C","100.000","%a.s.","21.016","deg","23.307","°C","1019.000","hPa","0.861","-0.02617","0.00035","0","0","13.56","Humid","22.75","0","51.00","252421.36","SABD0000000001","AAV1.0.0.11","1.1.2.0","PSt7-10","170328-022","9/30/2017 7:09:10 PM","0000-00","0","no battery","V"
"11/03/2018","09:27:16","9","default","550496092","OXY_CH9","3.249","min","238.849","µmol/L","Humid","19.245","deg","87019","µV","26.002","°C","1019.000","hPa","34.1","pmil","0","53.442","deg","23.711","°C","100.000","%a.s.","21.016","deg","23.307","°C","1019.000","hPa","0.861","-0.02617","0.00035","0","0","13.56","Humid","22.75","0","51.00","252421.32","SABD0000000001","AAV1.0.0.11","1.1.2.0","PSt7-10","170328-022","9/30/2017 7:09:10 PM","0000-00","0","no battery","V"
"11/03/2018","09:27:17","9","default","550496092","OXY_CH9","3.266","min","238.885","µmol/L","Humid","19.242","deg","87014","µV","26.006","°C","1019.000","hPa","34.1","pmil","0","53.442","deg","23.711","°C","100.000","%a.s.","21.016","deg","23.307","°C","1019.000","hPa","0.861","-0.02617","0.00035","0","0","13.56","Humid","22.75","0","51.00","252408.00","SABD0000000001","AAV1.0.0.11","1.1.2.0","PSt7-10","170328-022","9/30/2017 7:09:10 PM","0000-00","0","no battery","V"
"11/03/2018","09:27:18","9","default","550496092","OXY_CH9","3.283","min","239.049","µmol/L","Humid","19.238","deg","87019","µV","25.996","°C","1019.000","hPa","34.1","pmil","0","53.442","deg","23.711","°C","100.000","%a.s.","21.016","deg","23.307","°C","1019.000","hPa","0.861","-0.02617","0.00035","0","0","13.56","Humid","22.75","0","51.00","252410.10","SABD0000000001","AAV1.0.0.11","1.1.2.0","PSt7-10","170328-022","9/30/2017 7:09:10 PM","0000-00","0","no battery","V"
"11/03/2018","09:27:19","9","default","550496092","OXY_CH9","3.299","min","238.977","µmol/L","Humid","19.240","deg","87013","µV","26.000","°C","1019.000","hPa","34.1","pmil","0","53.442","deg","23.711","°C","100.000","%a.s.","21.016","deg","23.307","°C","1019.000","hPa","0.861","-0.02617","0.00035","0","0","13.56","Humid","22.75","0","51.00","252413.77","SABD0000000001","AAV1.0.0.11","1.1.2.0","PSt7-10","170328-022","9/30/2017 7:09:10 PM","0000-00","0","no battery","V"
"11/03/2018","09:27:20","9","default","550496092","OXY_CH9","3.316","min","239.024","µmol/L","Humid","19.241","deg","87005","µV","25.990","°C","1019.000","hPa","34.1","pmil","0","53.442","deg","23.711","°C","100.000","%a.s.","21.016","deg","23.307","°C","1019.000","hPa","0.861","-0.02617","0.00035","0","0","13.56","Humid","22.75","0","51.00","252419.07","SABD0000000001","AAV1.0.0.11","1.1.2.0","PSt7-10","170328-022","9/30/2017 7:09:10 PM","0000-00","0","no battery","V"
"11/03/2018","09:27:21","9","default","550496092","OXY_CH9","3.333","min","238.946","µmol/L","Humid","19.241","deg","87006","µV","26.001","°C","1019.000","hPa","34.1","pmil","0","53.442","deg","23.711","°C","100.000","%a.s.","21.016","deg","23.307","°C","1019.000","hPa","0.861","-0.02617","0.00035","0","0","13.56","Humid","22.75","0","51.00","252412.81","SABD0000000001","AAV1.0.0.11","1.1.2.0","PSt7-10","170328-022","9/30/2017 7:09:10 PM","0000-00","0","no battery","V"
"11/03/2018","09:27:22","9","default","550496092","OXY_CH9","3.349","min","239.024","µmol/L","Humid","19.239","deg","87001","µV","25.996","°C","1019.000","hPa","34.1","pmil","0","53.442","deg","23.711","°C","100.000","%a.s.","21.016","deg","23.307","°C","1019.000","hPa","0.861","-0.02617","0.00035","0","0","13.56","Humid","22.75","0","51.00","252416.81","SABD0000000001","AAV1.0.0.11","1.1.2.0","PSt7-10","170328-022","9/30/2017 7:09:10 PM","0000-00","0","no battery","V"
"11/03/2018","09:27:23","9","default","550496092","OXY_CH9","3.365","min","239.093","µmol/L","Humid","19.239","deg","86995","µV","25.987","°C","1019.000","hPa","34.1","pmil","0","53.442","deg","23.711","°C","100.000","%a.s.","21.016","deg","23.307","°C","1019.000","hPa","0.861","-0.02617","0.00035","0","0","13.56","Humid","22.75","0","51.00","252410.60","SABD0000000001","AAV1.0.0.11","1.1.2.0","PSt7-10","170328-022","9/30/2017 7:09:10 PM","0000-00","0","no battery","V"
"11/03/2018","09:27:24","9","default","550496092","OXY_CH9","3.382","min","239.019","µmol/L","Humid","19.242","deg","86993","µV","25.988","°C","1019.000","hPa","34.1","pmil","0","53.442","deg","23.711","°C","100.000","%a.s.","21.016","deg","23.307","°C","1019.000","hPa","0.861","-0.02617","0.00035","0","0","13.56","Humid","22.75","0","51.00","252399.68","SABD0000000001","AAV1.0.0.11","1.1.2.0","PSt7-10","170328-022","9/30/2017 7:09:10 PM","0000-00","0","no battery","V"
"11/03/2018","09:27:25","9","default","550496092","OXY_CH9","3.399","min","239.076","µmol/L","Humid","19.236","deg","86985","µV","25.999","°C","1019.000","hPa","34.1","pmil","0","53.442","deg","23.711","°C","100.000","%a.s.","21.016","deg","23.307","°C","1019.000","hPa","0.861","-0.02617","0.00035","0","0","13.56","Humid","22.75","0","51.00","252395.94","SABD0000000001","AAV1.0.0.11","1.1.2.0","PSt7-10","170328-022","9/30/2017 7:09:10 PM","0000-00","0","no battery","V"
"11/03/2018","09:27:26","9","default","550496092","OXY_CH9","3.416","min","238.993","µmol/L","Humid","19.239","deg","86984","µV","26.001","°C","1019.000","hPa","34.1","pmil","0","53.442","deg","23.711","°C","100.000","%a.s.","21.016","deg","23.307","°C","1019.000","hPa","0.861","-0.02617","0.00035","0","0","13.56","Humid","22.75","0","51.00","252407.34","SABD0000000001","AAV1.0.0.11","1.1.2.0","PSt7-10","170328-022","9/30/2017 7:09:10 PM","0000-00","0","no battery","V"
"11/03/2018","09:27:27","9","default","550496092","OXY_CH9","3.433","min","239.025","µmol/L","Humid","19.236","deg","86975","µV","26.006","°C","1019.000","hPa","34.1","pmil","0","53.442","deg","23.711","°C","100.000","%a.s.","21.016","deg","23.307","°C","1019.000","hPa","0.861","-0.02617","0.00035","0","0","13.56","Humid","22.75","0","51.00","252403.69","SABD0000000001","AAV1.0.0.11","1.1.2.0","PSt7-10","170328-022","9/30/2017 7:09:10 PM","0000-00","0","no battery","V"
"11/03/2018","09:27:28","9","default","550496092","OXY_CH9","3.449","min","239.015","µmol/L","Humid","19.237","deg","86968","µV","26.004","°C","1019.000","hPa","34.1","pmil","0","53.442","deg","23.711","°C","100.000","%a.s.","21.016","deg","23.307","°C","1019.000","hPa","0.861","-0.02617","0.00035","0","0","13.56","Humid","22.75","0","51.00","252396.97","SABD0000000001","AAV1.0.0.11","1.1.2.0","PSt7-10","170328-022","9/30/2017 7:09:10 PM","0000-00","0","no battery","V"
"11/03/2018","09:27:29","9","default","550496092","OXY_CH9","3.466","min","239.054","µmol/L","Humid","19.237","deg","86971","µV","25.999","°C","1019.000","hPa","34.1","pmil","0","53.442","deg","23.711","°C","100.000","%a.s.","21.016","deg","23.307","°C","1019.000","hPa","0.861","-0.02617","0.00035","0","0","13.56","Humid","22.75","0","51.00","252399.33","SABD0000000001","AAV1.0.0.11","1.1.2.0","PSt7-10","170328-022","9/30/2017 7:09:10 PM","0000-00","0","no battery","V"
"11/03/2018","09:27:30","9","default","550496092","OXY_CH9","3.483","min","239.173","µmol/L","Humid","19.233","deg","86962","µV","25.995","°C","1019.000","hPa","34.1","pmil","0","53.442","deg","23.711","°C","100.000","%a.s.","21.016","deg","23.307","°C","1019.000","hPa","0.861","-0.02617","0.00035","0","0","13.56","Humid","22.75","0","51.00","252390.87","SABD0000000001","AAV1.0.0.11","1.1.2.0","PSt7-10","170328-022","9/30/2017 7:09:10 PM","0000-00","0","no battery","V"
"11/03/2018","09:27:31","9","default","550496092","OXY_CH9","3.499","min","239.112","µmol/L","Humid","19.232","deg","86953","µV","26.006","°C","1019.000","hPa","34.1","pmil","0","53.442","deg","23.711","°C","100.000","%a.s.","21.016","deg","23.307","°C","1019.000","hPa","0.861","-0.02617","0.00035","0","0","13.56","Humid","22.75","0","51.00","252389.47","SABD0000000001","AAV1.0.0.11","1.1.2.0","PSt7-10","170328-022","9/30/2017 7:09:10 PM","0000-00","0","no battery","V"
"11/03/2018","09:27:32","9","default","550496092","OXY_CH9","3.515","min","239.193","µmol/L","Humid","19.230","deg","86957","µV","26.001","°C","1019.000","hPa","34.1","pmil","0","53.442","deg","23.711","°C","100.000","%a.s.","21.016","deg","23.307","°C","1019.000","hPa","0.861","-0.02617","0.00035","0","0","13.56","Humid","22.75","0","51.00","252381.14","SABD0000000001","AAV1.0.0.11","1.1.2.0","PSt7-10","170328-022","9/30/2017 7:09:10 PM","0000-00","0","no battery","V"
"11/03/2018","09:27:33","9","default","550496092","OXY_CH9","3.532","min","239.080","µmol/L","Humid","19.237","deg","86940","µV","25.995","°C","1019.000","hPa","34.1","pmil","0","53.442","deg","23.711","°C","100.000","%a.s.","21.016","deg","23.307","°C","1019.000","hPa","0.861","-0.02617","0.00035","0","0","13.56","Humid","22.75","0","51.00","252382.11","SABD0000000001","AAV1.0.0.11","1.1.2.0","PSt7-10","170328-022","9/30/2017 7:09:10 PM","0000-00","0","no battery","V"
"11/03/2018","09:27:34","9","default","550496092","OXY_CH9","3.549","min","239.244","µmol/L","Humid","19.235","deg","86950","µV","25.978","°C","1019.000","hPa","34.1","pmil","0","53.442","deg","23.711","°C","100.000","%a.s.","21.016","deg","23.307","°C","1019.000","hPa","0.861","-0.02617","0.00035","0","0","13.56","Humid","22.75","0","51.00","252385.61","SABD0000000001","AAV1.0.0.11","1.1.2.0","PSt7-10","170328-022","9/30/2017 7:09:10 PM","0000-00","0","no battery","V"
"11/03/2018","09:27:35","9","default","550496092","OXY_CH9","3.566","min","239.176","µmol/L","Humid","19.232","deg","86937","µV","25.997","°C","1019.000","hPa","34.1","pmil","0","53.442","deg","23.711","°C","100.000","%a.s.","21.016","deg","23.307","°C","1019.000","hPa","0.861","-0.02617","0.00035","0","0","13.56","Humid","22.75","0","51.00","252373.66","SABD0000000001","AAV1.0.0.11","1.1.2.0","PSt7-10","170328-022","9/30/2017 7:09:10 PM","0000-00","0","no battery","V"
"11/03/2018","09:27:36","9","default","550496092","OXY_CH9","3.583","min","239.170","µmol/L","Humid","19.230","deg","86936","µV","26.005","°C","1019.000","hPa","34.1","pmil","0","53.442","deg","23.711","°C","100.000","%a.s.","21.016","deg","23.307","°C","1019.000","hPa","0.861","-0.02617","0.00035","0","0","13.56","Humid","22.75","0","51.00","252381.66","SABD0000000001","AAV1.0.0.11","1.1.2.0","PSt7-10","170328-022","9/30/2017 7:09:10 PM","0000-00","0","no battery","V"
"11/03/2018","09:27:37","9","default","550496092","OXY_CH9","3.599","min","239.114","µmol/L","Humid","19.229","deg","86922","µV","26.016","°C","1019.000","hPa","34.1","pmil","0","53.442","deg","23.711","°C","100.000","%a.s.","21.016","deg","23.307","°C","1019.000","hPa","0.861","-0.02617","0.00035","0","0","13.56","Humid","22.75","0","51.00","252367.46","SABD0000000001","AAV1.0.0.11","1.1.2.0","PSt7-10","170328-022","9/30/2017 7:09:10 PM","0000-00","0","no battery","V"
"11/03/2018","09:27:38","9","default","550496092","OXY_CH9","3.616","min","239.100","µmol/L","Humid","19.229","deg","86927","µV","26.018","°C","1019.000","hPa","34.1","pmil","0","53.442","deg","23.711","°C","100.000","%a.s.","21.016","deg","23.307","°C","1019.000","hPa","0.861","-0.02617","0.00035","0","0","13.56","Humid","22.75","0","51.00","252365.50","SABD0000000001","AAV1.0.0.11","1.1.2.0","PSt7-10","170328-022","9/30/2017 7:09:10 PM","0000-00","0","no battery","V"
"11/03/2018","09:27:39","9","default","550496092","OXY_CH9","3.633","min","239.289","µmol/L","Humid","19.229","deg","86922","µV","25.991","°C","1019.000","hPa","34.1","pmil","0","53.442","deg","23.711","°C","100.000","%a.s.","21.016","deg","23.307","°C","1019.000","hPa","0.861","-0.02617","0.00035","0","0","13.56","Humid","22.75","0","51.00","252364.97","SABD0000000001","AAV1.0.0.11","1.1.2.0","PSt7-10","170328-022","9/30/2017 7:09:10 PM","0000-00","0","no battery","V"
"11/03/2018","09:27:40","9","default","550496092","OXY_CH9","3.649","min","239.355","µmol/L","Humid","19.222","deg","86923","µV","26.004","°C","1019.000","hPa","34.1","pmil","0","53.442","deg","23.711","°C","100.000","%a.s.","21.016","deg","23.307","°C","1019.000","hPa","0.861","-0.02617","0.00035","0","0","13.56","Humid","22.75","0","51.00","252364.47","SABD0000000001","AAV1.0.0.11","1.1.2.0","PSt7-10","170328-022","9/30/2017 7:09:10 PM","0000-00","0","no battery","V"
"11/03/2018","09:27:41","9","default","550496092","OXY_CH9","3.666","min","239.163","µmol/L","Humid","19.230","deg","86914","µV","26.006","°C","1019.000","hPa","34.1","pmil","0","53.442","deg","23.711","°C","100.000","%a.s.","21.016","deg","23.307","°C","1019.000","hPa","0.861","-0.02617","0.00035","0","0","13.56","Humid","22.75","0","51.00","252354.76","SABD0000000001","AAV1.0.0.11","1.1.2.0","PSt7-10","170328-022","9/30/2017 7:09:10 PM","0000-00","0","no battery","V"
"11/03/2018","09:27:42","9","default","550496092","OXY_CH9","3.682","min","239.295","µmol/L","Humid","19.229","deg","86907","µV","25.990","°C","1019.000","hPa","34.1","pmil","0","53.442","deg","23.711","°C","100.000","%a.s.","21.016","deg","23.307","°C","1019.000","hPa","0.861","-0.02617","0.00035","0","0","13.56","Humid","22.75","0","51.00","252363.13","SABD0000000001","AAV1.0.0.11","1.1.2.0","PSt7-10","170328-022","9/30/2017 7:09:10 PM","0000-00","0","no battery","V"
"11/03/2018","09:27:43","9","default","550496092","OXY_CH9","3.699","min","239.264","µmol/L","Humid","19.227","deg","86901","µV","26.001","°C","1019.000","hPa","34.1","pmil","0","53.442","deg","23.711","°C","100.000","%a.s.","21.016","deg","23.307","°C","1019.000","hPa","0.861","-0.02617","0.00035","0","0","13.56","Humid","22.75","0","51.00","252365.46","SABD0000000001","AAV1.0.0.11","1.1.2.0","PSt7-10","170328-022","9/30/2017 7:09:10 PM","0000-00","0","no battery","V"
"11/03/2018","09:27:44","9","default","550496092","OXY_CH9","3.716","min","239.362","µmol/L","Humid","19.223","deg","86895","µV","26.000","°C","1019.000","hPa","34.1","pmil","0","53.442","deg","23.711","°C","100.000","%a.s.","21.016","deg","23.307","°C","1019.000","hPa","0.861","-0.02617","0.00035","0","0","13.56","Humid","22.75","0","51.00","252357.17","SABD0000000001","AAV1.0.0.11","1.1.2.0","PSt7-10","170328-022","9/30/2017 7:09:10 PM","0000-00","0","no battery","V"
"11/03/2018","09:27:45","9","default","550496092","OXY_CH9","3.733","min","239.228","µmol/L","Humid","19.225","deg","86897","µV","26.013","°C","1019.000","hPa","34.1","pmil","0","53.442","deg","23.711","°C","100.000","%a.s.","21.016","deg","23.307","°C","1019.000","hPa","0.861","-0.02617","0.00035","0","0","13.56","Humid","22.75","0","51.00","252356.77","SABD0000000001","AAV1.0.0.11","1.1.2.0","PSt7-10","170328-022","9/30/2017 7:09:10 PM","0000-00","0","no battery","V"
"11/03/2018","09:27:46","9","default","550496092","OXY_CH9","3.749","min","239.378","µmol/L","Humid","19.222","deg","86892","µV","26.001","°C","1019.000","hPa","34.1","pmil","0","53.442","deg","23.711","°C","100.000","%a.s.","21.016","deg","23.307","°C","1019.000","hPa","0.861","-0.02617","0.00035","0","0","13.56","Humid","22.75","0","51.00","252350.18","SABD0000000001","AAV1.0.0.11","1.1.2.0","PSt7-10","170328-022","9/30/2017 7:09:10 PM","0000-00","0","no battery","V"
"11/03/2018","09:27:47","9","default","550496092","OXY_CH9","3.766","min","239.355","µmol/L","Humid","19.226","deg","86884","µV","25.991","°C","1019.000","hPa","34.1","pmil","0","53.442","deg","23.711","°C","100.000","%a.s.","21.016","deg","23.307","°C","1019.000","hPa","0.861","-0.02617","0.00035","0","0","13.56","Humid","22.75","0","51.00","252348.58","SABD0000000001","AAV1.0.0.11","1.1.2.0","PSt7-10","170328-022","9/30/2017 7:09:10 PM","0000-00","0","no battery","V"
"11/03/2018","09:27:48","9","default","550496092","OXY_CH9","3.783","min","239.372","µmol/L","Humid","19.225","deg","86873","µV","25.992","°C","1019.000","hPa","34.1","pmil","0","53.442","deg","23.711","°C","100.000","%a.s.","21.016","deg","23.307","°C","1019.000","hPa","0.861","-0.02617","0.00035","0","0","13.56","Humid","22.75","0","51.00","252344.13","SABD0000000001","AAV1.0.0.11","1.1.2.0","PSt7-10","170328-022","9/30/2017 7:09:10 PM","0000-00","0","no battery","V"
"11/03/2018","09:27:49","9","default","550496092","OXY_CH9","3.799","min","239.383","µmol/L","Humid","19.221","deg","86875","µV","26.003","°C","1019.000","hPa","34.1","pmil","0","53.442","deg","23.711","°C","100.000","%a.s.","21.016","deg","23.307","°C","1019.000","hPa","0.861","-0.02617","0.00035","0","0","13.56","Humid","22.75","0","51.00","252340.15","SABD0000000001","AAV1.0.0.11","1.1.2.0","PSt7-10","170328-022","9/30/2017 7:09:10 PM","0000-00","0","no battery","V"
"11/03/2018","09:27:50","9","default","550496092","OXY_CH9","3.815","min","239.464","µmol/L","Humid","19.220","deg","86865","µV","25.995","°C","1019.000","hPa","34.1","pmil","0","53.442","deg","23.711","°C","100.000","%a.s.","21.016","deg","23.307","°C","1019.000","hPa","0.861","-0.02617","0.00035","0","0","13.56","Humid","22.75","0","51.00","252345.24","SABD0000000001","AAV1.0.0.11","1.1.2.0","PSt7-10","170328-022","9/30/2017 7:09:10 PM","0000-00","0","no battery","V"
"11/03/2018","09:27:51","9","default","550496092","OXY_CH9","3.832","min","239.510","µmol/L","Humid","19.218","deg","86863","µV","25.995","°C","1019.000","hPa","34.1","pmil","0","53.442","deg","23.711","°C","100.000","%a.s.","21.016","deg","23.307","°C","1019.000","hPa","0.861","-0.02617","0.00035","0","0","13.56","Humid","22.75","0","51.00","252344.90","SABD0000000001","AAV1.0.0.11","1.1.2.0","PSt7-10","170328-022","9/30/2017 7:09:10 PM","0000-00","0","no battery","V"
"11/03/2018","09:27:52","9","default","550496092","OXY_CH9","3.849","min","239.430","µmol/L","Humid","19.224","deg","86854","µV","25.987","°C","1019.000","hPa","34.1","pmil","0","53.442","deg","23.711","°C","100.000","%a.s.","21.016","deg","23.307","°C","1019.000","hPa","0.861","-0.02617","0.00035","0","0","13.56","Humid","22.75","0","51.00","252350.11","SABD0000000001","AAV1.0.0.11","1.1.2.0","PSt7-10","170328-022","9/30/2017 7:09:10 PM","0000-00","0","no battery","V"
"11/03/2018","09:27:53","9","default","550496092","OXY_CH9","3.866","min","239.462","µmol/L","Humid","19.220","deg","86852","µV","25.995","°C","1019.000","hPa","34.1","pmil","0","53.442","deg","23.711","°C","100.000","%a.s.","21.016","deg","23.307","°C","1019.000","hPa","0.861","-0.02617","0.00035","0","0","13.56","Humid","22.75","0","51.00","252336.42","SABD0000000001","AAV1.0.0.11","1.1.2.0","PSt7-10","170328-022","9/30/2017 7:09:10 PM","0000-00","0","no battery","V"
"11/03/2018","09:27:54","9","default","550496092","OXY_CH9","3.883","min","239.282","µmol/L","Humid","19.219","deg","86853","µV","26.024","°C","1019.000","hPa","34.1","pmil","0","53.442","deg","23.711","°C","100.000","%a.s.","21.016","deg","23.307","°C","1019.000","hPa","0.861","-0.02617","0.00035","0","0","13.56","Humid","22.75","0","51.00","252331.15","SABD0000000001","AAV1.0.0.11","1.1.2.0","PSt7-10","170328-022","9/30/2017 7:09:10 PM","0000-00","0","no battery","V"
"11/03/2018","09:27:55","9","default","550496092","OXY_CH9","3.899","min","239.277","µmol/L","Humid","19.219","deg","86846","µV","26.025","°C","1019.000","hPa","34.1","pmil","0","53.442","deg","23.711","°C","100.000","%a.s.","21.016","deg","23.307","°C","1019.000","hPa","0.861","-0.02617","0.00035","0","0","13.56","Humid","22.75","0","51.00","252321.26","SABD0000000001","AAV1.0.0.11","1.1.2.0","PSt7-10","170328-022","9/30/2017 7:09:10 PM","0000-00","0","no battery","V"
"11/03/2018","09:27:56","9","default","550496092","OXY_CH9","3.916","min","239.458","µmol/L","Humid","19.216","deg","86842","µV","26.009","°C","1019.000","hPa","34.1","pmil","0","53.442","deg","23.711","°C","100.000","%a.s.","21.016","deg","23.307","°C","1019.000","hPa","0.861","-0.02617","0.00035","0","0","13.56","Humid","22.75","0","51.00","252325.26","SABD0000000001","AAV1.0.0.11","1.1.2.0","PSt7-10","170328-022","9/30/2017 7:09:10 PM","0000-00","0","no battery","V"
"11/03/2018","09:27:57","9","default","550496092","OXY_CH9","3.933","min","239.435","µmol/L","Humid","19.217","deg","86832","µV","26.009","°C","1019.000","hPa","34.1","pmil","0","53.442","deg","23.711","°C","100.000","%a.s.","21.016","deg","23.307","°C","1019.000","hPa","0.861","-0.02617","0.00035","0","0","13.56","Humid","22.75","0","51.00","252324.81","SABD0000000001","AAV1.0.0.11","1.1.2.0","PSt7-10","170328-022","9/30/2017 7:09:10 PM","0000-00","0","no battery","V"
"11/03/2018","09:27:58","9","default","550496092","OXY_CH9","3.949","min","239.432","µmol/L","Humid","19.216","deg","86835","µV","26.013","°C","1019.000","hPa","34.1","pmil","0","53.442","deg","23.711","°C","100.000","%a.s.","21.016","deg","23.307","°C","1019.000","hPa","0.861","-0.02617","0.00035","0","0","13.56","Humid","22.75","0","51.00","252328.50","SABD0000000001","AAV1.0.0.11","1.1.2.0","PSt7-10","170328-022","9/30/2017 7:09:10 PM","0000-00","0","no battery","V"
"11/03/2018","09:27:59","9","default","550496092","OXY_CH9","3.966","min","239.426","µmol/L","Humid","19.220","deg","86837","µV","26.001","°C","1019.000","hPa","34.1","pmil","0","53.442","deg","23.711","°C","100.000","%a.s.","21.016","deg","23.307","°C","1019.000","hPa","0.861","-0.02617","0.00035","0","0","13.56","Humid","22.75","0","51.00","252323.55","SABD0000000001","AAV1.0.0.11","1.1.2.0","PSt7-10","170328-022","9/30/2017 7:09:10 PM","0000-00","0","no battery","V"
"11/03/2018","09:28:00","9","default","550496092","OXY_CH9","3.982","min","239.479","µmol/L","Humid","19.213","deg","86829","µV","26.016","°C","1019.000","hPa","34.1","pmil","0","53.442","deg","23.711","°C","100.000","%a.s.","21.016","deg","23.307","°C","1019.000","hPa","0.861","-0.02617","0.00035","0","0","13.56","Humid","22.75","0","51.00","252320.37","SABD0000000001","AAV1.0.0.11","1.1.2.0","PSt7-10","170328-022","9/30/2017 7:09:10 PM","0000-00","0","no battery","V"
"11/03/2018","09:28:01","9","default","550496092","OXY_CH9","3.999","min","239.530","µmol/L","Humid","19.215","deg","86824","µV","26.002","°C","1019.000","hPa","34.1","pmil","0","53.442","deg","23.711","°C","100.000","%a.s.","21.016","deg","23.307","°C","1019.000","hPa","0.861","-0.02617","0.00035","0","0","13.56","Humid","22.75","0","51.00","252315.43","SABD0000000001","AAV1.0.0.11","1.1.2.0","PSt7-10","170328-022","9/30/2017 7:09:10 PM","0000-00","0","no battery","V"
"11/03/2018","09:28:02","9","default","550496092","OXY_CH9","4.016","min","239.615","µmol/L","Humid","19.213","deg","86819","µV","25.996","°C","1019.000","hPa","34.1","pmil","0","53.442","deg","23.711","°C","100.000","%a.s.","21.016","deg","23.307","°C","1019.000","hPa","0.861","-0.02617","0.00035","0","0","13.56","Humid","22.75","0","51.00","252314.98","SABD0000000001","AAV1.0.0.11","1.1.2.0","PSt7-10","170328-022","9/30/2017 7:09:10 PM","0000-00","0","no battery","V"
"11/03/2018","09:28:03","9","default","550496092","OXY_CH9","4.033","min","239.555","µmol/L","Humid","19.217","deg","86814","µV","25.992","°C","1019.000","hPa","34.1","pmil","0","53.442","deg","23.711","°C","100.000","%a.s.","21.016","deg","23.307","°C","1019.000","hPa","0.861","-0.02617","0.00035","0","0","13.56","Humid","22.75","0","51.00","252317.39","SABD0000000001","AAV1.0.0.11","1.1.2.0","PSt7-10","170328-022","9/30/2017 7:09:10 PM","0000-00","0","no battery","V"
"11/03/2018","09:28:04","9","default","550496092","OXY_CH9","4.050","min","239.582","µmol/L","Humid","19.210","deg","86807","µV","26.011","°C","1019.000","hPa","34.1","pmil","0","53.442","deg","23.711","°C","100.000","%a.s.","21.016","deg","23.307","°C","1019.000","hPa","0.861","-0.02617","0.00035","0","0","13.56","Humid","22.75","0","51.00","252318.16","SABD0000000001","AAV1.0.0.11","1.1.2.0","PSt7-10","170328-022","9/30/2017 7:09:10 PM","0000-00","0","no battery","V"
"11/03/2018","09:28:05","9","default","550496092","OXY_CH9","4.066","min","239.640","µmol/L","Humid","19.212","deg","86811","µV","25.996","°C","1019.000","hPa","34.1","pmil","0","53.442","deg","23.711","°C","100.000","%a.s.","21.016","deg","23.307","°C","1019.000","hPa","0.861","-0.02617","0.00035","0","0","13.56","Humid","22.75","0","51.00","252318.55","SABD0000000001","AAV1.0.0.11","1.1.2.0","PSt7-10","170328-022","9/30/2017 7:09:10 PM","0000-00","0","no battery","V"
"11/03/2018","09:28:06","9","default","550496092","OXY_CH9","4.082","min","239.706","µmol/L","Humid","19.211","deg","86803","µV","25.990","°C","1019.000","hPa","34.1","pmil","0","53.442","deg","23.711","°C","100.000","%a.s.","21.016","deg","23.307","°C","1019.000","hPa","0.861","-0.02617","0.00035","0","0","13.56","Humid","22.75","0","51.00","252313.62","SABD0000000001","AAV1.0.0.11","1.1.2.0","PSt7-10","170328-022","9/30/2017 7:09:10 PM","0000-00","0","no battery","V"
"11/03/2018","09:28:07","9","default","550496092","OXY_CH9","4.099","min","239.522","µmol/L","Humid","19.213","deg","86802","µV","26.009","°C","1019.000","hPa","34.1","pmil","0","53.442","deg","23.711","°C","100.000","%a.s.","21.016","deg","23.307","°C","1019.000","hPa","0.861","-0.02617","0.00035","0","0","13.56","Humid","22.75","0","51.00","252309.59","SABD0000000001","AAV1.0.0.11","1.1.2.0","PSt7-10","170328-022","9/30/2017 7:09:10 PM","0000-00","0","no battery","V"
"11/03/2018","09:28:08","9","default","550496092","OXY_CH9","4.116","min","239.724","µmol/L","Humid","19.209","deg","86795","µV","25.994","°C","1019.000","hPa","34.1","pmil","0","53.442","deg","23.711","°C","100.000","%a.s.","21.016","deg","23.307","°C","1019.000","hPa","0.861","-0.02617","0.00035","0","0","13.56","Humid","22.75","0","51.00","252306.46","SABD0000000001","AAV1.0.0.11","1.1.2.0","PSt7-10","170328-022","9/30/2017 7:09:10 PM","0000-00","0","no battery","V"
"11/03/2018","09:28:09","9","default","550496092","OXY_CH9","4.132","min","239.641","µmol/L","Humid","19.213","deg","86786","µV","25.993","°C","1019.000","hPa","34.1","pmil","0","53.442","deg","23.711","°C","100.000","%a.s.","21.016","deg","23.307","°C","1019.000","hPa","0.861","-0.02617","0.00035","0","0","13.56","Humid","22.75","0","51.00","252306.11","SABD0000000001","AAV1.0.0.11","1.1.2.0","PSt7-10","170328-022","9/30/2017 7:09:10 PM","0000-00","0","no battery","V"
"11/03/2018","09:28:10","9","default","550496092","OXY_CH9","4.149","min","239.693","µmol/L","Humid","19.209","deg","86784","µV","25.998","°C","1019.000","hPa","34.1","pmil","0","53.442","deg","23.711","°C","100.000","%a.s.","21.016","deg","23.307","°C","1019.000","hPa","0.861","-0.02617","0.00035","0","0","13.56","Humid","22.75","0","51.00","252310.66","SABD0000000001","AAV1.0.0.11","1.1.2.0","PSt7-10","170328-022","9/30/2017 7:09:10 PM","0000-00","0","no battery","V"
"11/03/2018","09:28:11","9","default","550496092","OXY_CH9","4.166","min","239.737","µmol/L","Humid","19.209","deg","86779","µV","25.992","°C","1019.000","hPa","34.1","pmil","0","53.442","deg","23.711","°C","100.000","%a.s.","21.016","deg","23.307","°C","1019.000","hPa","0.861","-0.02617","0.00035","0","0","13.56","Humid","22.75","0","51.00","252298.91","SABD0000000001","AAV1.0.0.11","1.1.2.0","PSt7-10","170328-022","9/30/2017 7:09:10 PM","0000-00","0","no battery","V"
"11/03/2018","09:28:12","9","default","550496092","OXY_CH9","4.183","min","239.832","µmol/L","Humid","19.206","deg","86775","µV","25.988","°C","1019.000","hPa","34.1","pmil","0","53.442","deg","23.711","°C","100.000","%a.s.","21.016","deg","23.307","°C","1019.000","hPa","0.861","-0.02617","0.00035","0","0","13.56","Humid","22.75","0","51.00","252298.22","SABD0000000001","AAV1.0.0.11","1.1.2.0","PSt7-10","170328-022","9/30/2017 7:09:10 PM","0000-00","0","no battery","V"
"11/03/2018","09:28:13","9","default","550496092","OXY_CH9","4.199","min","239.519","µmol/L","Humid","19.210","deg","86771","µV","26.019","°C","1019.000","hPa","34.1","pmil","0","53.442","deg","23.711","°C","100.000","%a.s.","21.016","deg","23.307","°C","1019.000","hPa","0.861","-0.02617","0.00035","0","0","13.56","Humid","22.75","0","51.00","252299.46","SABD0000000001","AAV1.0.0.11","1.1.2.0","PSt7-10","170328-022","9/30/2017 7:09:10 PM","0000-00","0","no battery","V"
"11/03/2018","09:28:14","9","default","550496092","OXY_CH9","4.215","min","239.604","µmol/L","Humid","19.206","deg","86758","µV","26.020","°C","1019.000","hPa","34.1","pmil","0","53.442","deg","23.711","°C","100.000","%a.s.","21.016","deg","23.307","°C","1019.000","hPa","0.861","-0.02617","0.00035","0","0","13.56","Humid","22.75","0","51.00","252289.51","SABD0000000001","AAV1.0.0.11","1.1.2.0","PSt7-10","170328-022","9/30/2017 7:09:10 PM","0000-00","0","no battery","V"
"11/03/2018","09:28:15","9","default","550496092","OXY_CH9","4.232","min","239.716","µmol/L","Humid","19.204","deg","86755","µV","26.011","°C","1019.000","hPa","34.1","pmil","0","53.442","deg","23.711","°C","100.000","%a.s.","21.016","deg","23.307","°C","1019.000","hPa","0.861","-0.02617","0.00035","0","0","13.56","Humid","22.75","0","51.00","252293.35","SABD0000000001","AAV1.0.0.11","1.1.2.0","PSt7-10","170328-022","9/30/2017 7:09:10 PM","0000-00","0","no battery","V"
"11/03/2018","09:28:16","9","default","550496092","OXY_CH9","4.249","min","239.730","µmol/L","Humid","19.204","deg","86752","µV","26.009","°C","1019.000","hPa","34.1","pmil","0","53.442","deg","23.711","°C","100.000","%a.s.","21.016","deg","23.307","°C","1019.000","hPa","0.861","-0.02617","0.00035","0","0","13.56","Humid","22.75","0","51.00","252291.84","SABD0000000001","AAV1.0.0.11","1.1.2.0","PSt7-10","170328-022","9/30/2017 7:09:10 PM","0000-00","0","no battery","V"
"11/03/2018","09:28:17","9","default","550496092","OXY_CH9","4.266","min","239.766","µmol/L","Humid","19.201","deg","86760","µV","26.014","°C","1019.000","hPa","34.1","pmil","0","53.442","deg","23.711","°C","100.000","%a.s.","21.016","deg","23.307","°C","1019.000","hPa","0.861","-0.02617","0.00035","0","0","13.56","Humid","22.75","0","51.00","252295.36","SABD0000000001","AAV1.0.0.11","1.1.2.0","PSt7-10","170328-022","9/30/2017 7:09:10 PM","0000-00","0","no battery","V"
"11/03/2018","09:28:18","9","default","550496092","OXY_CH9","4.283","min","239.744","µmol/L","Humid","19.204","deg","86746","µV","26.007","°C","1019.000","hPa","34.1","pmil","0","53.442","deg","23.711","°C","100.000","%a.s.","21.016","deg","23.307","°C","1019.000","hPa","0.861","-0.02617","0.00035","0","0","13.56","Humid","22.75","0","51.00","252283.16","SABD0000000001","AAV1.0.0.11","1.1.2.0","PSt7-10","170328-022","9/30/2017 7:09:10 PM","0000-00","0","no battery","V"
"11/03/2018","09:28:19","9","default","550496092","OXY_CH9","4.299","min","239.730","µmol/L","Humid","19.203","deg","86740","µV","26.012","°C","1019.000","hPa","34.1","pmil","0","53.442","deg","23.711","°C","100.000","%a.s.","21.016","deg","23.307","°C","1019.000","hPa","0.861","-0.02617","0.00035","0","0","13.56","Humid","22.75","0","51.00","252277.59","SABD0000000001","AAV1.0.0.11","1.1.2.0","PSt7-10","170328-022","9/30/2017 7:09:10 PM","0000-00","0","no battery","V"
"11/03/2018","09:28:20","9","default","550496092","OXY_CH9","4.316","min","239.915","µmol/L","Humid","19.201","deg","86740","µV","25.993","°C","1019.000","hPa","34.1","pmil","0","53.442","deg","23.711","°C","100.000","%a.s.","21.016","deg","23.307","°C","1019.000","hPa","0.861","-0.02617","0.00035","0","0","13.56","Humid","22.75","0","51.00","252287.65","SABD0000000001","AAV1.0.0.11","1.1.2.0","PSt7-10","170328-022","9/30/2017 7:09:10 PM","0000-00","0","no battery","V"
"11/03/2018","09:28:21","9","default","550496092","OXY_CH9","4.333","min","239.806","µmol/L","Humid","19.201","deg","86740","µV","26.008","°C","1019.000","hPa","34.1","pmil","0","53.442","deg","23.711","°C","100.000","%a.s.","21.016","deg","23.307","°C","1019.000","hPa","0.861","-0.02617","0.00035","0","0","13.56","Humid","22.75","0","51.00","252284.99","SABD0000000001","AAV1.0.0.11","1.1.2.0","PSt7-10","170328-022","9/30/2017 7:09:10 PM","0000-00","0","no battery","V"
"11/03/2018","09:28:22","9","default","550496092","OXY_CH9","4.349","min","239.729","µmol/L","Humid","19.203","deg","86732","µV","26.012","°C","1019.000","hPa","34.1","pmil","0","53.442","deg","23.711","°C","100.000","%a.s.","21.016","deg","23.307","°C","1019.000","hPa","0.861","-0.02617","0.00035","0","0","13.56","Humid","22.75","0","51.00","252276.71","SABD0000000001","AAV1.0.0.11","1.1.2.0","PSt7-10","170328-022","9/30/2017 7:09:10 PM","0000-00","0","no battery","V"
"11/03/2018","09:28:23","9","default","550496092","OXY_CH9","4.365","min","239.844","µmol/L","Humid","19.198","deg","86726","µV","26.012","°C","1019.000","hPa","34.1","pmil","0","53.442","deg","23.711","°C","100.000","%a.s.","21.016","deg","23.307","°C","1019.000","hPa","0.861","-0.02617","0.00035","0","0","13.56","Humid","22.75","0","51.00","252278.40","SABD0000000001","AAV1.0.0.11","1.1.2.0","PSt7-10","170328-022","9/30/2017 7:09:10 PM","0000-00","0","no battery","V"
"11/03/2018","09:28:24","9","default","550496092","OXY_CH9","4.382","min","239.907","µmol/L","Humid","19.198","deg","86723","µV","26.003","°C","1019.000","hPa","34.1","pmil","0","53.442","deg","23.711","°C","100.000","%a.s.","21.016","deg","23.307","°C","1019.000","hPa","0.861","-0.02617","0.00035","0","0","13.56","Humid","22.75","0","51.00","252279.91","SABD0000000001","AAV1.0.0.11","1.1.2.0","PSt7-10","170328-022","9/30/2017 7:09:10 PM","0000-00","0","no battery","V"
"11/03/2018","09:28:25","9","default","550496092","OXY_CH9","4.399","min","239.784","µmol/L","Humid","19.203","deg","86716","µV","26.005","°C","1019.000","hPa","34.1","pmil","0","53.442","deg","23.711","°C","100.000","%a.s.","21.016","deg","23.307","°C","1019.000","hPa","0.861","-0.02617","0.00035","0","0","13.56","Humid","22.75","0","51.00","252269.76","SABD0000000001","AAV1.0.0.11","1.1.2.0","PSt7-10","170328-022","9/30/2017 7:09:10 PM","0000-00","0","no battery","V"
"11/03/2018","09:28:26","9","default","550496092","OXY_CH9","4.416","min","239.867","µmol/L","Humid","19.199","deg","86713","µV","26.006","°C","1019.000","hPa","34.1","pmil","0","53.442","deg","23.711","°C","100.000","%a.s.","21.016","deg","23.307","°C","1019.000","hPa","0.861","-0.02617","0.00035","0","0","13.56","Humid","22.75","0","51.00","252264.68","SABD0000000001","AAV1.0.0.11","1.1.2.0","PSt7-10","170328-022","9/30/2017 7:09:10 PM","0000-00","0","no battery","V"
"11/03/2018","09:28:27","9","default","550496092","OXY_CH9","4.433","min","239.847","µmol/L","Humid","19.202","deg","86714","µV","25.999","°C","1019.000","hPa","34.1","pmil","0","53.442","deg","23.711","°C","100.000","%a.s.","21.016","deg","23.307","°C","1019.000","hPa","0.861","-0.02617","0.00035","0","0","13.56","Humid","22.75","0","51.00","252261.70","SABD0000000001","AAV1.0.0.11","1.1.2.0","PSt7-10","170328-022","9/30/2017 7:09:10 PM","0000-00","0","no battery","V"
"11/03/2018","09:28:28","9","default","550496092","OXY_CH9","4.449","min","239.924","µmol/L","Humid","19.199","deg","86705","µV","25.998","°C","1019.000","hPa","34.1","pmil","0","53.442","deg","23.711","°C","100.000","%a.s.","21.016","deg","23.307","°C","1019.000","hPa","0.861","-0.02617","0.00035","0","0","13.56","Humid","22.75","0","51.00","252252.49","SABD0000000001","AAV1.0.0.11","1.1.2.0","PSt7-10","170328-022","9/30/2017 7:09:10 PM","0000-00","0","no battery","V"
"11/03/2018","09:28:29","9","default","550496092","OXY_CH9","4.466","min","239.843","µmol/L","Humid","19.196","deg","86700","µV","26.019","°C","1019.000","hPa","34.1","pmil","0","53.442","deg","23.711","°C","100.000","%a.s.","21.016","deg","23.307","°C","1019.000","hPa","0.861","-0.02617","0.00035","0","0","13.56","Humid","22.75","0","51.00","252256.81","SABD0000000001","AAV1.0.0.11","1.1.2.0","PSt7-10","170328-022","9/30/2017 7:09:10 PM","0000-00","0","no battery","V"
"11/03/2018","09:28:30","9","default","550496092","OXY_CH9","4.483","min","239.983","µmol/L","Humid","19.196","deg","86698","µV","25.999","°C","1019.000","hPa","34.1","pmil","0","53.442","deg","23.711","°C","100.000","%a.s.","21.016","deg","23.307","°C","1019.000","hPa","0.861","-0.02617","0.00035","0","0","13.56","Humid","22.75","0","51.00","252268.44","SABD0000000001","AAV1.0.0.11","1.1.2.0","PSt7-10","170328-022","9/30/2017 7:09:10 PM","0000-00","0","no battery","V"
"11/03/2018","09:28:31","9","default","550496092","OXY_CH9","4.499","min","239.966","µmol/L","Humid","19.196","deg","86696","µV","26.001","°C","1019.000","hPa","34.1","pmil","0","53.442","deg","23.711","°C","100.000","%a.s.","21.016","deg","23.307","°C","1019.000","hPa","0.861","-0.02617","0.00035","0","0","13.56","Humid","22.75","0","51.00","252262.05","SABD0000000001","AAV1.0.0.11","1.1.2.0","PSt7-10","170328-022","9/30/2017 7:09:10 PM","0000-00","0","no battery","V"
"11/03/2018","09:28:32","9","default","550496092","OXY_CH9","4.516","min","239.991","µmol/L","Humid","19.193","deg","86681","µV","26.008","°C","1019.000","hPa","34.1","pmil","0","53.442","deg","23.711","°C","100.000","%a.s.","21.016","deg","23.307","°C","1019.000","hPa","0.861","-0.02617","0.00035","0","0","13.56","Humid","22.75","0","51.00","252259.29","SABD0000000001","AAV1.0.0.11","1.1.2.0","PSt7-10","170328-022","9/30/2017 7:09:10 PM","0000-00","0","no battery","V"
"11/03/2018","09:28:33","9","default","550496092","OXY_CH9","4.532","min","239.875","µmol/L","Humid","19.196","deg","86679","µV","26.014","°C","1019.000","hPa","34.1","pmil","0","53.442","deg","23.711","°C","100.000","%a.s.","21.016","deg","23.307","°C","1019.000","hPa","0.861","-0.02617","0.00035","0","0","13.56","Humid","22.75","0","51.00","252250.25","SABD0000000001","AAV1.0.0.11","1.1.2.0","PSt7-10","170328-022","9/30/2017 7:09:10 PM","0000-00","0","no battery","V"
"11/03/2018","09:28:34","9","default","550496092","OXY_CH9","4.549","min","239.905","µmol/L","Humid","19.195","deg","86679","µV","26.013","°C","1019.000","hPa","34.1","pmil","0","53.442","deg","23.711","°C","100.000","%a.s.","21.016","deg","23.307","°C","1019.000","hPa","0.861","-0.02617","0.00035","0","0","13.56","Humid","22.75","0","51.00","252261.24","SABD0000000001","AAV1.0.0.11","1.1.2.0","PSt7-10","170328-022","9/30/2017 7:09:10 PM","0000-00","0","no battery","V"
"11/03/2018","09:28:35","9","default","550496092","OXY_CH9","4.566","min","239.955","µmol/L","Humid","19.195","deg","86676","µV","26.006","°C","1019.000","hPa","34.1","pmil","0","53.442","deg","23.711","°C","100.000","%a.s.","21.016","deg","23.307","°C","1019.000","hPa","0.861","-0.02617","0.00035","0","0","13.56","Humid","22.75","0","51.00","252246.13","SABD0000000001","AAV1.0.0.11","1.1.2.0","PSt7-10","170328-022","9/30/2017 7:09:10 PM","0000-00","0","no battery","V"
"11/03/2018","09:28:36","9","default","550496092","OXY_CH9","4.583","min","239.992","µmol/L","Humid","19.193","deg","86673","µV","26.007","°C","1019.000","hPa","34.1","pmil","0","53.442","deg","23.711","°C","100.000","%a.s.","21.016","deg","23.307","°C","1019.000","hPa","0.861","-0.02617","0.00035","0","0","13.56","Humid","22.75","0","51.00","252244.65","SABD0000000001","AAV1.0.0.11","1.1.2.0","PSt7-10","170328-022","9/30/2017 7:09:10 PM","0000-00","0","no battery","V"
"11/03/2018","09:28:37","9","default","550496092","OXY_CH9","4.599","min","239.958","µmol/L","Humid","19.197","deg","86669","µV","25.999","°C","1019.000","hPa","34.1","pmil","0","53.442","deg","23.711","°C","100.000","%a.s.","21.016","deg","23.307","°C","1019.000","hPa","0.861","-0.02617","0.00035","0","0","13.56","Humid","22.75","0","51.00","252252.23","SABD0000000001","AAV1.0.0.11","1.1.2.0","PSt7-10","170328-022","9/30/2017 7:09:10 PM","0000-00","0","no battery","V"
"11/03/2018","09:28:38","9","default","550496092","OXY_CH9","4.616","min","239.931","µmol/L","Humid","19.196","deg","86669","µV","26.006","°C","1019.000","hPa","34.1","pmil","0","53.442","deg","23.711","°C","100.000","%a.s.","21.016","deg","23.307","°C","1019.000","hPa","0.861","-0.02617","0.00035","0","0","13.56","Humid","22.75","0","51.00","252243.66","SABD0000000001","AAV1.0.0.11","1.1.2.0","PSt7-10","170328-022","9/30/2017 7:09:10 PM","0000-00","0","no battery","V"
"11/03/2018","09:28:39","9","default","550496092","OXY_CH9","4.633","min","240.068","µmol/L","Humid","19.190","deg","86655","µV","26.006","°C","1019.000","hPa","34.1","pmil","0","53.442","deg","23.711","°C","100.000","%a.s.","21.016","deg","23.307","°C","1019.000","hPa","0.861","-0.02617","0.00035","0","0","13.56","Humid","22.75","0","51.00","252235.02","SABD0000000001","AAV1.0.0.11","1.1.2.0","PSt7-10","170328-022","9/30/2017 7:09:10 PM","0000-00","0","no battery","V"
"11/03/2018","09:28:40","9","default","550496092","OXY_CH9","4.649","min","240.111","µmol/L","Humid","19.188","deg","86658","µV","26.007","°C","1019.000","hPa","34.1","pmil","0","53.442","deg","23.711","°C","100.000","%a.s.","21.016","deg","23.307","°C","1019.000","hPa","0.861","-0.02617","0.00035","0","0","13.56","Humid","22.75","0","51.00","252244.11","SABD0000000001","AAV1.0.0.11","1.1.2.0","PSt7-10","170328-022","9/30/2017 7:09:10 PM","0000-00","0","no battery","V"
"11/03/2018","09:28:41","9","default","550496092","OXY_CH9","4.665","min","240.140","µmol/L","Humid","19.188","deg","86646","µV","26.003","°C","1019.000","hPa","34.1","pmil","0","53.442","deg","23.711","°C","100.000","%a.s.","21.016","deg","23.307","°C","1019.000","hPa","0.861","-0.02617","0.00035","0","0","13.56","Humid","22.75","0","51.00","252243.04","SABD0000000001","AAV1.0.0.11","1.1.2.0","PSt7-10","170328-022","9/30/2017 7:09:10 PM","0000-00","0","no battery","V"
"11/03/2018","09:28:42","9","default","550496092","OXY_CH9","4.682","min","239.955","µmol/L","Humid","19.195","deg","86647","µV","26.006","°C","1019.000","hPa","34.1","pmil","0","53.442","deg","23.711","°C","100.000","%a.s.","21.016","deg","23.307","°C","1019.000","hPa","0.861","-0.02617","0.00035","0","0","13.56","Humid","22.75","0","51.00","252231.53","SABD0000000001","AAV1.0.0.11","1.1.2.0","PSt7-10","170328-022","9/30/2017 7:09:10 PM","0000-00","0","no battery","V"
"11/03/2018","09:28:43","9","default","550496092","OXY_CH9","4.699","min","240.189","µmol/L","Humid","19.186","deg","86643","µV","26.002","°C","1019.000","hPa","34.1","pmil","0","53.442","deg","23.711","°C","100.000","%a.s.","21.016","deg","23.307","°C","1019.000","hPa","0.861","-0.02617","0.00035","0","0","13.56","Humid","22.75","0","51.00","252242.55","SABD0000000001","AAV1.0.0.11","1.1.2.0","PSt7-10","170328-022","9/30/2017 7:09:10 PM","0000-00","0","no battery","V"
"11/03/2018","09:28:44","9","default","550496092","OXY_CH9","4.716","min","240.169","µmol/L","Humid","19.186","deg","86637","µV","26.005","°C","1019.000","hPa","34.1","pmil","0","53.442","deg","23.711","°C","100.000","%a.s.","21.016","deg","23.307","°C","1019.000","hPa","0.861","-0.02617","0.00035","0","0","13.56","Humid","22.75","0","51.00","252239.20","SABD0000000001","AAV1.0.0.11","1.1.2.0","PSt7-10","170328-022","9/30/2017 7:09:10 PM","0000-00","0","no battery","V"
"11/03/2018","09:28:45","9","default","550496092","OXY_CH9","4.733","min","240.100","µmol/L","Humid","19.187","deg","86638","µV","26.011","°C","1019.000","hPa","34.1","pmil","0","53.442","deg","23.711","°C","100.000","%a.s.","21.016","deg","23.307","°C","1019.000","hPa","0.861","-0.02617","0.00035","0","0","13.56","Humid","22.75","0","51.00","252228.88","SABD0000000001","AAV1.0.0.11","1.1.2.0","PSt7-10","170328-022","9/30/2017 7:09:10 PM","0000-00","0","no battery","V"
"11/03/2018","09:28:46","9","default","550496092","OXY_CH9","4.749","min","240.178","µmol/L","Humid","19.187","deg","86630","µV","26.000","°C","1019.000","hPa","34.1","pmil","0","53.442","deg","23.711","°C","100.000","%a.s.","21.016","deg","23.307","°C","1019.000","hPa","0.861","-0.02617","0.00035","0","0","13.56","Humid","22.75","0","51.00","252221.01","SABD0000000001","AAV1.0.0.11","1.1.2.0","PSt7-10","170328-022","9/30/2017 7:09:10 PM","0000-00","0","no battery","V"
"11/03/2018","09:28:47","9","default","550496092","OXY_CH9","4.766","min","240.172","µmol/L","Humid","19.187","deg","86624","µV","26.001","°C","1019.000","hPa","34.1","pmil","0","53.442","deg","23.711","°C","100.000","%a.s.","21.016","deg","23.307","°C","1019.000","hPa","0.861","-0.02617","0.00035","0","0","13.56","Humid","22.75","0","51.00","252225.61","SABD0000000001","AAV1.0.0.11","1.1.2.0","PSt7-10","170328-022","9/30/2017 7:09:10 PM","0000-00","0","no battery","V"
"11/03/2018","09:28:48","9","default","550496092","OXY_CH9","4.783","min","240.147","µmol/L","Humid","19.189","deg","86619","µV","25.998","°C","1019.000","hPa","34.1","pmil","0","53.442","deg","23.711","°C","100.000","%a.s.","21.016","deg","23.307","°C","1019.000","hPa","0.861","-0.02617","0.00035","0","0","13.56","Humid","22.75","0","51.00","252229.91","SABD0000000001","AAV1.0.0.11","1.1.2.0","PSt7-10","170328-022","9/30/2017 7:09:10 PM","0000-00","0","no battery","V"
"11/03/2018","09:28:49","9","default","550496092","OXY_CH9","4.799","min","240.195","µmol/L","Humid","19.186","deg","86619","µV","26.001","°C","1019.000","hPa","34.1","pmil","0","53.442","deg","23.711","°C","100.000","%a.s.","21.016","deg","23.307","°C","1019.000","hPa","0.861","-0.02617","0.00035","0","0","13.56","Humid","22.75","0","51.00","252225.72","SABD0000000001","AAV1.0.0.11","1.1.2.0","PSt7-10","170328-022","9/30/2017 7:09:10 PM","0000-00","0","no battery","V"
"11/03/2018","09:28:50","9","default","550496092","OXY_CH9","4.815","min","240.249","µmol/L","Humid","19.183","deg","86616","µV","26.003","°C","1019.000","hPa","34.1","pmil","0","53.442","deg","23.711","°C","100.000","%a.s.","21.016","deg","23.307","°C","1019.000","hPa","0.861","-0.02617","0.00035","0","0","13.56","Humid","22.75","0","51.00","252219.24","SABD0000000001","AAV1.0.0.11","1.1.2.0","PSt7-10","170328-022","9/30/2017 7:09:10 PM","0000-00","0","no battery","V"
"11/03/2018","09:28:51","9","default","550496092","OXY_CH9","4.832","min","240.237","µmol/L","Humid","19.181","deg","86605","µV","26.011","°C","1019.000","hPa","34.1","pmil","0","53.442","deg","23.711","°C","100.000","%a.s.","21.016","deg","23.307","°C","1019.000","hPa","0.861","-0.02617","0.00035","0","0","13.56","Humid","22.75","0","51.00","252228.01","SABD0000000001","AAV1.0.0.11","1.1.2.0","PSt7-10","170328-022","9/30/2017 7:09:10 PM","0000-00","0","no battery","V"
"11/03/2018","09:28:52","9","default","550496092","OXY_CH9","4.849","min","240.192","µmol/L","Humid","19.181","deg","86599","µV","26.018","°C","1019.000","hPa","34.1","pmil","0","53.442","deg","23.711","°C","100.000","%a.s.","21.016","deg","23.307","°C","1019.000","hPa","0.861","-0.02617","0.00035","0","0","13.56","Humid","22.75","0","51.00","252224.49","SABD0000000001","AAV1.0.0.11","1.1.2.0","PSt7-10","170328-022","9/30/2017 7:09:10 PM","0000-00","0","no battery","V"
"11/03/2018","09:28:53","9","default","550496092","OXY_CH9","4.866","min","240.191","µmol/L","Humid","19.178","deg","86596","µV","26.028","°C","1019.000","hPa","34.1","pmil","0","53.442","deg","23.711","°C","100.000","%a.s.","21.016","deg","23.307","°C","1019.000","hPa","0.861","-0.02617","0.00035","0","0","13.56","Humid","22.75","0","51.00","252215.92","SABD0000000001","AAV1.0.0.11","1.1.2.0","PSt7-10","170328-022","9/30/2017 7:09:10 PM","0000-00","0","no battery","V"
"11/03/2018","09:28:54","9","default","550496092","OXY_CH9","4.883","min","240.128","µmol/L","Humid","19.181","deg","86602","µV","26.027","°C","1019.000","hPa","34.1","pmil","0","53.442","deg","23.711","°C","100.000","%a.s.","21.016","deg","23.307","°C","1019.000","hPa","0.861","-0.02617","0.00035","0","0","13.56","Humid","22.75","0","51.00","252214.58","SABD0000000001","AAV1.0.0.11","1.1.2.0","PSt7-10","170328-022","9/30/2017 7:09:10 PM","0000-00","0","no battery","V"
"11/03/2018","09:28:55","9","default","550496092","OXY_CH9","4.899","min","240.298","µmol/L","Humid","19.181","deg","86592","µV","26.003","°C","1019.000","hPa","34.1","pmil","0","53.442","deg","23.711","°C","100.000","%a.s.","21.016","deg","23.307","°C","1019.000","hPa","0.861","-0.02617","0.00035","0","0","13.56","Humid","22.75","0","51.00","252204.49","SABD0000000001","AAV1.0.0.11","1.1.2.0","PSt7-10","170328-022","9/30/2017 7:09:10 PM","0000-00","0","no battery","V"
"11/03/2018","09:28:56","9","default","550496092","OXY_CH9","4.916","min","240.330","µmol/L","Humid","19.179","deg","86590","µV","26.005","°C","1019.000","hPa","34.1","pmil","0","53.442","deg","23.711","°C","100.000","%a.s.","21.016","deg","23.307","°C","1019.000","hPa","0.861","-0.02617","0.00035","0","0","13.56","Humid","22.75","0","51.00","252204.91","SABD0000000001","AAV1.0.0.11","1.1.2.0","PSt7-10","170328-022","9/30/2017 7:09:10 PM","0000-00","0","no battery","V"
"11/03/2018","09:28:57","9","default","550496092","OXY_CH9","4.932","min","240.350","µmol/L","Humid","19.179","deg","86589","µV","26.002","°C","1019.000","hPa","34.1","pmil","0","53.442","deg","23.711","°C","100.000","%a.s.","21.016","deg","23.307","°C","1019.000","hPa","0.861","-0.02617","0.00035","0","0","13.56","Humid","22.75","0","51.00","252219.04","SABD0000000001","AAV1.0.0.11","1.1.2.0","PSt7-10","170328-022","9/30/2017 7:09:10 PM","0000-00","0","no battery","V"
"11/03/2018","09:28:58","9","default","550496092","OXY_CH9","4.949","min","240.325","µmol/L","Humid","19.175","deg","86577","µV","26.018","°C","1019.000","hPa","34.1","pmil","0","53.442","deg","23.711","°C","100.000","%a.s.","21.016","deg","23.307","°C","1019.000","hPa","0.861","-0.02617","0.00035","0","0","13.56","Humid","22.75","0","51.00","252212.18","SABD0000000001","AAV1.0.0.11","1.1.2.0","PSt7-10","170328-022","9/30/2017 7:09:10 PM","0000-00","0","no battery","V"
"11/03/2018","09:28:59","9","default","550496092","OXY_CH9","4.966","min","240.222","µmol/L","Humid","19.182","deg","86583","µV","26.010","°C","1019.000","hPa","34.1","pmil","0","53.442","deg","23.711","°C","100.000","%a.s.","21.016","deg","23.307","°C","1019.000","hPa","0.861","-0.02617","0.00035","0","0","13.56","Humid","22.75","0","51.00","252202.28","SABD0000000001","AAV1.0.0.11","1.1.2.0","PSt7-10","170328-022","9/30/2017 7:09:10 PM","0000-00","0","no battery","V"
"11/03/2018","09:29:00","9","default","550496092","OXY_CH9","4.982","min","240.348","µmol/L","Humid","19.175","deg","86577","µV","26.015","°C","1019.000","hPa","34.1","pmil","0","53.442","deg","23.711","°C","100.000","%a.s.","21.016","deg","23.307","°C","1019.000","hPa","0.861","-0.02617","0.00035","0","0","13.56","Humid","22.75","0","51.00","252203.20","SABD0000000001","AAV1.0.0.11","1.1.2.0","PSt7-10","170328-022","9/30/2017 7:09:10 PM","0000-00","0","no battery","V"
"11/03/2018","09:29:01","9","default","550496092","OXY_CH9","4.999","min","240.303","µmol/L","Humid","19.176","deg","86567","µV","26.018","°C","1019.000","hPa","34.1","pmil","0","53.442","deg","23.711","°C","100.000","%a.s.","21.016","deg","23.307","°C","1019.000","hPa","0.861","-0.02617","0.00035","0","0","13.56","Humid","22.75","0","51.00","252197.12","SABD0000000001","AAV1.0.0.11","1.1.2.0","PSt7-10","170328-022","9/30/2017 7:09:10 PM","0000-00","0","no battery","V"
"11/03/2018","09:29:02","9","default","550496092","OXY_CH9","5.016","min","240.361","µmol/L","Humid","19.176","deg","86566","µV","26.010","°C","1019.000","hPa","34.1","pmil","0","53.442","deg","23.711","°C","100.000","%a.s.","21.016","deg","23.307","°C","1019.000","hPa","0.861","-0.02617","0.00035","0","0","13.56","Humid","22.75","0","51.00","252195.20","SABD0000000001","AAV1.0.0.11","1.1.2.0","PSt7-10","170328-022","9/30/2017 7:09:10 PM","0000-00","0","no battery","V"
"11/03/2018","09:29:03","9","default","550496092","OXY_CH9","5.033","min","240.310","µmol/L","Humid","19.176","deg","86564","µV","26.017","°C","1019.000","hPa","34.1","pmil","0","53.442","deg","23.711","°C","100.000","%a.s.","21.016","deg","23.307","°C","1019.000","hPa","0.861","-0.02617","0.00035","0","0","13.56","Humid","22.75","0","51.00","252194.83","SABD0000000001","AAV1.0.0.11","1.1.2.0","PSt7-10","170328-022","9/30/2017 7:09:10 PM","0000-00","0","no battery","V"
"11/03/2018","09:29:04","9","default","550496092","OXY_CH9","5.050","min","240.320","µmol/L","Humid","19.177","deg","86565","µV","26.013","°C","1019.000","hPa","34.1","pmil","0","53.442","deg","23.711","°C","100.000","%a.s.","21.016","deg","23.307","°C","1019.000","hPa","0.861","-0.02617","0.00035","0","0","13.56","Humid","22.75","0","51.00","252199.37","SABD0000000001","AAV1.0.0.11","1.1.2.0","PSt7-10","170328-022","9/30/2017 7:09:10 PM","0000-00","0","no battery","V"
"11/03/2018","09:29:05","9","default","550496092","OXY_CH9","5.066","min","240.366","µmol/L","Humid","19.176","deg","86550","µV","26.009","°C","1019.000","hPa","34.1","pmil","0","53.442","deg","23.711","°C","100.000","%a.s.","21.016","deg","23.307","°C","1019.000","hPa","0.861","-0.02617","0.00035","0","0","13.56","Humid","22.75","0","51.00","252199.27","SABD0000000001","AAV1.0.0.11","1.1.2.0","PSt7-10","170328-022","9/30/2017 7:09:10 PM","0000-00","0","no battery","V"
"11/03/2018","09:29:06","9","default","550496092","OXY_CH9","5.082","min","240.371","µmol/L","Humid","19.173","deg","86548","µV","26.018","°C","1019.000","hPa","34.1","pmil","0","53.442","deg","23.711","°C","100.000","%a.s.","21.016","deg","23.307","°C","1019.000","hPa","0.861","-0.02617","0.00035","0","0","13.56","Humid","22.75","0","51.00","252193.16","SABD0000000001","AAV1.0.0.11","1.1.2.0","PSt7-10","170328-022","9/30/2017 7:09:10 PM","0000-00","0","no battery","V"
"11/03/2018","09:29:07","9","default","550496092","OXY_CH9","5.099","min","240.357","µmol/L","Humid","19.174","deg","86544","µV","26.017","°C","1019.000","hPa","34.1","pmil","0","53.442","deg","23.711","°C","100.000","%a.s.","21.016","deg","23.307","°C","1019.000","hPa","0.861","-0.02617","0.00035","0","0","13.56","Humid","22.75","0","51.00","252185.38","SABD0000000001","AAV1.0.0.11","1.1.2.0","PSt7-10","170328-022","9/30/2017 7:09:10 PM","0000-00","0","no battery","V"
"11/03/2018","09:29:08","9","default","550496092","OXY_CH9","5.116","min","240.472","µmol/L","Humid","19.172","deg","86545","µV","26.007","°C","1019.000","hPa","34.1","pmil","0","53.442","deg","23.711","°C","100.000","%a.s.","21.016","deg","23.307","°C","1019.000","hPa","0.861","-0.02617","0.00035","0","0","13.56","Humid","22.75","0","51.00","252192.14","SABD0000000001","AAV1.0.0.11","1.1.2.0","PSt7-10","170328-022","9/30/2017 7:09:10 PM","0000-00","0","no battery","V"
"11/03/2018","09:29:09","9","default","550496092","OXY_CH9","5.132","min","240.442","µmol/L","Humid","19.175","deg","86537","µV","26.002","°C","1019.000","hPa","34.1","pmil","0","53.442","deg","23.711","°C","100.000","%a.s.","21.016","deg","23.307","°C","1019.000","hPa","0.861","-0.02617","0.00035","0","0","13.56","Humid","22.75","0","51.00","252183.18","SABD0000000001","AAV1.0.0.11","1.1.2.0","PSt7-10","170328-022","9/30/2017 7:09:10 PM","0000-00","0","no battery","V"
"11/03/2018","09:29:10","9","default","550496092","OXY_CH9","5.149","min","240.460","µmol/L","Humid","19.169","deg","86532","µV","26.019","°C","1019.000","hPa","34.1","pmil","0","53.442","deg","23.711","°C","100.000","%a.s.","21.016","deg","23.307","°C","1019.000","hPa","0.861","-0.02617","0.00035","0","0","13.56","Humid","22.75","0","51.00","252186.79","SABD0000000001","AAV1.0.0.11","1.1.2.0","PSt7-10","170328-022","9/30/2017 7:09:10 PM","0000-00","0","no battery","V"
"11/03/2018","09:29:11","9","default","550496092","OXY_CH9","5.166","min","240.350","µmol/L","Humid","19.172","deg","86529","µV","26.024","°C","1019.000","hPa","34.1","pmil","0","53.442","deg","23.711","°C","100.000","%a.s.","21.016","deg","23.307","°C","1019.000","hPa","0.861","-0.02617","0.00035","0","0","13.56","Humid","22.75","0","51.00","252180.74","SABD0000000001","AAV1.0.0.11","1.1.2.0","PSt7-10","170328-022","9/30/2017 7:09:10 PM","0000-00","0","no battery","V"
"11/03/2018","09:29:12","9","default","550496092","OXY_CH9","5.183","min","240.330","µmol/L","Humid","19.172","deg","86527","µV","26.027","°C","1019.000","hPa","34.1","pmil","0","53.442","deg","23.711","°C","100.000","%a.s.","21.016","deg","23.307","°C","1019.000","hPa","0.861","-0.02617","0.00035","0","0","13.56","Humid","22.75","0","51.00","252183.04","SABD0000000001","AAV1.0.0.11","1.1.2.0","PSt7-10","170328-022","9/30/2017 7:09:10 PM","0000-00","0","no battery","V"
"11/03/2018","09:29:13","9","default","550496092","OXY_CH9","5.200","min","240.527","µmol/L","Humid","19.169","deg","86526","µV","26.009","°C","1019.000","hPa","34.1","pmil","0","53.442","deg","23.711","°C","100.000","%a.s.","21.016","deg","23.307","°C","1019.000","hPa","0.861","-0.02617","0.00035","0","0","13.56","Humid","22.75","0","51.00","252184.26","SABD0000000001","AAV1.0.0.11","1.1.2.0","PSt7-10","170328-022","9/30/2017 7:09:10 PM","0000-00","0","no battery","V"
"11/03/2018","09:29:14","9","default","550496092","OXY_CH9","5.216","min","240.505","µmol/L","Humid","19.169","deg","86517","µV","26.012","°C","1019.000","hPa","34.1","pmil","0","53.442","deg","23.711","°C","100.000","%a.s.","21.016","deg","23.307","°C","1019.000","hPa","0.861","-0.02617","0.00035","0","0","13.56","Humid","22.75","0","51.00","252177.63","SABD0000000001","AAV1.0.0.11","1.1.2.0","PSt7-10","170328-022","9/30/2017 7:09:10 PM","0000-00","0","no battery","V"
"11/03/2018","09:29:15","9","default","550496092","OXY_CH9","5.232","min","240.531","µmol/L","Humid","19.168","deg","86512","µV","26.012","°C","1019.000","hPa","34.1","pmil","0","53.442","deg","23.711","°C","100.000","%a.s.","21.016","deg","23.307","°C","1019.000","hPa","0.861","-0.02617","0.00035","0","0","13.56","Humid","22.75","0","51.00","252176.56","SABD0000000001","AAV1.0.0.11","1.1.2.0","PSt7-10","170328-022","9/30/2017 7:09:10 PM","0000-00","0","no battery","V"
"11/03/2018","09:29:16","9","default","550496092","OXY_CH9","5.249","min","240.479","µmol/L","Humid","19.169","deg","86509","µV","26.016","°C","1019.000","hPa","34.1","pmil","0","53.442","deg","23.711","°C","100.000","%a.s.","21.016","deg","23.307","°C","1019.000","hPa","0.861","-0.02617","0.00035","0","0","13.56","Humid","22.75","0","51.00","252175.55","SABD0000000001","AAV1.0.0.11","1.1.2.0","PSt7-10","170328-022","9/30/2017 7:09:10 PM","0000-00","0","no battery","V"
"11/03/2018","09:29:17","9","default","550496092","OXY_CH9","5.266","min","240.454","µmol/L","Humid","19.169","deg","86500","µV","26.019","°C","1019.000","hPa","34.1","pmil","0","53.442","deg","23.711","°C","100.000","%a.s.","21.016","deg","23.307","°C","1019.000","hPa","0.861","-0.02617","0.00035","0","0","13.56","Humid","22.75","0","51.00","252172.21","SABD0000000001","AAV1.0.0.11","1.1.2.0","PSt7-10","170328-022","9/30/2017 7:09:10 PM","0000-00","0","no battery","V"
"11/03/2018","09:29:18","9","default","550496092","OXY_CH9","5.282","min","240.636","µmol/L","Humid","19.163","deg","86495","µV","26.013","°C","1019.000","hPa","34.1","pmil","0","53.442","deg","23.711","°C","100.000","%a.s.","21.016","deg","23.307","°C","1019.000","hPa","0.861","-0.02617","0.00035","0","0","13.56","Humid","22.75","0","51.00","252172.43","SABD0000000001","AAV1.0.0.11","1.1.2.0","PSt7-10","170328-022","9/30/2017 7:09:10 PM","0000-00","0","no battery","V"
"11/03/2018","09:29:19","9","default","550496092","OXY_CH9","5.299","min","240.478","µmol/L","Humid","19.167","deg","86492","µV","26.022","°C","1019.000","hPa","34.1","pmil","0","53.442","deg","23.711","°C","100.000","%a.s.","21.016","deg","23.307","°C","1019.000","hPa","0.861","-0.02617","0.00035","0","0","13.56","Humid","22.75","0","51.00","252178.18","SABD0000000001","AAV1.0.0.11","1.1.2.0","PSt7-10","170328-022","9/30/2017 7:09:10 PM","0000-00","0","no battery","V"
"11/03/2018","09:29:20","9","default","550496092","OXY_CH9","5.316","min","240.443","µmol/L","Humid","19.169","deg","86491","µV","26.021","°C","1019.000","hPa","34.1","pmil","0","53.442","deg","23.711","°C","100.000","%a.s.","21.016","deg","23.307","°C","1019.000","hPa","0.861","-0.02617","0.00035","0","0","13.56","Humid","22.75","0","51.00","252177.87","SABD0000000001","AAV1.0.0.11","1.1.2.0","PSt7-10","170328-022","9/30/2017 7:09:10 PM","0000-00","0","no battery","V"
"11/03/2018","09:29:21","9","default","550496092","OXY_CH9","5.333","min","240.555","µmol/L","Humid","19.165","deg","86499","µV","26.018","°C","1019.000","hPa","34.1","pmil","0","53.442","deg","23.711","°C","100.000","%a.s.","21.016","deg","23.307","°C","1019.000","hPa","0.861","-0.02617","0.00035","0","0","13.56","Humid","22.75","0","51.00","252170.47","SABD0000000001","AAV1.0.0.11","1.1.2.0","PSt7-10","170328-022","9/30/2017 7:09:10 PM","0000-00","0","no battery","V"
"11/03/2018","09:29:22","9","default","550496092","OXY_CH9","5.349","min","240.699","µmol/L","Humid","19.161","deg","86488","µV","26.011","°C","1019.000","hPa","34.1","pmil","0","53.442","deg","23.711","°C","100.000","%a.s.","21.016","deg","23.307","°C","1019.000","hPa","0.861","-0.02617","0.00035","0","0","13.56","Humid","22.75","0","51.00","252171.98","SABD0000000001","AAV1.0.0.11","1.1.2.0","PSt7-10","170328-022","9/30/2017 7:09:10 PM","0000-00","0","no battery","V"
"11/03/2018","09:29:23","9","default","550496092","OXY_CH9","5.365","min","240.644","µmol/L","Humid","19.165","deg","86476","µV","26.006","°C","1019.000","hPa","34.1","pmil","0","53.442","deg","23.711","°C","100.000","%a.s.","21.016","deg","23.307","°C","1019.000","hPa","0.861","-0.02617","0.00035","0","0","13.56","Humid","22.75","0","51.00","252161.98","SABD0000000001","AAV1.0.0.11","1.1.2.0","PSt7-10","170328-022","9/30/2017 7:09:10 PM","0000-00","0","no battery","V"
"11/03/2018","09:29:24","9","default","550496092","OXY_CH9","5.382","min","240.593","µmol/L","Humid","19.166","deg","86466","µV","26.009","°C","1019.000","hPa","34.1","pmil","0","53.442","deg","23.711","°C","100.000","%a.s.","21.016","deg","23.307","°C","1019.000","hPa","0.861","-0.02617","0.00035","0","0","13.56","Humid","22.75","0","51.00","252149.11","SABD0000000001","AAV1.0.0.11","1.1.2.0","PSt7-10","170328-022","9/30/2017 7:09:10 PM","0000-00","0","no battery","V"
"11/03/2018","09:29:25","9","default","550496092","OXY_CH9","5.399","min","240.748","µmol/L","Humid","19.163","deg","86464","µV","25.997","°C","1019.000","hPa","34.1","pmil","0","53.442","deg","23.711","°C","100.000","%a.s.","21.016","deg","23.307","°C","1019.000","hPa","0.861","-0.02617","0.00035","0","0","13.56","Humid","22.75","0","51.00","252151.49","SABD0000000001","AAV1.0.0.11","1.1.2.0","PSt7-10","170328-022","9/30/2017 7:09:10 PM","0000-00","0","no battery","V"
"11/03/2018","09:29:26","9","default","550496092","OXY_CH9","5.416","min","240.648","µmol/L","Humid","19.164","deg","86465","µV","26.008","°C","1019.000","hPa","34.1","pmil","0","53.442","deg","23.711","°C","100.000","%a.s.","21.016","deg","23.307","°C","1019.000","hPa","0.861","-0.02617","0.00035","0","0","13.56","Humid","22.75","0","51.00","252149.11","SABD0000000001","AAV1.0.0.11","1.1.2.0","PSt7-10","170328-022","9/30/2017 7:09:10 PM","0000-00","0","no battery","V"
"11/03/2018","09:29:27","9","default","550496092","OXY_CH9","5.433","min","240.674","µmol/L","Humid","19.162","deg","86462","µV","26.011","°C","1019.000","hPa","34.1","pmil","0","53.442","deg","23.711","°C","100.000","%a.s.","21.016","deg","23.307","°C","1019.000","hPa","0.861","-0.02617","0.00035","0","0","13.56","Humid","22.75","0","51.00","252161.50","SABD0000000001","AAV1.0.0.11","1.1.2.0","PSt7-10","170328-022","9/30/2017 7:09:10 PM","0000-00","0","no battery","V"
"11/03/2018","09:29:28","9","default","550496092","OXY_CH9","5.449","min","240.793","µmol/L","Humid","19.157","deg","86452","µV","26.010","°C","1019.000","hPa","34.1","pmil","0","53.442","deg","23.711","°C","100.000","%a.s.","21.016","deg","23.307","°C","1019.000","hPa","0.861","-0.02617","0.00035","0","0","13.56","Humid","22.75","0","51.00","252143.67","SABD0000000001","AAV1.0.0.11","1.1.2.0","PSt7-10","170328-022","9/30/2017 7:09:10 PM","0000-00","0","no battery","V"
"11/03/2018","09:29:29","9","default","550496092","OXY_CH9","5.466","min","240.720","µmol/L","Humid","19.160","deg","86446","µV","26.011","°C","1019.000","hPa","34.1","pmil","0","53.442","deg","23.711","°C","100.000","%a.s.","21.016","deg","23.307","°C","1019.000","hPa","0.861","-0.02617","0.00035","0","0","13.56","Humid","22.75","0","51.00","252146.92","SABD0000000001","AAV1.0.0.11","1.1.2.0","PSt7-10","170328-022","9/30/2017 7:09:10 PM","0000-00","0","no battery","V"
"11/03/2018","09:29:30","9","default","550496092","OXY_CH9","5.483","min","240.484","µmol/L","Humid","19.160","deg","86445","µV","26.044","°C","1019.000","hPa","34.1","pmil","0","53.442","deg","23.711","°C","100.000","%a.s.","21.016","deg","23.307","°C","1019.000","hPa","0.861","-0.02617","0.00035","0","0","13.56","Humid","22.75","0","51.00","252147.62","SABD0000000001","AAV1.0.0.11","1.1.2.0","PSt7-10","170328-022","9/30/2017 7:09:10 PM","0000-00","0","no battery","V"
"11/03/2018","09:29:31","9","default","550496092","OXY_CH9","5.499","min","240.667","µmol/L","Humid","19.156","deg","86448","µV","26.031","°C","1019.000","hPa","34.1","pmil","0","53.442","deg","23.711","°C","100.000","%a.s.","21.016","deg","23.307","°C","1019.000","hPa","0.861","-0.02617","0.00035","0","0","13.56","Humid","22.75","0","51.00","252152.40","SABD0000000001","AAV1.0.0.11","1.1.2.0","PSt7-10","170328-022","9/30/2017 7:09:10 PM","0000-00","0","no battery","V"
"11/03/2018","09:29:32","9","default","550496092","OXY_CH9","5.515","min","240.646","µmol/L","Humid","19.160","deg","86446","µV","26.021","°C","1019.000","hPa","34.1","pmil","0","53.442","deg","23.711","°C","100.000","%a.s.","21.016","deg","23.307","°C","1019.000","hPa","0.861","-0.02617","0.00035","0","0","13.56","Humid","22.75","0","51.00","252148.12","SABD0000000001","AAV1.0.0.11","1.1.2.0","PSt7-10","170328-022","9/30/2017 7:09:10 PM","0000-00","0","no battery","V"
"11/03/2018","09:29:33","9","default","550496092","OXY_CH9","5.532","min","240.708","µmol/L","Humid","19.156","deg","86432","µV","26.026","°C","1019.000","hPa","34.1","pmil","0","53.442","deg","23.711","°C","100.000","%a.s.","21.016","deg","23.307","°C","1019.000","hPa","0.861","-0.02617","0.00035","0","0","13.56","Humid","22.75","0","51.00","252148.45","SABD0000000001","AAV1.0.0.11","1.1.2.0","PSt7-10","170328-022","9/30/2017 7:09:10 PM","0000-00","0","no battery","V"
"11/03/2018","09:29:34","9","default","550496092","OXY_CH9","5.549","min","240.650","µmol/L","Humid","19.159","deg","86429","µV","26.024","°C","1019.000","hPa","34.1","pmil","0","53.442","deg","23.711","°C","100.000","%a.s.","21.016","deg","23.307","°C","1019.000","hPa","0.861","-0.02617","0.00035","0","0","13.56","Humid","22.75","0","51.00","252148.83","SABD0000000001","AAV1.0.0.11","1.1.2.0","PSt7-10","170328-022","9/30/2017 7:09:10 PM","0000-00","0","no battery","V"
"11/03/2018","09:29:35","9","default","550496092","OXY_CH9","5.566","min","240.707","µmol/L","Humid","19.158","deg","86431","µV","26.019","°C","1019.000","hPa","34.1","pmil","0","53.442","deg","23.711","°C","100.000","%a.s.","21.016","deg","23.307","°C","1019.000","hPa","0.861","-0.02617","0.00035","0","0","13.56","Humid","22.75","0","51.00","252152.52","SABD0000000001","AAV1.0.0.11","1.1.2.0","PSt7-10","170328-022","9/30/2017 7:09:10 PM","0000-00","0","no battery","V"
"11/03/2018","09:29:36","9","default","550496092","OXY_CH9","5.583","min","240.831","µmol/L","Humid","19.155","deg","86426","µV","26.011","°C","1019.000","hPa","34.1","pmil","0","53.442","deg","23.711","°C","100.000","%a.s.","21.016","deg","23.307","°C","1019.000","hPa","0.861","-0.02617","0.00035","0","0","13.56","Humid","22.75","0","51.00","252143.63","SABD0000000001","AAV1.0.0.11","1.1.2.0","PSt7-10","170328-022","9/30/2017 7:09:10 PM","0000-00","0","no battery","V"
"11/03/2018","09:29:37","9","default","550496092","OXY_CH9","5.599","min","240.710","µmol/L","Humid","19.159","deg","86421","µV","26.016","°C","1019.000","hPa","34.1","pmil","0","53.442","deg","23.711","°C","100.000","%a.s.","21.016","deg","23.307","°C","1019.000","hPa","0.861","-0.02617","0.00035","0","0","13.56","Humid","22.75","0","51.00","252136.90","SABD0000000001","AAV1.0.0.11","1.1.2.0","PSt7-10","170328-022","9/30/2017 7:09:10 PM","0000-00","0","no battery","V"
"11/03/2018","09:29:38","9","default","550496092","OXY_CH9","5.616","min","240.835","µmol/L","Humid","19.151","deg","86412","µV","26.024","°C","1019.000","hPa","34.1","pmil","0","53.442","deg","23.711","°C","100.000","%a.s.","21.016","deg","23.307","°C","1019.000","hPa","0.861","-0.02617","0.00035","0","0","13.56","Humid","22.75","0","51.00","252135.68","SABD0000000001","AAV1.0.0.11","1.1.2.0","PSt7-10","170328-022","9/30/2017 7:09:10 PM","0000-00","0","no battery","V"
"11/03/2018","09:29:39","9","default","550496092","OXY_CH9","5.633","min","240.882","µmol/L","Humid","19.152","deg","86414","µV","26.014","°C","1019.000","hPa","34.1","pmil","0","53.442","deg","23.711","°C","100.000","%a.s.","21.016","deg","23.307","°C","1019.000","hPa","0.861","-0.02617","0.00035","0","0","13.56","Humid","22.75","0","51.00","252137.31","SABD0000000001","AAV1.0.0.11","1.1.2.0","PSt7-10","170328-022","9/30/2017 7:09:10 PM","0000-00","0","no battery","V"
"11/03/2018","09:29:40","9","default","550496092","OXY_CH9","5.649","min","240.716","µmol/L","Humid","19.157","deg","86408","µV","26.021","°C","1019.000","hPa","34.1","pmil","0","53.442","deg","23.711","°C","100.000","%a.s.","21.016","deg","23.307","°C","1019.000","hPa","0.861","-0.02617","0.00035","0","0","13.56","Humid","22.75","0","51.00","252130.31","SABD0000000001","AAV1.0.0.11","1.1.2.0","PSt7-10","170328-022","9/30/2017 7:09:10 PM","0000-00","0","no battery","V"
"11/03/2018","09:29:41","9","default","550496092","OXY_CH9","5.665","min","240.829","µmol/L","Humid","19.151","deg","86403","µV","26.025","°C","1019.000","hPa","34.1","pmil","0","53.442","deg","23.711","°C","100.000","%a.s.","21.016","deg","23.307","°C","1019.000","hPa","0.861","-0.02617","0.00035","0","0","13.56","Humid","22.75","0","51.00","252125.02","SABD0000000001","AAV1.0.0.11","1.1.2.0","PSt7-10","170328-022","9/30/2017 7:09:10 PM","0000-00","0","no battery","V"
"11/03/2018","09:29:42","9","default","550496092","OXY_CH9","5.682","min","240.943","µmol/L","Humid","19.149","deg","86397","µV","26.015","°C","1019.000","hPa","34.1","pmil","0","53.442","deg","23.711","°C","100.000","%a.s.","21.016","deg","23.307","°C","1019.000","hPa","0.861","-0.02617","0.00035","0","0","13.56","Humid","22.75","0","51.00","252129.77","SABD0000000001","AAV1.0.0.11","1.1.2.0","PSt7-10","170328-022","9/30/2017 7:09:10 PM","0000-00","0","no battery","V"
"11/03/2018","09:29:43","9","default","550496092","OXY_CH9","5.699","min","240.952","µmol/L","Humid","19.151","deg","86400","µV","26.007","°C","1019.000","hPa","34.1","pmil","0","53.442","deg","23.711","°C","100.000","%a.s.","21.016","deg","23.307","°C","1019.000","hPa","0.861","-0.02617","0.00035","0","0","13.56","Humid","22.75","0","51.00","252139.18","SABD0000000001","AAV1.0.0.11","1.1.2.0","PSt7-10","170328-022","9/30/2017 7:09:10 PM","0000-00","0","no battery","V"
"11/03/2018","09:29:44","9","default","550496092","OXY_CH9","5.716","min","240.927","µmol/L","Humid","19.151","deg","86400","µV","26.011","°C","1019.000","hPa","34.1","pmil","0","53.442","deg","23.711","°C","100.000","%a.s.","21.016","deg","23.307","°C","1019.000","hPa","0.861","-0.02617","0.00035","0","0","13.56","Humid","22.75","0","51.00","252133.94","SABD0000000001","AAV1.0.0.11","1.1.2.0","PSt7-10","170328-022","9/30/2017 7:09:10 PM","0000-00","0","no battery","V"
"11/03/2018","09:29:45","9","default","550496092","OXY_CH9","5.733","min","241.079","µmol/L","Humid","19.145","deg","86385","µV","26.009","°C","1019.000","hPa","34.1","pmil","0","53.442","deg","23.711","°C","100.000","%a.s.","21.016","deg","23.307","°C","1019.000","hPa","0.861","-0.02617","0.00035","0","0","13.56","Humid","22.75","0","51.00","252134.75","SABD0000000001","AAV1.0.0.11","1.1.2.0","PSt7-10","170328-022","9/30/2017 7:09:10 PM","0000-00","0","no battery","V"
"11/03/2018","09:29:46","9","default","550496092","OXY_CH9","5.749","min","240.952","µmol/L","Humid","19.151","deg","86385","µV","26.007","°C","1019.000","hPa","34.1","pmil","0","53.442","deg","23.711","°C","100.000","%a.s.","21.016","deg","23.307","°C","1019.000","hPa","0.861","-0.02617","0.00035","0","0","13.56","Humid","22.75","0","51.00","252119.90","SABD0000000001","AAV1.0.0.11","1.1.2.0","PSt7-10","170328-022","9/30/2017 7:09:10 PM","0000-00","0","no battery","V"
"11/03/2018","09:29:47","9","default","550496092","OXY_CH9","5.766","min","240.953","µmol/L","Humid","19.150","deg","86374","µV","26.010","°C","1019.000","hPa","34.1","pmil","0","53.442","deg","23.711","°C","100.000","%a.s.","21.016","deg","23.307","°C","1019.000","hPa","0.861","-0.02617","0.00035","0","0","13.56","Humid","22.75","0","51.00","252126.39","SABD0000000001","AAV1.0.0.11","1.1.2.0","PSt7-10","170328-022","9/30/2017 7:09:10 PM","0000-00","0","no battery","V"
"11/03/2018","09:29:48","9","default","550496092","OXY_CH9","5.782","min","241.030","µmol/L","Humid","19.149","deg","86380","µV","26.003","°C","1019.000","hPa","34.1","pmil","0","53.442","deg","23.711","°C","100.000","%a.s.","21.016","deg","23.307","°C","1019.000","hPa","0.861","-0.02617","0.00035","0","0","13.56","Humid","22.75","0","51.00","252131.39","SABD0000000001","AAV1.0.0.11","1.1.2.0","PSt7-10","170328-022","9/30/2017 7:09:10 PM","0000-00","0","no battery","V"
"11/03/2018","09:29:49","9","default","550496092","OXY_CH9","5.799","min","240.823","µmol/L","Humid","19.150","deg","86380","µV","26.029","°C","1019.000","hPa","34.1","pmil","0","53.442","deg","23.711","°C","100.000","%a.s.","21.016","deg","23.307","°C","1019.000","hPa","0.861","-0.02617","0.00035","0","0","13.56","Humid","22.75","0","51.00","252118.21","SABD0000000001","AAV1.0.0.11","1.1.2.0","PSt7-10","170328-022","9/30/2017 7:09:10 PM","0000-00","0","no battery","V"
"11/03/2018","09:29:50","9","default","550496092","OXY_CH9","5.816","min","240.853","µmol/L","Humid","19.145","deg","86373","µV","26.041","°C","1019.000","hPa","34.1","pmil","0","53.442","deg","23.711","°C","100.000","%a.s.","21.016","deg","23.307","°C","1019.000","hPa","0.861","-0.02617","0.00035","0","0","13.56","Humid","22.75","0","51.00","252120.22","SABD0000000001","AAV1.0.0.11","1.1.2.0","PSt7-10","170328-022","9/30/2017 7:09:10 PM","0000-00","0","no battery","V"
"11/03/2018","09:29:51","9","default","550496092","OXY_CH9","5.832","min","240.860","µmol/L","Humid","19.145","deg","86368","µV","26.039","°C","1019.000","hPa","34.1","pmil","0","53.442","deg","23.711","°C","100.000","%a.s.","21.016","deg","23.307","°C","1019.000","hPa","0.861","-0.02617","0.00035","0","0","13.56","Humid","22.75","0","51.00","252103.01","SABD0000000001","AAV1.0.0.11","1.1.2.0","PSt7-10","170328-022","9/30/2017 7:09:10 PM","0000-00","0","no battery","V"
"11/03/2018","09:29:52","9","default","550496092","OXY_CH9","5.849","min","240.911","µmol/L","Humid","19.148","deg","86353","µV","26.023","°C","1019.000","hPa","34.1","pmil","0","53.442","deg","23.711","°C","100.000","%a.s.","21.016","deg","23.307","°C","1019.000","hPa","0.861","-0.02617","0.00035","0","0","13.56","Humid","22.75","0","51.00","252111.68","SABD0000000001","AAV1.0.0.11","1.1.2.0","PSt7-10","170328-022","9/30/2017 7:09:10 PM","0000-00","0","no battery","V"
"11/03/2018","09:29:53","9","default","550496092","OXY_CH9","5.866","min","240.967","µmol/L","Humid","19.144","deg","86362","µV","26.028","°C","1019.000","hPa","34.1","pmil","0","53.442","deg","23.711","°C","100.000","%a.s.","21.016","deg","23.307","°C","1019.000","hPa","0.861","-0.02617","0.00035","0","0","13.56","Humid","22.75","0","51.00","252111.59","SABD0000000001","AAV1.0.0.11","1.1.2.0","PSt7-10","170328-022","9/30/2017 7:09:10 PM","0000-00","0","no battery","V"
"11/03/2018","09:29:54","9","default","550496092","OXY_CH9","5.883","min","241.012","µmol/L","Humid","19.143","deg","86359","µV","26.025","°C","1019.000","hPa","34.1","pmil","0","53.442","deg","23.711","°C","100.000","%a.s.","21.016","deg","23.307","°C","1019.000","hPa","0.861","-0.02617","0.00035","0","0","13.56","Humid","22.75","0","51.00","252107.20","SABD0000000001","AAV1.0.0.11","1.1.2.0","PSt7-10","170328-022","9/30/2017 7:09:10 PM","0000-00","0","no battery","V"
"11/03/2018","09:29:55","9","default","550496092","OXY_CH9","5.899","min","240.882","µmol/L","Humid","19.146","deg","86343","µV","26.033","°C","1019.000","hPa","34.1","pmil","0","53.442","deg","23.711","°C","100.000","%a.s.","21.016","deg","23.307","°C","1019.000","hPa","0.861","-0.02617","0.00035","0","0","13.56","Humid","22.75","0","51.00","252106.64","SABD0000000001","AAV1.0.0.11","1.1.2.0","PSt7-10","170328-022","9/30/2017 7:09:10 PM","0000-00","0","no battery","V"
"11/03/2018","09:29:56","9","default","550496092","OXY_CH9","5.916","min","241.123","µmol/L","Humid","19.140","deg","86337","µV","26.019","°C","1019.000","hPa","34.1","pmil","0","53.442","deg","23.711","°C","100.000","%a.s.","21.016","deg","23.307","°C","1019.000","hPa","0.861","-0.02617","0.00035","0","0","13.56","Humid","22.75","0","51.00","252112.96","SABD0000000001","AAV1.0.0.11","1.1.2.0","PSt7-10","170328-022","9/30/2017 7:09:10 PM","0000-00","0","no battery","V"
"11/03/2018","09:29:57","9","default","550496092","OXY_CH9","5.932","min","241.078","µmol/L","Humid","19.142","deg","86347","µV","26.019","°C","1019.000","hPa","34.1","pmil","0","53.442","deg","23.711","°C","100.000","%a.s.","21.016","deg","23.307","°C","1019.000","hPa","0.861","-0.02617","0.00035","0","0","13.56","Humid","22.75","0","51.00","252108.00","SABD0000000001","AAV1.0.0.11","1.1.2.0","PSt7-10","170328-022","9/30/2017 7:09:10 PM","0000-00","0","no battery","V"
"11/03/2018","09:29:58","9","default","550496092","OXY_CH9","5.949","min","241.016","µmol/L","Humid","19.146","deg","86336","µV","26.014","°C","1019.000","hPa","34.1","pmil","0","53.442","deg","23.711","°C","100.000","%a.s.","21.016","deg","23.307","°C","1019.000","hPa","0.861","-0.02617","0.00035","0","0","13.56","Humid","22.75","0","51.00","252102.71","SABD0000000001","AAV1.0.0.11","1.1.2.0","PSt7-10","170328-022","9/30/2017 7:09:10 PM","0000-00","0","no battery","V"
"11/03/2018","09:29:59","9","default","550496092","OXY_CH9","5.966","min","241.229","µmol/L","Humid","19.136","deg","86329","µV","26.017","°C","1019.000","hPa","34.1","pmil","0","53.442","deg","23.711","°C","100.000","%a.s.","21.016","deg","23.307","°C","1019.000","hPa","0.861","-0.02617","0.00035","0","0","13.56","Humid","22.75","0","51.00","252106.12","SABD0000000001","AAV1.0.0.11","1.1.2.0","PSt7-10","170328-022","9/30/2017 7:09:10 PM","0000-00","0","no battery","V"
"11/03/2018","09:30:00","9","default","550496092","OXY_CH9","5.982","min","241.049","µmol/L","Humid","19.141","deg","86327","µV","26.026","°C","1019.000","hPa","34.1","pmil","0","53.442","deg","23.711","°C","100.000","%a.s.","21.016","deg","23.307","°C","1019.000","hPa","0.861","-0.02617","0.00035","0","0","13.56","Humid","22.75","0","51.00","252099.63","SABD0000000001","AAV1.0.0.11","1.1.2.0","PSt7-10","170328-022","9/30/2017 7:09:10 PM","0000-00","0","no battery","V"
"11/03/2018","09:30:01","9","default","550496092","OXY_CH9","5.999","min","241.085","µmol/L","Humid","19.142","deg","86328","µV","26.018","°C","1019.000","hPa","34.1","pmil","0","53.442","deg","23.711","°C","100.000","%a.s.","21.016","deg","23.307","°C","1019.000","hPa","0.861","-0.02617","0.00035","0","0","13.56","Humid","22.75","0","51.00","252102.03","SABD0000000001","AAV1.0.0.11","1.1.2.0","PSt7-10","170328-022","9/30/2017 7:09:10 PM","0000-00","0","no battery","V"
"11/03/2018","09:30:02","9","default","550496092","OXY_CH9","6.016","min","241.164","µmol/L","Humid","19.138","deg","86313","µV","26.019","°C","1019.000","hPa","34.1","pmil","0","53.442","deg","23.711","°C","100.000","%a.s.","21.016","deg","23.307","°C","1019.000","hPa","0.861","-0.02617","0.00035","0","0","13.56","Humid","22.75","0","51.00","252096.79","SABD0000000001","AAV1.0.0.11","1.1.2.0","PSt7-10","170328-022","9/30/2017 7:09:10 PM","0000-00","0","no battery","V"
"11/03/2018","09:30:03","9","default","550496092","OXY_CH9","6.033","min","241.216","µmol/L","Humid","19.140","deg","86311","µV","26.006","°C","1019.000","hPa","34.1","pmil","0","53.442","deg","23.711","°C","100.000","%a.s.","21.016","deg","23.307","°C","1019.000","hPa","0.861","-0.02617","0.00035","0","0","13.56","Humid","22.75","0","51.00","252089.70","SABD0000000001","AAV1.0.0.11","1.1.2.0","PSt7-10","170328-022","9/30/2017 7:09:10 PM","0000-00","0","no battery","V"
"11/03/2018","09:30:04","9","default","550496092","OXY_CH9","6.049","min","241.044","µmol/L","Humid","19.143","deg","86314","µV","26.020","°C","1019.000","hPa","34.1","pmil","0","53.442","deg","23.711","°C","100.000","%a.s.","21.016","deg","23.307","°C","1019.000","hPa","0.861","-0.02617","0.00035","0","0","13.56","Humid","22.75","0","51.00","252098.01","SABD0000000001","AAV1.0.0.11","1.1.2.0","PSt7-10","170328-022","9/30/2017 7:09:10 PM","0000-00","0","no battery","V"
"11/03/2018","09:30:05","9","default","550496092","OXY_CH9","6.066","min","241.220","µmol/L","Humid","19.138","deg","86300","µV","26.012","°C","1019.000","hPa","34.1","pmil","0","53.442","deg","23.711","°C","100.000","%a.s.","21.016","deg","23.307","°C","1019.000","hPa","0.861","-0.02617","0.00035","0","0","13.56","Humid","22.75","0","51.00","252093.42","SABD0000000001","AAV1.0.0.11","1.1.2.0","PSt7-10","170328-022","9/30/2017 7:09:10 PM","0000-00","0","no battery","V"
"11/03/2018","09:30:06","9","default","550496092","OXY_CH9","6.082","min","241.291","µmol/L","Humid","19.135","deg","86306","µV","26.011","°C","1019.000","hPa","34.1","pmil","0","53.442","deg","23.711","°C","100.000","%a.s.","21.016","deg","23.307","°C","1019.000","hPa","0.861","-0.02617","0.00035","0","0","13.56","Humid","22.75","0","51.00","252083.84","SABD0000000001","AAV1.0.0.11","1.1.2.0","PSt7-10","170328-022","9/30/2017 7:09:10 PM","0000-00","0","no battery","V"
"11/03/2018","09:30:07","9","default","550496092","OXY_CH9","6.099","min","241.166","µmol/L","Humid","19.134","deg","86301","µV","26.032","°C","1019.000","hPa","34.1","pmil","0","53.442","deg","23.711","°C","100.000","%a.s.","21.016","deg","23.307","°C","1019.000","hPa","0.861","-0.02617","0.00035","0","0","13.56","Humid","22.75","0","51.00","252095.62","SABD0000000001","AAV1.0.0.11","1.1.2.0","PSt7-10","170328-022","9/30/2017 7:09:10 PM","0000-00","0","no battery","V"
"11/03/2018","09:30:08","9","default","550496092","OXY_CH9","6.116","min","241.049","µmol/L","Humid","19.137","deg","86290","µV","26.039","°C","1019.000","hPa","34.1","pmil","0","53.442","deg","23.711","°C","100.000","%a.s.","21.016","deg","23.307","°C","1019.000","hPa","0.861","-0.02617","0.00035","0","0","13.56","Humid","22.75","0","51.00","252076.06","SABD0000000001","AAV1.0.0.11","1.1.2.0","PSt7-10","170328-022","9/30/2017 7:09:10 PM","0000-00","0","no battery","V"
"11/03/2018","09:30:09","9","default","550496092","OXY_CH9","6.132","min","241.168","µmol/L","Humid","19.135","deg","86301","µV","26.029","°C","1019.000","hPa","34.1","pmil","0","53.442","deg","23.711","°C","100.000","%a.s.","21.016","deg","23.307","°C","1019.000","hPa","0.861","-0.02617","0.00035","0","0","13.56","Humid","22.75","0","51.00","252090.83","SABD0000000001","AAV1.0.0.11","1.1.2.0","PSt7-10","170328-022","9/30/2017 7:09:10 PM","0000-00","0","no battery","V"
"11/03/2018","09:30:10","9","default","550496092","OXY_CH9","6.149","min","241.283","µmol/L","Humid","19.135","deg","86287","µV","26.012","°C","1019.000","hPa","34.1","pmil","0","53.442","deg","23.711","°C","100.000","%a.s.","21.016","deg","23.307","°C","1019.000","hPa","0.861","-0.02617","0.00035","0","0","13.56","Humid","22.75","0","51.00","252080.06","SABD0000000001","AAV1.0.0.11","1.1.2.0","PSt7-10","170328-022","9/30/2017 7:09:10 PM","0000-00","0","no battery","V"
"11/03/2018","09:30:11","9","default","550496092","OXY_CH9","6.166","min","241.217","µmol/L","Humid","19.133","deg","86277","µV","26.028","°C","1019.000","hPa","34.1","pmil","0","53.442","deg","23.711","°C","100.000","%a.s.","21.016","deg","23.307","°C","1019.000","hPa","0.861","-0.02617","0.00035","0","0","13.56","Humid","22.75","0","51.00","252095.01","SABD0000000001","AAV1.0.0.11","1.1.2.0","PSt7-10","170328-022","9/30/2017 7:09:10 PM","0000-00","0","no battery","V"
"11/03/2018","09:30:12","9","default","550496092","OXY_CH9","6.183","min","241.293","µmol/L","Humid","19.134","deg","86283","µV","26.014","°C","1019.000","hPa","34.1","pmil","0","53.442","deg","23.711","°C","100.000","%a.s.","21.016","deg","23.307","°C","1019.000","hPa","0.861","-0.02617","0.00035","0","0","13.56","Humid","22.75","0","51.00","252089.89","SABD0000000001","AAV1.0.0.11","1.1.2.0","PSt7-10","170328-022","9/30/2017 7:09:10 PM","0000-00","0","no battery","V"
"11/03/2018","09:30:13","9","default","550496092","OXY_CH9","6.199","min","241.352","µmol/L","Humid","19.130","deg","86271","µV","26.019","°C","1019.000","hPa","34.1","pmil","0","53.442","deg","23.711","°C","100.000","%a.s.","21.016","deg","23.307","°C","1019.000","hPa","0.861","-0.02617","0.00035","0","0","13.56","Humid","22.75","0","51.00","252072.81","SABD0000000001","AAV1.0.0.11","1.1.2.0","PSt7-10","170328-022","9/30/2017 7:09:10 PM","0000-00","0","no battery","V"
"11/03/2018","09:30:14","9","default","550496092","OXY_CH9","6.216","min","241.238","µmol/L","Humid","19.136","deg","86268","µV","26.015","°C","1019.000","hPa","34.1","pmil","0","53.442","deg","23.711","°C","100.000","%a.s.","21.016","deg","23.307","°C","1019.000","hPa","0.861","-0.02617","0.00035","0","0","13.56","Humid","22.75","0","51.00","252090.25","SABD0000000001","AAV1.0.0.11","1.1.2.0","PSt7-10","170328-022","9/30/2017 7:09:10 PM","0000-00","0","no battery","V"
"11/03/2018","09:30:15","9","default","550496092","OXY_CH9","6.232","min","241.259","µmol/L","Humid","19.132","deg","86266","µV","26.025","°C","1019.000","hPa","34.1","pmil","0","53.442","deg","23.711","°C","100.000","%a.s.","21.016","deg","23.307","°C","1019.000","hPa","0.861","-0.02617","0.00035","0","0","13.56","Humid","22.75","0","51.00","252070.37","SABD0000000001","AAV1.0.0.11","1.1.2.0","PSt7-10","170328-022","9/30/2017 7:09:10 PM","0000-00","0","no battery","V"
"11/03/2018","09:30:16","9","default","550496092","OXY_CH9","6.249","min","241.317","µmol/L","Humid","19.133","deg","86264","µV","26.014","°C","1019.000","hPa","34.1","pmil","0","53.442","deg","23.711","°C","100.000","%a.s.","21.016","deg","23.307","°C","1019.000","hPa","0.861","-0.02617","0.00035","0","0","13.56","Humid","22.75","0","51.00","252088.45","SABD0000000001","AAV1.0.0.11","1.1.2.0","PSt7-10","170328-022","9/30/2017 7:09:10 PM","0000-00","0","no battery","V"
"11/03/2018","09:30:17","9","default","550496092","OXY_CH9","6.266","min","241.343","µmol/L","Humid","19.127","deg","86256","µV","26.030","°C","1019.000","hPa","34.1","pmil","0","53.442","deg","23.711","°C","100.000","%a.s.","21.016","deg","23.307","°C","1019.000","hPa","0.861","-0.02617","0.00035","0","0","13.56","Humid","22.75","0","51.00","252081.25","SABD0000000001","AAV1.0.0.11","1.1.2.0","PSt7-10","170328-022","9/30/2017 7:09:10 PM","0000-00","0","no battery","V"
"11/03/2018","09:30:18","9","default","550496092","OXY_CH9","6.282","min","241.299","µmol/L","Humid","19.131","deg","86252","µV","26.023","°C","1019.000","hPa","34.1","pmil","0","53.442","deg","23.711","°C","100.000","%a.s.","21.016","deg","23.307","°C","1019.000","hPa","0.861","-0.02617","0.00035","0","0","13.56","Humid","22.75","0","51.00","252082.09","SABD0000000001","AAV1.0.0.11","1.1.2.0","PSt7-10","170328-022","9/30/2017 7:09:10 PM","0000-00","0","no battery","V"
"11/03/2018","09:30:19","9","default","550496092","OXY_CH9","6.299","min","241.282","µmol/L","Humid","19.130","deg","86255","µV","26.029","°C","1019.000","hPa","34.1","pmil","0","53.442","deg","23.711","°C","100.000","%a.s.","21.016","deg","23.307","°C","1019.000","hPa","0.861","-0.02617","0.00035","0","0","13.56","Humid","22.75","0","51.00","252066.80","SABD0000000001","AAV1.0.0.11","1.1.2.0","PSt7-10","170328-022","9/30/2017 7:09:10 PM","0000-00","0","no battery","V"
"11/03/2018","09:30:20","9","default","550496092","OXY_CH9","6.316","min","241.496","µmol/L","Humid","19.129","deg","86247","µV","26.002","°C","1019.000","hPa","34.1","pmil","0","53.442","deg","23.711","°C","100.000","%a.s.","21.016","deg","23.307","°C","1019.000","hPa","0.861","-0.02617","0.00035","0","0","13.56","Humid","22.75","0","51.00","252069.40","SABD0000000001","AAV1.0.0.11","1.1.2.0","PSt7-10","170328-022","9/30/2017 7:09:10 PM","0000-00","0","no battery","V"
"11/03/2018","09:30:21","9","default","550496092","OXY_CH9","6.333","min","241.414","µmol/L","Humid","19.129","deg","86237","µV","26.013","°C","1019.000","hPa","34.1","pmil","0","53.442","deg","23.711","°C","100.000","%a.s.","21.016","deg","23.307","°C","1019.000","hPa","0.861","-0.02617","0.00035","0","0","13.56","Humid","22.75","0","51.00","252063.70","SABD0000000001","AAV1.0.0.11","1.1.2.0","PSt7-10","170328-022","9/30/2017 7:09:10 PM","0000-00","0","no battery","V"
"11/03/2018","09:30:22","9","default","550496092","OXY_CH9","6.349","min","241.308","µmol/L","Humid","19.129","deg","86229","µV","26.028","°C","1019.000","hPa","34.1","pmil","0","53.442","deg","23.711","°C","100.000","%a.s.","21.016","deg","23.307","°C","1019.000","hPa","0.861","-0.02617","0.00035","0","0","13.56","Humid","22.75","0","51.00","252063.20","SABD0000000001","AAV1.0.0.11","1.1.2.0","PSt7-10","170328-022","9/30/2017 7:09:10 PM","0000-00","0","no battery","V"
"11/03/2018","09:30:23","9","default","550496092","OXY_CH9","6.366","min","241.352","µmol/L","Humid","19.132","deg","86226","µV","26.012","°C","1019.000","hPa","34.1","pmil","0","53.442","deg","23.711","°C","100.000","%a.s.","21.016","deg","23.307","°C","1019.000","hPa","0.861","-0.02617","0.00035","0","0","13.56","Humid","22.75","0","51.00","252076.40","SABD0000000001","AAV1.0.0.11","1.1.2.0","PSt7-10","170328-022","9/30/2017 7:09:10 PM","0000-00","0","no battery","V"
"11/03/2018","09:30:24","9","default","550496092","OXY_CH9","6.383","min","241.440","µmol/L","Humid","19.128","deg","86219","µV","26.013","°C","1019.000","hPa","34.1","pmil","0","53.442","deg","23.711","°C","100.000","%a.s.","21.016","deg","23.307","°C","1019.000","hPa","0.861","-0.02617","0.00035","0","0","13.56","Humid","22.75","0","51.00","252059.66","SABD0000000001","AAV1.0.0.11","1.1.2.0","PSt7-10","170328-022","9/30/2017 7:09:10 PM","0000-00","0","no battery","V"
"11/03/2018","09:30:25","9","default","550496092","OXY_CH9","6.399","min","241.422","µmol/L","Humid","19.126","deg","86217","µV","26.022","°C","1019.000","hPa","34.1","pmil","0","53.442","deg","23.711","°C","100.000","%a.s.","21.016","deg","23.307","°C","1019.000","hPa","0.861","-0.02617","0.00035","0","0","13.56","Humid","22.75","0","51.00","252052.97","SABD0000000001","AAV1.0.0.11","1.1.2.0","PSt7-10","170328-022","9/30/2017 7:09:10 PM","0000-00","0","no battery","V"
"11/03/2018","09:30:26","9","default","550496092","OXY_CH9","6.416","min","241.465","µmol/L","Humid","19.125","deg","86222","µV","26.019","°C","1019.000","hPa","34.1","pmil","0","53.442","deg","23.711","°C","100.000","%a.s.","21.016","deg","23.307","°C","1019.000","hPa","0.861","-0.02617","0.00035","0","0","13.56","Humid","22.75","0","51.00","252054.37","SABD0000000001","AAV1.0.0.11","1.1.2.0","PSt7-10","170328-022","9/30/2017 7:09:10 PM","0000-00","0","no battery","V"
"11/03/2018","09:30:27","9","default","550496092","OXY_CH9","6.432","min","241.354","µmol/L","Humid","19.123","deg","86215","µV","26.041","°C","1019.000","hPa","34.1","pmil","0","53.442","deg","23.711","°C","100.000","%a.s.","21.016","deg","23.307","°C","1019.000","hPa","0.861","-0.02617","0.00035","0","0","13.56","Humid","22.75","0","51.00","252061.63","SABD0000000001","AAV1.0.0.11","1.1.2.0","PSt7-10","170328-022","9/30/2017 7:09:10 PM","0000-00","0","no battery","V"
"11/03/2018","09:30:28","9","default","550496092","OXY_CH9","6.449","min","241.411","µmol/L","Humid","19.125","deg","86213","µV","26.027","°C","1019.000","hPa","34.1","pmil","0","53.442","deg","23.711","°C","100.000","%a.s.","21.016","deg","23.307","°C","1019.000","hPa","0.861","-0.02617","0.00035","0","0","13.56","Humid","22.75","0","51.00","252056.27","SABD0000000001","AAV1.0.0.11","1.1.2.0","PSt7-10","170328-022","9/30/2017 7:09:10 PM","0000-00","0","no battery","V"
"11/03/2018","09:30:29","9","default","550496092","OXY_CH9","6.466","min","241.512","µmol/L","Humid","19.121","deg","86209","µV","26.025","°C","1019.000","hPa","34.1","pmil","0","53.442","deg","23.711","°C","100.000","%a.s.","21.016","deg","23.307","°C","1019.000","hPa","0.861","-0.02617","0.00035","0","0","13.56","Humid","22.75","0","51.00","252057.11","SABD0000000001","AAV1.0.0.11","1.1.2.0","PSt7-10","170328-022","9/30/2017 7:09:10 PM","0000-00","0","no battery","V"
"11/03/2018","09:30:30","9","default","550496092","OXY_CH9","6.483","min","241.426","µmol/L","Humid","19.125","deg","86202","µV","26.025","°C","1019.000","hPa","34.1","pmil","0","53.442","deg","23.711","°C","100.000","%a.s.","21.016","deg","23.307","°C","1019.000","hPa","0.861","-0.02617","0.00035","0","0","13.56","Humid","22.75","0","51.00","252068.04","SABD0000000001","AAV1.0.0.11","1.1.2.0","PSt7-10","170328-022","9/30/2017 7:09:10 PM","0000-00","0","no battery","V"
"11/03/2018","09:30:31","9","default","550496092","OXY_CH9","6.499","min","241.452","µmol/L","Humid","19.122","deg","86198","µV","26.031","°C","1019.000","hPa","34.1","pmil","0","53.442","deg","23.711","°C","100.000","%a.s.","21.016","deg","23.307","°C","1019.000","hPa","0.861","-0.02617","0.00035","0","0","13.56","Humid","22.75","0","51.00","252055.88","SABD0000000001","AAV1.0.0.11","1.1.2.0","PSt7-10","170328-022","9/30/2017 7:09:10 PM","0000-00","0","no battery","V"
"11/03/2018","09:30:32","9","default","550496092","OXY_CH9","6.516","min","241.457","µmol/L","Humid","19.122","deg","86198","µV","26.030","°C","1019.000","hPa","34.1","pmil","0","53.442","deg","23.711","°C","100.000","%a.s.","21.016","deg","23.307","°C","1019.000","hPa","0.861","-0.02617","0.00035","0","0","13.56","Humid","22.75","0","51.00","252056.77","SABD0000000001","AAV1.0.0.11","1.1.2.0","PSt7-10","170328-022","9/30/2017 7:09:10 PM","0000-00","0","no battery","V"
"11/03/2018","09:30:33","9","default","550496092","OXY_CH9","6.532","min","241.541","µmol/L","Humid","19.122","deg","86188","µV","26.018","°C","1019.000","hPa","34.1","pmil","0","53.442","deg","23.711","°C","100.000","%a.s.","21.016","deg","23.307","°C","1019.000","hPa","0.861","-0.02617","0.00035","0","0","13.56","Humid","22.75","0","51.00","252055.85","SABD0000000001","AAV1.0.0.11","1.1.2.0","PSt7-10","170328-022","9/30/2017 7:09:10 PM","0000-00","0","no battery","V"
"11/03/2018","09:30:34","9","default","550496092","OXY_CH9","6.549","min","241.599","µmol/L","Humid","19.119","deg","86184","µV","26.020","°C","1019.000","hPa","34.1","pmil","0","53.442","deg","23.711","°C","100.000","%a.s.","21.016","deg","23.307","°C","1019.000","hPa","0.861","-0.02617","0.00035","0","0","13.56","Humid","22.75","0","51.00","252057.48","SABD0000000001","AAV1.0.0.11","1.1.2.0","PSt7-10","170328-022","9/30/2017 7:09:10 PM","0000-00","0","no battery","V"
"11/03/2018","09:30:35","9","default","550496092","OXY_CH9","6.566","min","241.571","µmol/L","Humid","19.119","deg","86188","µV","26.024","°C","1019.000","hPa","34.1","pmil","0","53.442","deg","23.711","°C","100.000","%a.s.","21.016","deg","23.307","°C","1019.000","hPa","0.861","-0.02617","0.00035","0","0","13.56","Humid","22.75","0","51.00","252053.06","SABD0000000001","AAV1.0.0.11","1.1.2.0","PSt7-10","170328-022","9/30/2017 7:09:10 PM","0000-00","0","no battery","V"
"11/03/2018","09:30:36","9","default","550496092","OXY_CH9","6.582","min","241.679","µmol/L","Humid","19.115","deg","86179","µV","26.021","°C","1019.000","hPa","34.1","pmil","0","53.442","deg","23.711","°C","100.000","%a.s.","21.016","deg","23.307","°C","1019.000","hPa","0.861","-0.02617","0.00035","0","0","13.56","Humid","22.75","0","51.00","252050.40","SABD0000000001","AAV1.0.0.11","1.1.2.0","PSt7-10","170328-022","9/30/2017 7:09:10 PM","0000-00","0","no battery","V"
"11/03/2018","09:30:37","9","default","550496092","OXY_CH9","6.599","min","241.432","µmol/L","Humid","19.123","deg","86179","µV","26.030","°C","1019.000","hPa","34.1","pmil","0","53.442","deg","23.711","°C","100.000","%a.s.","21.016","deg","23.307","°C","1019.000","hPa","0.861","-0.02617","0.00035","0","0","13.56","Humid","22.75","0","51.00","252049.46","SABD0000000001","AAV1.0.0.11","1.1.2.0","PSt7-10","170328-022","9/30/2017 7:09:10 PM","0000-00","0","no battery","V"
"11/03/2018","09:30:38","9","default","550496092","OXY_CH9","6.616","min","241.614","µmol/L","Humid","19.118","deg","86183","µV","26.021","°C","1019.000","hPa","34.1","pmil","0","53.442","deg","23.711","°C","100.000","%a.s.","21.016","deg","23.307","°C","1019.000","hPa","0.861","-0.02617","0.00035","0","0","13.56","Humid","22.75","0","51.00","252040.86","SABD0000000001","AAV1.0.0.11","1.1.2.0","PSt7-10","170328-022","9/30/2017 7:09:10 PM","0000-00","0","no battery","V"
"11/03/2018","09:30:39","9","default","550496092","OXY_CH9","6.633","min","241.612","µmol/L","Humid","19.118","deg","86167","µV","26.021","°C","1019.000","hPa","34.1","pmil","0","53.442","deg","23.711","°C","100.000","%a.s.","21.016","deg","23.307","°C","1019.000","hPa","0.861","-0.02617","0.00035","0","0","13.56","Humid","22.75","0","51.00","252039.45","SABD0000000001","AAV1.0.0.11","1.1.2.0","PSt7-10","170328-022","9/30/2017 7:09:10 PM","0000-00","0","no battery","V"
"11/03/2018","09:30:40","9","default","550496092","OXY_CH9","6.650","min","241.717","µmol/L","Humid","19.115","deg","86169","µV","26.016","°C","1019.000","hPa","34.1","pmil","0","53.442","deg","23.711","°C","100.000","%a.s.","21.016","deg","23.307","°C","1019.000","hPa","0.861","-0.02617","0.00035","0","0","13.56","Humid","22.75","0","51.00","252040.25","SABD0000000001","AAV1.0.0.11","1.1.2.0","PSt7-10","170328-022","9/30/2017 7:09:10 PM","0000-00","0","no battery","V"
"11/03/2018","09:30:41","9","default","550496092","OXY_CH9","6.666","min","241.690","µmol/L","Humid","19.117","deg","86153","µV","26.013","°C","1019.000","hPa","34.1","pmil","0","53.442","deg","23.711","°C","100.000","%a.s.","21.016","deg","23.307","°C","1019.000","hPa","0.861","-0.02617","0.00035","0","0","13.56","Humid","22.75","0","51.00","252031.03","SABD0000000001","AAV1.0.0.11","1.1.2.0","PSt7-10","170328-022","9/30/2017 7:09:10 PM","0000-00","0","no battery","V"
"11/03/2018","09:30:42","9","default","550496092","OXY_CH9","6.682","min","241.707","µmol/L","Humid","19.117","deg","86153","µV","26.011","°C","1019.000","hPa","34.1","pmil","0","53.442","deg","23.711","°C","100.000","%a.s.","21.016","deg","23.307","°C","1019.000","hPa","0.861","-0.02617","0.00035","0","0","13.56","Humid","22.75","0","51.00","252035.39","SABD0000000001","AAV1.0.0.11","1.1.2.0","PSt7-10","170328-022","9/30/2017 7:09:10 PM","0000-00","0","no battery","V"
"11/03/2018","09:30:43","9","default","550496092","OXY_CH9","6.699","min","241.607","µmol/L","Humid","19.119","deg","86146","µV","26.018","°C","1019.000","hPa","34.1","pmil","0","53.442","deg","23.711","°C","100.000","%a.s.","21.016","deg","23.307","°C","1019.000","hPa","0.861","-0.02617","0.00035","0","0","13.56","Humid","22.75","0","51.00","252036.19","SABD0000000001","AAV1.0.0.11","1.1.2.0","PSt7-10","170328-022","9/30/2017 7:09:10 PM","0000-00","0","no battery","V"
"11/03/2018","09:30:44","9","default","550496092","OXY_CH9","6.716","min","241.665","µmol/L","Humid","19.119","deg","86154","µV","26.010","°C","1019.000","hPa","34.1","pmil","0","53.442","deg","23.711","°C","100.000","%a.s.","21.016","deg","23.307","°C","1019.000","hPa","0.861","-0.02617","0.00035","0","0","13.56","Humid","22.75","0","51.00","252041.64","SABD0000000001","AAV1.0.0.11","1.1.2.0","PSt7-10","170328-022","9/30/2017 7:09:10 PM","0000-00","0","no battery","V"
"11/03/2018","09:30:45","9","default","550496092","OXY_CH9","6.733","min","241.856","µmol/L","Humid","19.111","deg","86147","µV","26.009","°C","1019.000","hPa","34.1","pmil","0","53.442","deg","23.711","°C","100.000","%a.s.","21.016","deg","23.307","°C","1019.000","hPa","0.861","-0.02617","0.00035","0","0","13.56","Humid","22.75","0","51.00","252037.18","SABD0000000001","AAV1.0.0.11","1.1.2.0","PSt7-10","170328-022","9/30/2017 7:09:10 PM","0000-00","0","no battery","V"
"11/03/2018","09:30:46","9","default","550496092","OXY_CH9","6.749","min","241.786","µmol/L","Humid","19.113","deg","86138","µV","26.013","°C","1019.000","hPa","34.1","pmil","0","53.442","deg","23.711","°C","100.000","%a.s.","21.016","deg","23.307","°C","1019.000","hPa","0.861","-0.02617","0.00035","0","0","13.56","Humid","22.75","0","51.00","252018.49","SABD0000000001","AAV1.0.0.11","1.1.2.0","PSt7-10","170328-022","9/30/2017 7:09:10 PM","0000-00","0","no battery","V"
"11/03/2018","09:30:47","9","default","550496092","OXY_CH9","6.766","min","241.705","µmol/L","Humid","19.114","deg","86127","µV","26.021","°C","1019.000","hPa","34.1","pmil","0","53.442","deg","23.711","°C","100.000","%a.s.","21.016","deg","23.307","°C","1019.000","hPa","0.861","-0.02617","0.00035","0","0","13.56","Humid","22.75","0","51.00","252024.08","SABD0000000001","AAV1.0.0.11","1.1.2.0","PSt7-10","170328-022","9/30/2017 7:09:10 PM","0000-00","0","no battery","V"
"11/03/2018","09:30:48","9","default","550496092","OXY_CH9","6.783","min","241.629","µmol/L","Humid","19.112","deg","86129","µV","26.038","°C","1019.000","hPa","34.1","pmil","0","53.442","deg","23.711","°C","100.000","%a.s.","21.016","deg","23.307","°C","1019.000","hPa","0.861","-0.02617","0.00035","0","0","13.56","Humid","22.75","0","51.00","252026.45","SABD0000000001","AAV1.0.0.11","1.1.2.0","PSt7-10","170328-022","9/30/2017 7:09:10 PM","0000-00","0","no battery","V"
"11/03/2018","09:30:49","9","default","550496092","OXY_CH9","6.799","min","241.737","µmol/L","Humid","19.109","deg","86132","µV","26.033","°C","1019.000","hPa","34.1","pmil","0","53.442","deg","23.711","°C","100.000","%a.s.","21.016","deg","23.307","°C","1019.000","hPa","0.861","-0.02617","0.00035","0","0","13.56","Humid","22.75","0","51.00","252020.63","SABD0000000001","AAV1.0.0.11","1.1.2.0","PSt7-10","170328-022","9/30/2017 7:09:10 PM","0000-00","0","no battery","V"
"11/03/2018","09:30:50","9","default","550496092","OXY_CH9","6.816","min","241.740","µmol/L","Humid","19.111","deg","86118","µV","26.026","°C","1019.000","hPa","34.1","pmil","0","53.442","deg","23.711","°C","100.000","%a.s.","21.016","deg","23.307","°C","1019.000","hPa","0.861","-0.02617","0.00035","0","0","13.56","Humid","22.75","0","51.00","252023.23","SABD0000000001","AAV1.0.0.11","1.1.2.0","PSt7-10","170328-022","9/30/2017 7:09:10 PM","0000-00","0","no battery","V"
"11/03/2018","09:30:51","9","default","550496092","OXY_CH9","6.832","min","241.677","µmol/L","Humid","19.112","deg","86122","µV","26.031","°C","1019.000","hPa","34.1","pmil","0","53.442","deg","23.711","°C","100.000","%a.s.","21.016","deg","23.307","°C","1019.000","hPa","0.861","-0.02617","0.00035","0","0","13.56","Humid","22.75","0","51.00","252015.21","SABD0000000001","AAV1.0.0.11","1.1.2.0","PSt7-10","170328-022","9/30/2017 7:09:10 PM","0000-00","0","no battery","V"
"11/03/2018","09:30:52","9","default","550496092","OXY_CH9","6.849","min","241.711","µmol/L","Humid","19.110","deg","86109","µV","26.033","°C","1019.000","hPa","34.1","pmil","0","53.442","deg","23.711","°C","100.000","%a.s.","21.016","deg","23.307","°C","1019.000","hPa","0.861","-0.02617","0.00035","0","0","13.56","Humid","22.75","0","51.00","252023.31","SABD0000000001","AAV1.0.0.11","1.1.2.0","PSt7-10","170328-022","9/30/2017 7:09:10 PM","0000-00","0","no battery","V"
"11/03/2018","09:30:53","9","default","550496092","OXY_CH9","6.866","min","241.825","µmol/L","Humid","19.110","deg","86113","µV","26.017","°C","1019.000","hPa","34.1","pmil","0","53.442","deg","23.711","°C","100.000","%a.s.","21.016","deg","23.307","°C","1019.000","hPa","0.861","-0.02617","0.00035","0","0","13.56","Humid","22.75","0","51.00","252015.14","SABD0000000001","AAV1.0.0.11","1.1.2.0","PSt7-10","170328-022","9/30/2017 7:09:10 PM","0000-00","0","no battery","V"
"11/03/2018","09:30:54","9","default","550496092","OXY_CH9","6.882","min","241.854","µmol/L","Humid","19.105","deg","86108","µV","26.029","°C","1019.000","hPa","34.1","pmil","0","53.442","deg","23.711","°C","100.000","%a.s.","21.016","deg","23.307","°C","1019.000","hPa","0.861","-0.02617","0.00035","0","0","13.56","Humid","22.75","0","51.00","252018.97","SABD0000000001","AAV1.0.0.11","1.1.2.0","PSt7-10","170328-022","9/30/2017 7:09:10 PM","0000-00","0","no battery","V"
"11/03/2018","09:30:55","9","default","550496092","OXY_CH9","6.899","min","241.798","µmol/L","Humid","19.107","deg","86100","µV","26.030","°C","1019.000","hPa","34.1","pmil","0","53.442","deg","23.711","°C","100.000","%a.s.","21.016","deg","23.307","°C","1019.000","hPa","0.861","-0.02617","0.00035","0","0","13.56","Humid","22.75","0","51.00","252007.31","SABD0000000001","AAV1.0.0.11","1.1.2.0","PSt7-10","170328-022","9/30/2017 7:09:10 PM","0000-00","0","no battery","V"
"11/03/2018","09:30:56","9","default","550496092","OXY_CH9","6.916","min","241.859","µmol/L","Humid","19.103","deg","86099","µV","26.035","°C","1019.000","hPa","34.1","pmil","0","53.442","deg","23.711","°C","100.000","%a.s.","21.016","deg","23.307","°C","1019.000","hPa","0.861","-0.02617","0.00035","0","0","13.56","Humid","22.75","0","51.00","252008.53","SABD0000000001","AAV1.0.0.11","1.1.2.0","PSt7-10","170328-022","9/30/2017 7:09:10 PM","0000-00","0","no battery","V"
"11/03/2018","09:30:57","9","default","550496092","OXY_CH9","6.933","min","241.903","µmol/L","Humid","19.104","deg","86102","µV","26.025","°C","1019.000","hPa","34.1","pmil","0","53.442","deg","23.711","°C","100.000","%a.s.","21.016","deg","23.307","°C","1019.000","hPa","0.861","-0.02617","0.00035","0","0","13.56","Humid","22.75","0","51.00","252016.98","SABD0000000001","AAV1.0.0.11","1.1.2.0","PSt7-10","170328-022","9/30/2017 7:09:10 PM","0000-00","0","no battery","V"
"11/03/2018","09:30:58","9","default","550496092","OXY_CH9","6.950","min","241.808","µmol/L","Humid","19.108","deg","86097","µV","26.026","°C","1019.000","hPa","34.1","pmil","0","53.442","deg","23.711","°C","100.000","%a.s.","21.016","deg","23.307","°C","1019.000","hPa","0.861","-0.02617","0.00035","0","0","13.56","Humid","22.75","0","51.00","252006.53","SABD0000000001","AAV1.0.0.11","1.1.2.0","PSt7-10","170328-022","9/30/2017 7:09:10 PM","0000-00","0","no battery","V"
"11/03/2018","09:30:59","9","default","550496092","OXY_CH9","6.966","min","241.979","µmol/L","Humid","19.104","deg","86090","µV","26.015","°C","1019.000","hPa","34.1","pmil","0","53.442","deg","23.711","°C","100.000","%a.s.","21.016","deg","23.307","°C","1019.000","hPa","0.861","-0.02617","0.00035","0","0","13.56","Humid","22.75","0","51.00","252011.45","SABD0000000001","AAV1.0.0.11","1.1.2.0","PSt7-10","170328-022","9/30/2017 7:09:10 PM","0000-00","0","no battery","V"
"11/03/2018","09:31:00","9","default","550496092","OXY_CH9","6.982","min","241.985","µmol/L","Humid","19.101","deg","86082","µV","26.024","°C","1019.000","hPa","34.1","pmil","0","53.442","deg","23.711","°C","100.000","%a.s.","21.016","deg","23.307","°C","1019.000","hPa","0.861","-0.02617","0.00035","0","0","13.56","Humid","22.75","0","51.00","251996.39","SABD0000000001","AAV1.0.0.11","1.1.2.0","PSt7-10","170328-022","9/30/2017 7:09:10 PM","0000-00","0","no battery","V"
"11/03/2018","09:31:01","9","default","550496092","OXY_CH9","6.999","min","241.900","µmol/L","Humid","19.105","deg","86073","µV","26.023","°C","1019.000","hPa","34.1","pmil","0","53.442","deg","23.711","°C","100.000","%a.s.","21.016","deg","23.307","°C","1019.000","hPa","0.861","-0.02617","0.00035","0","0","13.56","Humid","22.75","0","51.00","251992.27","SABD0000000001","AAV1.0.0.11","1.1.2.0","PSt7-10","170328-022","9/30/2017 7:09:10 PM","0000-00","0","no battery","V"
"11/03/2018","09:31:02","9","default","550496092","OXY_CH9","7.016","min","241.975","µmol/L","Humid","19.103","deg","86069","µV","26.019","°C","1019.000","hPa","34.1","pmil","0","53.442","deg","23.711","°C","100.000","%a.s.","21.016","deg","23.307","°C","1019.000","hPa","0.861","-0.02617","0.00035","0","0","13.56","Humid","22.75","0","51.00","251999.94","SABD0000000001","AAV1.0.0.11","1.1.2.0","PSt7-10","170328-022","9/30/2017 7:09:10 PM","0000-00","0","no battery","V"
"11/03/2018","09:31:03","9","default","550496092","OXY_CH9","7.032","min","241.963","µmol/L","Humid","19.104","deg","86076","µV","26.017","°C","1019.000","hPa","34.1","pmil","0","53.442","deg","23.711","°C","100.000","%a.s.","21.016","deg","23.307","°C","1019.000","hPa","0.861","-0.02617","0.00035","0","0","13.56","Humid","22.75","0","51.00","251995.68","SABD0000000001","AAV1.0.0.11","1.1.2.0","PSt7-10","170328-022","9/30/2017 7:09:10 PM","0000-00","0","no battery","V"
"11/03/2018","09:31:04","9","default","550496092","OXY_CH9","7.049","min","241.929","µmol/L","Humid","19.104","deg","86065","µV","26.022","°C","1019.000","hPa","34.1","pmil","0","53.442","deg","23.711","°C","100.000","%a.s.","21.016","deg","23.307","°C","1019.000","hPa","0.861","-0.02617","0.00035","0","0","13.56","Humid","22.75","0","51.00","251991.14","SABD0000000001","AAV1.0.0.11","1.1.2.0","PSt7-10","170328-022","9/30/2017 7:09:10 PM","0000-00","0","no battery","V"
"11/03/2018","09:31:05","9","default","550496092","OXY_CH9","7.066","min","241.909","µmol/L","Humid","19.100","deg","86055","µV","26.037","°C","1019.000","hPa","34.1","pmil","0","53.442","deg","23.711","°C","100.000","%a.s.","21.016","deg","23.307","°C","1019.000","hPa","0.861","-0.02617","0.00035","0","0","13.56","Humid","22.75","0","51.00","251999.91","SABD0000000001","AAV1.0.0.11","1.1.2.0","PSt7-10","170328-022","9/30/2017 7:09:10 PM","0000-00","0","no battery","V"
"11/03/2018","09:31:06","9","default","550496092","OXY_CH9","7.083","min","241.974","µmol/L","Humid","19.093","deg","86065","µV","26.051","°C","1019.000","hPa","34.1","pmil","0","53.442","deg","23.711","°C","100.000","%a.s.","21.016","deg","23.307","°C","1019.000","hPa","0.861","-0.02617","0.00035","0","0","13.56","Humid","22.75","0","51.00","252002.81","SABD0000000001","AAV1.0.0.11","1.1.2.0","PSt7-10","170328-022","9/30/2017 7:09:10 PM","0000-00","0","no battery","V"
"11/03/2018","09:31:07","9","default","550496092","OXY_CH9","7.099","min","242.023","µmol/L","Humid","19.100","deg","86052","µV","26.022","°C","1019.000","hPa","34.1","pmil","0","53.442","deg","23.711","°C","100.000","%a.s.","21.016","deg","23.307","°C","1019.000","hPa","0.861","-0.02617","0.00035","0","0","13.56","Humid","22.75","0","51.00","251994.00","SABD0000000001","AAV1.0.0.11","1.1.2.0","PSt7-10","170328-022","9/30/2017 7:09:10 PM","0000-00","0","no battery","V"
"11/03/2018","09:31:08","9","default","550496092","OXY_CH9","7.116","min","242.068","µmol/L","Humid","19.098","deg","86050","µV","26.022","°C","1019.000","hPa","34.1","pmil","0","53.442","deg","23.711","°C","100.000","%a.s.","21.016","deg","23.307","°C","1019.000","hPa","0.861","-0.02617","0.00035","0","0","13.56","Humid","22.75","0","51.00","251994.90","SABD0000000001","AAV1.0.0.11","1.1.2.0","PSt7-10","170328-022","9/30/2017 7:09:10 PM","0000-00","0","no battery","V"
"11/03/2018","09:31:09","9","default","550496092","OXY_CH9","7.132","min","242.142","µmol/L","Humid","19.095","deg","86053","µV","26.021","°C","1019.000","hPa","34.1","pmil","0","53.442","deg","23.711","°C","100.000","%a.s.","21.016","deg","23.307","°C","1019.000","hPa","0.861","-0.02617","0.00035","0","0","13.56","Humid","22.75","0","51.00","251983.67","SABD0000000001","AAV1.0.0.11","1.1.2.0","PSt7-10","170328-022","9/30/2017 7:09:10 PM","0000-00","0","no battery","V"
"11/03/2018","09:31:10","9","default","550496092","OXY_CH9","7.149","min","242.049","µmol/L","Humid","19.096","deg","86050","µV","26.031","°C","1019.000","hPa","34.1","pmil","0","53.442","deg","23.711","°C","100.000","%a.s.","21.016","deg","23.307","°C","1019.000","hPa","0.861","-0.02617","0.00035","0","0","13.56","Humid","22.75","0","51.00","251975.04","SABD0000000001","AAV1.0.0.11","1.1.2.0","PSt7-10","170328-022","9/30/2017 7:09:10 PM","0000-00","0","no battery","V"
"11/03/2018","09:31:11","9","default","550496092","OXY_CH9","7.166","min","242.152","µmol/L","Humid","19.091","deg","86040","µV","26.033","°C","1019.000","hPa","34.1","pmil","0","53.442","deg","23.711","°C","100.000","%a.s.","21.016","deg","23.307","°C","1019.000","hPa","0.861","-0.02617","0.00035","0","0","13.56","Humid","22.75","0","51.00","251981.40","SABD0000000001","AAV1.0.0.11","1.1.2.0","PSt7-10","170328-022","9/30/2017 7:09:10 PM","0000-00","0","no battery","V"
"11/03/2018","09:31:12","9","default","550496092","OXY_CH9","7.182","min","242.063","µmol/L","Humid","19.099","deg","86032","µV","26.019","°C","1019.000","hPa","34.1","pmil","0","53.442","deg","23.711","°C","100.000","%a.s.","21.016","deg","23.307","°C","1019.000","hPa","0.861","-0.02617","0.00035","0","0","13.56","Humid","22.75","0","51.00","251984.52","SABD0000000001","AAV1.0.0.11","1.1.2.0","PSt7-10","170328-022","9/30/2017 7:09:10 PM","0000-00","0","no battery","V"
"11/03/2018","09:31:13","9","default","550496092","OXY_CH9","7.199","min","242.004","µmol/L","Humid","19.097","deg","86033","µV","26.034","°C","1019.000","hPa","34.1","pmil","0","53.442","deg","23.711","°C","100.000","%a.s.","21.016","deg","23.307","°C","1019.000","hPa","0.861","-0.02617","0.00035","0","0","13.56","Humid","22.75","0","51.00","251987.36","SABD0000000001","AAV1.0.0.11","1.1.2.0","PSt7-10","170328-022","9/30/2017 7:09:10 PM","0000-00","0","no battery","V"
"11/03/2018","09:31:14","9","default","550496092","OXY_CH9","7.216","min","242.096","µmol/L","Humid","19.094","deg","86027","µV","26.031","°C","1019.000","hPa","34.1","pmil","0","53.442","deg","23.711","°C","100.000","%a.s.","21.016","deg","23.307","°C","1019.000","hPa","0.861","-0.02617","0.00035","0","0","13.56","Humid","22.75","0","51.00","251979.23","SABD0000000001","AAV1.0.0.11","1.1.2.0","PSt7-10","170328-022","9/30/2017 7:09:10 PM","0000-00","0","no battery","V"
"11/03/2018","09:31:15","9","default","550496092","OXY_CH9","7.233","min","242.069","µmol/L","Humid","19.094","deg","86024","µV","26.034","°C","1019.000","hPa","34.1","pmil","0","53.442","deg","23.711","°C","100.000","%a.s.","21.016","deg","23.307","°C","1019.000","hPa","0.861","-0.02617","0.00035","0","0","13.56","Humid","22.75","0","51.00","251983.56","SABD0000000001","AAV1.0.0.11","1.1.2.0","PSt7-10","170328-022","9/30/2017 7:09:10 PM","0000-00","0","no battery","V"
"11/03/2018","09:31:16","9","default","550496092","OXY_CH9","7.249","min","242.146","µmol/L","Humid","19.092","deg","86018","µV","26.030","°C","1019.000","hPa","34.1","pmil","0","53.442","deg","23.711","°C","100.000","%a.s.","21.016","deg","23.307","°C","1019.000","hPa","0.861","-0.02617","0.00035","0","0","13.56","Humid","22.75","0","51.00","251976.25","SABD0000000001","AAV1.0.0.11","1.1.2.0","PSt7-10","170328-022","9/30/2017 7:09:10 PM","0000-00","0","no battery","V"
"11/03/2018","09:31:17","9","default","550496092","OXY_CH9","7.266","min","242.088","µmol/L","Humid","19.096","deg","86015","µV","26.025","°C","1019.000","hPa","34.1","pmil","0","53.442","deg","23.711","°C","100.000","%a.s.","21.016","deg","23.307","°C","1019.000","hPa","0.861","-0.02617","0.00035","0","0","13.56","Humid","22.75","0","51.00","251977.11","SABD0000000001","AAV1.0.0.11","1.1.2.0","PSt7-10","170328-022","9/30/2017 7:09:10 PM","0000-00","0","no battery","V"
"11/03/2018","09:31:18","9","default","550496092","OXY_CH9","7.283","min","242.156","µmol/L","Humid","19.093","deg","86013","µV","26.025","°C","1019.000","hPa","34.1","pmil","0","53.442","deg","23.711","°C","100.000","%a.s.","21.016","deg","23.307","°C","1019.000","hPa","0.861","-0.02617","0.00035","0","0","13.56","Humid","22.75","0","51.00","251973.21","SABD0000000001","AAV1.0.0.11","1.1.2.0","PSt7-10","170328-022","9/30/2017 7:09:10 PM","0000-00","0","no battery","V"
"11/03/2018","09:31:19","9","default","550496092","OXY_CH9","7.299","min","242.179","µmol/L","Humid","19.092","deg","86012","µV","26.026","°C","1019.000","hPa","34.1","pmil","0","53.442","deg","23.711","°C","100.000","%a.s.","21.016","deg","23.307","°C","1019.000","hPa","0.861","-0.02617","0.00035","0","0","13.56","Humid","22.75","0","51.00","251989.53","SABD0000000001","AAV1.0.0.11","1.1.2.0","PSt7-10","170328-022","9/30/2017 7:09:10 PM","0000-00","0","no battery","V"
"11/03/2018","09:31:20","9","default","550496092","OXY_CH9","7.315","min","242.310","µmol/L","Humid","19.089","deg","85999","µV","26.017","°C","1019.000","hPa","34.1","pmil","0","53.442","deg","23.711","°C","100.000","%a.s.","21.016","deg","23.307","°C","1019.000","hPa","0.861","-0.02617","0.00035","0","0","13.56","Humid","22.75","0","51.00","251969.07","SABD0000000001","AAV1.0.0.11","1.1.2.0","PSt7-10","170328-022","9/30/2017 7:09:10 PM","0000-00","0","no battery","V"
"11/03/2018","09:31:21","9","default","550496092","OXY_CH9","7.332","min","242.279","µmol/L","Humid","19.088","deg","85998","µV","26.024","°C","1019.000","hPa","34.1","pmil","0","53.442","deg","23.711","°C","100.000","%a.s.","21.016","deg","23.307","°C","1019.000","hPa","0.861","-0.02617","0.00035","0","0","13.56","Humid","22.75","0","51.00","251966.09","SABD0000000001","AAV1.0.0.11","1.1.2.0","PSt7-10","170328-022","9/30/2017 7:09:10 PM","0000-00","0","no battery","V"
"11/03/2018","09:31:22","9","default","550496092","OXY_CH9","7.349","min","242.243","µmol/L","Humid","19.088","deg","85993","µV","26.029","°C","1019.000","hPa","34.1","pmil","0","53.442","deg","23.711","°C","100.000","%a.s.","21.016","deg","23.307","°C","1019.000","hPa","0.861","-0.02617","0.00035","0","0","13.56","Humid","22.75","0","51.00","251963.83","SABD0000000001","AAV1.0.0.11","1.1.2.0","PSt7-10","170328-022","9/30/2017 7:09:10 PM","0000-00","0","no battery","V"
"11/03/2018","09:31:23","9","default","550496092","OXY_CH9","7.366","min","242.255","µmol/L","Humid","19.090","deg","85988","µV","26.021","°C","1019.000","hPa","34.1","pmil","0","53.442","deg","23.711","°C","100.000","%a.s.","21.016","deg","23.307","°C","1019.000","hPa","0.861","-0.02617","0.00035","0","0","13.56","Humid","22.75","0","51.00","251964.02","SABD0000000001","AAV1.0.0.11","1.1.2.0","PSt7-10","170328-022","9/30/2017 7:09:10 PM","0000-00","0","no battery","V"
"11/03/2018","09:31:24","9","default","550496092","OXY_CH9","7.383","min","242.049","µmol/L","Humid","19.090","deg","85985","µV","26.050","°C","1019.000","hPa","34.1","pmil","0","53.442","deg","23.711","°C","100.000","%a.s.","21.016","deg","23.307","°C","1019.000","hPa","0.861","-0.02617","0.00035","0","0","13.56","Humid","22.75","0","51.00","251955.74","SABD0000000001","AAV1.0.0.11","1.1.2.0","PSt7-10","170328-022","9/30/2017 7:09:10 PM","0000-00","0","no battery","V"
"11/03/2018","09:31:25","9","default","550496092","OXY_CH9","7.399","min","242.073","µmol/L","Humid","19.091","deg","85982","µV","26.043","°C","1019.000","hPa","34.1","pmil","0","53.442","deg","23.711","°C","100.000","%a.s.","21.016","deg","23.307","°C","1019.000","hPa","0.861","-0.02617","0.00035","0","0","13.56","Humid","22.75","0","51.00","251951.81","SABD0000000001","AAV1.0.0.11","1.1.2.0","PSt7-10","170328-022","9/30/2017 7:09:10 PM","0000-00","0","no battery","V"
"11/03/2018","09:31:26","9","default","550496092","OXY_CH9","7.416","min","242.050","µmol/L","Humid","19.091","deg","85979","µV","26.047","°C","1019.000","hPa","34.1","pmil","0","53.442","deg","23.711","°C","100.000","%a.s.","21.016","deg","23.307","°C","1019.000","hPa","0.861","-0.02617","0.00035","0","0","13.56","Humid","22.75","0","51.00","251962.03","SABD0000000001","AAV1.0.0.11","1.1.2.0","PSt7-10","170328-022","9/30/2017 7:09:10 PM","0000-00","0","no battery","V"
"11/03/2018","09:31:27","9","default","550496092","OXY_CH9","7.433","min","242.258","µmol/L","Humid","19.088","deg","85976","µV","26.027","°C","1019.000","hPa","34.1","pmil","0","53.442","deg","23.711","°C","100.000","%a.s.","21.016","deg","23.307","°C","1019.000","hPa","0.861","-0.02617","0.00035","0","0","13.56","Humid","22.75","0","51.00","251968.30","SABD0000000001","AAV1.0.0.11","1.1.2.0","PSt7-10","170328-022","9/30/2017 7:09:10 PM","0000-00","0","no battery","V"
"11/03/2018","09:31:28","9","default","550496092","OXY_CH9","7.449","min","242.287","µmol/L","Humid","19.082","deg","85967","µV","26.043","°C","1019.000","hPa","34.1","pmil","0","53.442","deg","23.711","°C","100.000","%a.s.","21.016","deg","23.307","°C","1019.000","hPa","0.861","-0.02617","0.00035","0","0","13.56","Humid","22.75","0","51.00","251969.45","SABD0000000001","AAV1.0.0.11","1.1.2.0","PSt7-10","170328-022","9/30/2017 7:09:10 PM","0000-00","0","no battery","V"
"11/03/2018","09:31:29","9","default","550496092","OXY_CH9","7.465","min","242.258","µmol/L","Humid","19.086","deg","85961","µV","26.034","°C","1019.000","hPa","34.1","pmil","0","53.442","deg","23.711","°C","100.000","%a.s.","21.016","deg","23.307","°C","1019.000","hPa","0.861","-0.02617","0.00035","0","0","13.56","Humid","22.75","0","51.00","251959.00","SABD0000000001","AAV1.0.0.11","1.1.2.0","PSt7-10","170328-022","9/30/2017 7:09:10 PM","0000-00","0","no battery","V"
"11/03/2018","09:31:30","9","default","550496092","OXY_CH9","7.482","min","242.143","µmol/L","Humid","19.091","deg","85960","µV","26.034","°C","1019.000","hPa","34.1","pmil","0","53.442","deg","23.711","°C","100.000","%a.s.","21.016","deg","23.307","°C","1019.000","hPa","0.861","-0.02617","0.00035","0","0","13.56","Humid","22.75","0","51.00","251956.74","SABD0000000001","AAV1.0.0.11","1.1.2.0","PSt7-10","170328-022","9/30/2017 7:09:10 PM","0000-00","0","no battery","V"
"11/03/2018","09:31:31","9","default","550496092","OXY_CH9","7.499","min","242.374","µmol/L","Humid","19.084","deg","85958","µV","26.024","°C","1019.000","hPa","34.1","pmil","0","53.442","deg","23.711","°C","100.000","%a.s.","21.016","deg","23.307","°C","1019.000","hPa","0.861","-0.02617","0.00035","0","0","13.56","Humid","22.75","0","51.00","251955.29","SABD0000000001","AAV1.0.0.11","1.1.2.0","PSt7-10","170328-022","9/30/2017 7:09:10 PM","0000-00","0","no battery","V"
"11/03/2018","09:31:32","9","default","550496092","OXY_CH9","7.516","min","242.280","µmol/L","Humid","19.089","deg","85951","µV","26.021","°C","1019.000","hPa","34.1","pmil","0","53.442","deg","23.711","°C","100.000","%a.s.","21.016","deg","23.307","°C","1019.000","hPa","0.861","-0.02617","0.00035","0","0","13.56","Humid","22.75","0","51.00","251950.11","SABD0000000001","AAV1.0.0.11","1.1.2.0","PSt7-10","170328-022","9/30/2017 7:09:10 PM","0000-00","0","no battery","V"
"11/03/2018","09:31:33","9","default","550496092","OXY_CH9","7.533","min","242.342","µmol/L","Humid","19.081","deg","85956","µV","26.038","°C","1019.000","hPa","34.1","pmil","0","53.442","deg","23.711","°C","100.000","%a.s.","21.016","deg","23.307","°C","1019.000","hPa","0.861","-0.02617","0.00035","0","0","13.56","Humid","22.75","0","51.00","251951.24","SABD0000000001","AAV1.0.0.11","1.1.2.0","PSt7-10","170328-022","9/30/2017 7:09:10 PM","0000-00","0","no battery","V"
"11/03/2018","09:31:34","9","default","550496092","OXY_CH9","7.549","min","242.446","µmol/L","Humid","19.078","deg","85949","µV","26.033","°C","1019.000","hPa","34.1","pmil","0","53.442","deg","23.711","°C","100.000","%a.s.","21.016","deg","23.307","°C","1019.000","hPa","0.861","-0.02617","0.00035","0","0","13.56","Humid","22.75","0","51.00","251938.00","SABD0000000001","AAV1.0.0.11","1.1.2.0","PSt7-10","170328-022","9/30/2017 7:09:10 PM","0000-00","0","no battery","V"
"11/03/2018","09:31:35","9","default","550496092","OXY_CH9","7.566","min","242.265","µmol/L","Humid","19.084","deg","85946","µV","26.039","°C","1019.000","hPa","34.1","pmil","0","53.442","deg","23.711","°C","100.000","%a.s.","21.016","deg","23.307","°C","1019.000","hPa","0.861","-0.02617","0.00035","0","0","13.56","Humid","22.75","0","51.00","251930.90","SABD0000000001","AAV1.0.0.11","1.1.2.0","PSt7-10","170328-022","9/30/2017 7:09:10 PM","0000-00","0","no battery","V"
"11/03/2018","09:31:36","9","default","550496092","OXY_CH9","7.583","min","242.325","µmol/L","Humid","19.081","deg","85937","µV","26.041","°C","1019.000","hPa","34.1","pmil","0","53.442","deg","23.711","°C","100.000","%a.s.","21.016","deg","23.307","°C","1019.000","hPa","0.861","-0.02617","0.00035","0","0","13.56","Humid","22.75","0","51.00","251947.57","SABD0000000001","AAV1.0.0.11","1.1.2.0","PSt7-10","170328-022","9/30/2017 7:09:10 PM","0000-00","0","no battery","V"
"11/03/2018","09:31:37","9","default","550496092","OXY_CH9","7.599","min","242.362","µmol/L","Humid","19.081","deg","85933","µV","26.035","°C","1019.000","hPa","34.1","pmil","0","53.442","deg","23.711","°C","100.000","%a.s.","21.016","deg","23.307","°C","1019.000","hPa","0.861","-0.02617","0.00035","0","0","13.56","Humid","22.75","0","51.00","251934.47","SABD0000000001","AAV1.0.0.11","1.1.2.0","PSt7-10","170328-022","9/30/2017 7:09:10 PM","0000-00","0","no battery","V"
"11/03/2018","09:31:38","9","default","550496092","OXY_CH9","7.615","min","242.397","µmol/L","Humid","19.081","deg","85924","µV","26.031","°C","1019.000","hPa","34.1","pmil","0","53.442","deg","23.711","°C","100.000","%a.s.","21.016","deg","23.307","°C","1019.000","hPa","0.861","-0.02617","0.00035","0","0","13.56","Humid","22.75","0","51.00","251938.18","SABD0000000001","AAV1.0.0.11","1.1.2.0","PSt7-10","170328-022","9/30/2017 7:09:10 PM","0000-00","0","no battery","V"
"11/03/2018","09:31:39","9","default","550496092","OXY_CH9","7.632","min","242.501","µmol/L","Humid","19.076","deg","85925","µV","26.032","°C","1019.000","hPa","34.1","pmil","0","53.442","deg","23.711","°C","100.000","%a.s.","21.016","deg","23.307","°C","1019.000","hPa","0.861","-0.02617","0.00035","0","0","13.56","Humid","22.75","0","51.00","251935.59","SABD0000000001","AAV1.0.0.11","1.1.2.0","PSt7-10","170328-022","9/30/2017 7:09:10 PM","0000-00","0","no battery","V"
"11/03/2018","09:31:40","9","default","550496092","OXY_CH9","7.649","min","242.513","µmol/L","Humid","19.075","deg","85920","µV","26.034","°C","1019.000","hPa","34.1","pmil","0","53.442","deg","23.711","°C","100.000","%a.s.","21.016","deg","23.307","°C","1019.000","hPa","0.861","-0.02617","0.00035","0","0","13.56","Humid","22.75","0","51.00","251943.36","SABD0000000001","AAV1.0.0.11","1.1.2.0","PSt7-10","170328-022","9/30/2017 7:09:10 PM","0000-00","0","no battery","V"
"11/03/2018","09:31:41","9","default","550496092","OXY_CH9","7.666","min","242.635","µmol/L","Humid","19.075","deg","85912","µV","26.017","°C","1019.000","hPa","34.1","pmil","0","53.442","deg","23.711","°C","100.000","%a.s.","21.016","deg","23.307","°C","1019.000","hPa","0.861","-0.02617","0.00035","0","0","13.56","Humid","22.75","0","51.00","251940.34","SABD0000000001","AAV1.0.0.11","1.1.2.0","PSt7-10","170328-022","9/30/2017 7:09:10 PM","0000-00","0","no battery","V"
"11/03/2018","09:31:42","9","default","550496092","OXY_CH9","7.683","min","242.521","µmol/L","Humid","19.078","deg","85913","µV","26.023","°C","1019.000","hPa","34.1","pmil","0","53.442","deg","23.711","°C","100.000","%a.s.","21.016","deg","23.307","°C","1019.000","hPa","0.861","-0.02617","0.00035","0","0","13.56","Humid","22.75","0","51.00","251928.91","SABD0000000001","AAV1.0.0.11","1.1.2.0","PSt7-10","170328-022","9/30/2017 7:09:10 PM","0000-00","0","no battery","V"
"11/03/2018","09:31:43","9","default","550496092","OXY_CH9","7.699","min","242.565","µmol/L","Humid","19.077","deg","85911","µV","26.020","°C","1019.000","hPa","34.1","pmil","0","53.442","deg","23.711","°C","100.000","%a.s.","21.016","deg","23.307","°C","1019.000","hPa","0.861","-0.02617","0.00035","0","0","13.56","Humid","22.75","0","51.00","251929.56","SABD0000000001","AAV1.0.0.11","1.1.2.0","PSt7-10","170328-022","9/30/2017 7:09:10 PM","0000-00","0","no battery","V"
"11/03/2018","09:31:44","9","default","550496092","OXY_CH9","7.716","min","242.378","µmol/L","Humid","19.078","deg","85907","µV","26.043","°C","1019.000","hPa","34.1","pmil","0","53.442","deg","23.711","°C","100.000","%a.s.","21.016","deg","23.307","°C","1019.000","hPa","0.861","-0.02617","0.00035","0","0","13.56","Humid","22.75","0","51.00","251936.78","SABD0000000001","AAV1.0.0.11","1.1.2.0","PSt7-10","170328-022","9/30/2017 7:09:10 PM","0000-00","0","no battery","V"
"11/03/2018","09:31:45","9","default","550496092","OXY_CH9","7.733","min","242.385","µmol/L","Humid","19.077","deg","85905","µV","26.045","°C","1019.000","hPa","34.1","pmil","0","53.442","deg","23.711","°C","100.000","%a.s.","21.016","deg","23.307","°C","1019.000","hPa","0.861","-0.02617","0.00035","0","0","13.56","Humid","22.75","0","51.00","251932.82","SABD0000000001","AAV1.0.0.11","1.1.2.0","PSt7-10","170328-022","9/30/2017 7:09:10 PM","0000-00","0","no battery","V"
"11/03/2018","09:31:46","9","default","550496092","OXY_CH9","7.749","min","242.507","µmol/L","Humid","19.073","deg","85898","µV","26.041","°C","1019.000","hPa","34.1","pmil","0","53.442","deg","23.711","°C","100.000","%a.s.","21.016","deg","23.307","°C","1019.000","hPa","0.861","-0.02617","0.00035","0","0","13.56","Humid","22.75","0","51.00","251916.24","SABD0000000001","AAV1.0.0.11","1.1.2.0","PSt7-10","170328-022","9/30/2017 7:09:10 PM","0000-00","0","no battery","V"
"11/03/2018","09:31:47","9","default","550496092","OXY_CH9","7.765","min","242.571","µmol/L","Humid","19.073","deg","85894","µV","26.032","°C","1019.000","hPa","34.1","pmil","0","53.442","deg","23.711","°C","100.000","%a.s.","21.016","deg","23.307","°C","1019.000","hPa","0.861","-0.02617","0.00035","0","0","13.56","Humid","22.75","0","51.00","251929.80","SABD0000000001","AAV1.0.0.11","1.1.2.0","PSt7-10","170328-022","9/30/2017 7:09:10 PM","0000-00","0","no battery","V"
"11/03/2018","09:31:48","9","default","550496092","OXY_CH9","7.782","min","242.621","µmol/L","Humid","19.071","deg","85890","µV","26.032","°C","1019.000","hPa","34.1","pmil","0","53.442","deg","23.711","°C","100.000","%a.s.","21.016","deg","23.307","°C","1019.000","hPa","0.861","-0.02617","0.00035","0","0","13.56","Humid","22.75","0","51.00","251931.73","SABD0000000001","AAV1.0.0.11","1.1.2.0","PSt7-10","170328-022","9/30/2017 7:09:10 PM","0000-00","0","no battery","V"
"11/03/2018","09:31:49","9","default","550496092","OXY_CH9","7.799","min","242.535","µmol/L","Humid","19.077","deg","85894","µV","26.024","°C","1019.000","hPa","34.1","pmil","0","53.442","deg","23.711","°C","100.000","%a.s.","21.016","deg","23.307","°C","1019.000","hPa","0.861","-0.02617","0.00035","0","0","13.56","Humid","22.75","0","51.00","251922.10","SABD0000000001","AAV1.0.0.11","1.1.2.0","PSt7-10","170328-022","9/30/2017 7:09:10 PM","0000-00","0","no battery","V"
"11/03/2018","09:31:50","9","default","550496092","OXY_CH9","7.815","min","242.542","µmol/L","Humid","19.074","deg","85878","µV","26.033","°C","1019.000","hPa","34.1","pmil","0","53.442","deg","23.711","°C","100.000","%a.s.","21.016","deg","23.307","°C","1019.000","hPa","0.861","-0.02617","0.00035","0","0","13.56","Humid","22.75","0","51.00","251925.44","SABD0000000001","AAV1.0.0.11","1.1.2.0","PSt7-10","170328-022","9/30/2017 7:09:10 PM","0000-00","0","no battery","V"
"11/03/2018","09:31:51","9","default","550496092","OXY_CH9","7.832","min","242.621","µmol/L","Humid","19.074","deg","85876","µV","26.022","°C","1019.000","hPa","34.1","pmil","0","53.442","deg","23.711","°C","100.000","%a.s.","21.016","deg","23.307","°C","1019.000","hPa","0.861","-0.02617","0.00035","0","0","13.56","Humid","22.75","0","51.00","251919.70","SABD0000000001","AAV1.0.0.11","1.1.2.0","PSt7-10","170328-022","9/30/2017 7:09:10 PM","0000-00","0","no battery","V"
"11/03/2018","09:31:52","9","default","550496092","OXY_CH9","7.849","min","242.483","µmol/L","Humid","19.073","deg","85880","µV","26.044","°C","1019.000","hPa","34.1","pmil","0","53.442","deg","23.711","°C","100.000","%a.s.","21.016","deg","23.307","°C","1019.000","hPa","0.861","-0.02617","0.00035","0","0","13.56","Humid","22.75","0","51.00","251914.82","SABD0000000001","AAV1.0.0.11","1.1.2.0","PSt7-10","170328-022","9/30/2017 7:09:10 PM","0000-00","0","no battery","V"
"11/03/2018","09:31:53","9","default","550496092","OXY_CH9","7.866","min","242.510","µmol/L","Humid","19.073","deg","85875","µV","26.041","°C","1019.000","hPa","34.1","pmil","0","53.442","deg","23.711","°C","100.000","%a.s.","21.016","deg","23.307","°C","1019.000","hPa","0.861","-0.02617","0.00035","0","0","13.56","Humid","22.75","0","51.00","251921.18","SABD0000000001","AAV1.0.0.11","1.1.2.0","PSt7-10","170328-022","9/30/2017 7:09:10 PM","0000-00","0","no battery","V"
"11/03/2018","09:31:54","9","default","550496092","OXY_CH9","7.883","min","242.396","µmol/L","Humid","19.077","deg","85876","µV","26.044","°C","1019.000","hPa","34.1","pmil","0","53.442","deg","23.711","°C","100.000","%a.s.","21.016","deg","23.307","°C","1019.000","hPa","0.861","-0.02617","0.00035","0","0","13.56","Humid","22.75","0","51.00","251929.78","SABD0000000001","AAV1.0.0.11","1.1.2.0","PSt7-10","170328-022","9/30/2017 7:09:10 PM","0000-00","0","no battery","V"
"11/03/2018","09:31:55","9","default","550496092","OXY_CH9","7.899","min","242.587","µmol/L","Humid","19.072","deg","85860","µV","26.033","°C","1019.000","hPa","34.1","pmil","0","53.442","deg","23.711","°C","100.000","%a.s.","21.016","deg","23.307","°C","1019.000","hPa","0.861","-0.02617","0.00035","0","0","13.56","Humid","22.75","0","51.00","251918.86","SABD0000000001","AAV1.0.0.11","1.1.2.0","PSt7-10","170328-022","9/30/2017 7:09:10 PM","0000-00","0","no battery","V"
"11/03/2018","09:31:56","9","default","550496092","OXY_CH9","7.916","min","242.685","µmol/L","Humid","19.069","deg","85857","µV","26.029","°C","1019.000","hPa","34.1","pmil","0","53.442","deg","23.711","°C","100.000","%a.s.","21.016","deg","23.307","°C","1019.000","hPa","0.861","-0.02617","0.00035","0","0","13.56","Humid","22.75","0","51.00","251911.62","SABD0000000001","AAV1.0.0.11","1.1.2.0","PSt7-10","170328-022","9/30/2017 7:09:10 PM","0000-00","0","no battery","V"
"11/03/2018","09:31:57","9","default","550496092","OXY_CH9","7.933","min","242.731","µmol/L","Humid","19.067","deg","85855","µV","26.029","°C","1019.000","hPa","34.1","pmil","0","53.442","deg","23.711","°C","100.000","%a.s.","21.016","deg","23.307","°C","1019.000","hPa","0.861","-0.02617","0.00035","0","0","13.56","Humid","22.75","0","51.00","251920.91","SABD0000000001","AAV1.0.0.11","1.1.2.0","PSt7-10","170328-022","9/30/2017 7:09:10 PM","0000-00","0","no battery","V"
"11/03/2018","09:31:58","9","default","550496092","OXY_CH9","7.949","min","242.750","µmol/L","Humid","19.066","deg","85853","µV","26.030","°C","1019.000","hPa","34.1","pmil","0","53.442","deg","23.711","°C","100.000","%a.s.","21.016","deg","23.307","°C","1019.000","hPa","0.861","-0.02617","0.00035","0","0","13.56","Humid","22.75","0","51.00","251921.22","SABD0000000001","AAV1.0.0.11","1.1.2.0","PSt7-10","170328-022","9/30/2017 7:09:10 PM","0000-00","0","no battery","V"
"11/03/2018","09:31:59","9","default","550496092","OXY_CH9","7.965","min","242.694","µmol/L","Humid","19.068","deg","85846","µV","26.031","°C","1019.000","hPa","34.1","pmil","0","53.442","deg","23.711","°C","100.000","%a.s.","21.016","deg","23.307","°C","1019.000","hPa","0.861","-0.02617","0.00035","0","0","13.56","Humid","22.75","0","51.00","251911.20","SABD0000000001","AAV1.0.0.11","1.1.2.0","PSt7-10","170328-022","9/30/2017 7:09:10 PM","0000-00","0","no battery","V"
"11/03/2018","09:32:00","9","default","550496092","OXY_CH9","7.982","min","242.839","µmol/L","Humid","19.065","deg","85850","µV","26.020","°C","1019.000","hPa","34.1","pmil","0","53.442","deg","23.711","°C","100.000","%a.s.","21.016","deg","23.307","°C","1019.000","hPa","0.861","-0.02617","0.00035","0","0","13.56","Humid","22.75","0","51.00","251915.59","SABD0000000001","AAV1.0.0.11","1.1.2.0","PSt7-10","170328-022","9/30/2017 7:09:10 PM","0000-00","0","no battery","V"
"11/03/2018","09:32:01","9","default","550496092","OXY_CH9","7.999","min","242.838","µmol/L","Humid","19.064","deg","85832","µV","26.024","°C","1019.000","hPa","34.1","pmil","0","53.442","deg","23.711","°C","100.000","%a.s.","21.016","deg","23.307","°C","1019.000","hPa","0.861","-0.02617","0.00035","0","0","13.56","Humid","22.75","0","51.00","251914.64","SABD0000000001","AAV1.0.0.11","1.1.2.0","PSt7-10","170328-022","9/30/2017 7:09:10 PM","0000-00","0","no battery","V"
"11/03/2018","09:32:02","9","default","550496092","OXY_CH9","8.016","min","242.718","µmol/L","Humid","19.062","deg","85838","µV","26.047","°C","1019.000","hPa","34.1","pmil","0","53.442","deg","23.711","°C","100.000","%a.s.","21.016","deg","23.307","°C","1019.000","hPa","0.861","-0.02617","0.00035","0","0","13.56","Humid","22.75","0","51.00","251906.13","SABD0000000001","AAV1.0.0.11","1.1.2.0","PSt7-10","170328-022","9/30/2017 7:09:10 PM","0000-00","0","no battery","V"
"11/03/2018","09:32:03","9","default","550496092","OXY_CH9","8.033","min","242.619","µmol/L","Humid","19.066","deg","85831","µV","26.048","°C","1019.000","hPa","34.1","pmil","0","53.442","deg","23.711","°C","100.000","%a.s.","21.016","deg","23.307","°C","1019.000","hPa","0.861","-0.02617","0.00035","0","0","13.56","Humid","22.75","0","51.00","251905.54","SABD0000000001","AAV1.0.0.11","1.1.2.0","PSt7-10","170328-022","9/30/2017 7:09:10 PM","0000-00","0","no battery","V"
"11/03/2018","09:32:04","9","default","550496092","OXY_CH9","8.049","min","242.576","µmol/L","Humid","19.067","deg","85831","µV","26.051","°C","1019.000","hPa","34.1","pmil","0","53.442","deg","23.711","°C","100.000","%a.s.","21.016","deg","23.307","°C","1019.000","hPa","0.861","-0.02617","0.00035","0","0","13.56","Humid","22.75","0","51.00","251906.64","SABD0000000001","AAV1.0.0.11","1.1.2.0","PSt7-10","170328-022","9/30/2017 7:09:10 PM","0000-00","0","no battery","V"
"11/03/2018","09:32:05","9","default","550496092","OXY_CH9","8.066","min","242.827","µmol/L","Humid","19.062","deg","85827","µV","26.032","°C","1019.000","hPa","34.1","pmil","0","53.442","deg","23.711","°C","100.000","%a.s.","21.016","deg","23.307","°C","1019.000","hPa","0.861","-0.02617","0.00035","0","0","13.56","Humid","22.75","0","51.00","251909.74","SABD0000000001","AAV1.0.0.11","1.1.2.0","PSt7-10","170328-022","9/30/2017 7:09:10 PM","0000-00","0","no battery","V"
"11/03/2018","09:32:06","9","default","550496092","OXY_CH9","8.083","min","242.793","µmol/L","Humid","19.061","deg","85832","µV","26.040","°C","1019.000","hPa","34.1","pmil","0","53.442","deg","23.711","°C","100.000","%a.s.","21.016","deg","23.307","°C","1019.000","hPa","0.861","-0.02617","0.00035","0","0","13.56","Humid","22.75","0","51.00","251910.31","SABD0000000001","AAV1.0.0.11","1.1.2.0","PSt7-10","170328-022","9/30/2017 7:09:10 PM","0000-00","0","no battery","V"
"11/03/2018","09:32:07","9","default","550496092","OXY_CH9","8.099","min","242.734","µmol/L","Humid","19.068","deg","85822","µV","26.026","°C","1019.000","hPa","34.1","pmil","0","53.442","deg","23.711","°C","100.000","%a.s.","21.016","deg","23.307","°C","1019.000","hPa","0.861","-0.02617","0.00035","0","0","13.56","Humid","22.75","0","51.00","251902.50","SABD0000000001","AAV1.0.0.11","1.1.2.0","PSt7-10","170328-022","9/30/2017 7:09:10 PM","0000-00","0","no battery","V"
"11/03/2018","09:32:08","9","default","550496092","OXY_CH9","8.115","min","242.800","µmol/L","Humid","19.062","deg","85808","µV","26.036","°C","1019.000","hPa","34.1","pmil","0","53.442","deg","23.711","°C","100.000","%a.s.","21.016","deg","23.307","°C","1019.000","hPa","0.861","-0.02617","0.00035","0","0","13.56","Humid","22.75","0","51.00","251898.38","SABD0000000001","AAV1.0.0.11","1.1.2.0","PSt7-10","170328-022","9/30/2017 7:09:10 PM","0000-00","0","no battery","V"
"11/03/2018","09:32:09","9","default","550496092","OXY_CH9","8.132","min","242.749","µmol/L","Humid","19.062","deg","85817","µV","26.043","°C","1019.000","hPa","34.1","pmil","0","53.442","deg","23.711","°C","100.000","%a.s.","21.016","deg","23.307","°C","1019.000","hPa","0.861","-0.02617","0.00035","0","0","13.56","Humid","22.75","0","51.00","251886.63","SABD0000000001","AAV1.0.0.11","1.1.2.0","PSt7-10","170328-022","9/30/2017 7:09:10 PM","0000-00","0","no battery","V"
"11/03/2018","09:32:10","9","default","550496092","OXY_CH9","8.149","min","242.883","µmol/L","Humid","19.063","deg","85806","µV","26.021","°C","1019.000","hPa","34.1","pmil","0","53.442","deg","23.711","°C","100.000","%a.s.","21.016","deg","23.307","°C","1019.000","hPa","0.861","-0.02617","0.00035","0","0","13.56","Humid","22.75","0","51.00","251892.57","SABD0000000001","AAV1.0.0.11","1.1.2.0","PSt7-10","170328-022","9/30/2017 7:09:10 PM","0000-00","0","no battery","V"
"11/03/2018","09:32:11","9","default","550496092","OXY_CH9","8.166","min","242.938","µmol/L","Humid","19.059","deg","85807","µV","26.026","°C","1019.000","hPa","34.1","pmil","0","53.442","deg","23.711","°C","100.000","%a.s.","21.016","deg","23.307","°C","1019.000","hPa","0.861","-0.02617","0.00035","0","0","13.56","Humid","22.75","0","51.00","251896.70","SABD0000000001","AAV1.0.0.11","1.1.2.0","PSt7-10","170328-022","9/30/2017 7:09:10 PM","0000-00","0","no battery","V"
"11/03/2018","09:32:12","9","default","550496092","OXY_CH9","8.183","min","242.816","µmol/L","Humid","19.061","deg","85798","µV","26.037","°C","1019.000","hPa","34.1","pmil","0","53.442","deg","23.711","°C","100.000","%a.s.","21.016","deg","23.307","°C","1019.000","hPa","0.861","-0.02617","0.00035","0","0","13.56","Humid","22.75","0","51.00","251893.73","SABD0000000001","AAV1.0.0.11","1.1.2.0","PSt7-10","170328-022","9/30/2017 7:09:10 PM","0000-00","0","no battery","V"
"11/03/2018","09:32:13","9","default","550496092","OXY_CH9","8.199","min","242.838","µmol/L","Humid","19.057","deg","85803","µV","26.046","°C","1019.000","hPa","34.1","pmil","0","53.442","deg","23.711","°C","100.000","%a.s.","21.016","deg","23.307","°C","1019.000","hPa","0.861","-0.02617","0.00035","0","0","13.56","Humid","22.75","0","51.00","251888.39","SABD0000000001","AAV1.0.0.11","1.1.2.0","PSt7-10","170328-022","9/30/2017 7:09:10 PM","0000-00","0","no battery","V"
"11/03/2018","09:32:14","9","default","550496092","OXY_CH9","8.216","min","242.858","µmol/L","Humid","19.060","deg","85797","µV","26.034","°C","1019.000","hPa","34.1","pmil","0","53.442","deg","23.711","°C","100.000","%a.s.","21.016","deg","23.307","°C","1019.000","hPa","0.861","-0.02617","0.00035","0","0","13.56","Humid","22.75","0","51.00","251887.81","SABD0000000001","AAV1.0.0.11","1.1.2.0","PSt7-10","170328-022","9/30/2017 7:09:10 PM","0000-00","0","no battery","V"
"11/03/2018","09:32:15","9","default","550496092","OXY_CH9","8.233","min","242.857","µmol/L","Humid","19.059","deg","85794","µV","26.037","°C","1019.000","hPa","34.1","pmil","0","53.442","deg","23.711","°C","100.000","%a.s.","21.016","deg","23.307","°C","1019.000","hPa","0.861","-0.02617","0.00035","0","0","13.56","Humid","22.75","0","51.00","251882.66","SABD0000000001","AAV1.0.0.11","1.1.2.0","PSt7-10","170328-022","9/30/2017 7:09:10 PM","0000-00","0","no battery","V"
"11/03/2018","09:32:16","9","default","550496092","OXY_CH9","8.249","min","242.993","µmol/L","Humid","19.055","deg","85788","µV","26.031","°C","1019.000","hPa","34.1","pmil","0","53.442","deg","23.711","°C","100.000","%a.s.","21.016","deg","23.307","°C","1019.000","hPa","0.861","-0.02617","0.00035","0","0","13.56","Humid","22.75","0","51.00","251888.08","SABD0000000001","AAV1.0.0.11","1.1.2.0","PSt7-10","170328-022","9/30/2017 7:09:10 PM","0000-00","0","no battery","V"
"11/03/2018","09:32:17","9","default","550496092","OXY_CH9","8.266","min","242.920","µmol/L","Humid","19.058","deg","85782","µV","26.032","°C","1019.000","hPa","34.1","pmil","0","53.442","deg","23.711","°C","100.000","%a.s.","21.016","deg","23.307","°C","1019.000","hPa","0.861","-0.02617","0.00035","0","0","13.56","Humid","22.75","0","51.00","251888.05","SABD0000000001","AAV1.0.0.11","1.1.2.0","PSt7-10","170328-022","9/30/2017 7:09:10 PM","0000-00","0","no battery","V"
"11/03/2018","09:32:18","9","default","550496092","OXY_CH9","8.282","min","242.908","µmol/L","Humid","19.058","deg","85773","µV","26.033","°C","1019.000","hPa","34.1","pmil","0","53.442","deg","23.711","°C","100.000","%a.s.","21.016","deg","23.307","°C","1019.000","hPa","0.861","-0.02617","0.00035","0","0","13.56","Humid","22.75","0","51.00","251888.13","SABD0000000001","AAV1.0.0.11","1.1.2.0","PSt7-10","170328-022","9/30/2017 7:09:10 PM","0000-00","0","no battery","V"
"11/03/2018","09:32:19","9","default","550496092","OXY_CH9","8.299","min","242.931","µmol/L","Humid","19.057","deg","85773","µV","26.034","°C","1019.000","hPa","34.1","pmil","0","53.442","deg","23.711","°C","100.000","%a.s.","21.016","deg","23.307","°C","1019.000","hPa","0.861","-0.02617","0.00035","0","0","13.56","Humid","22.75","0","51.00","251875.43","SABD0000000001","AAV1.0.0.11","1.1.2.0","PSt7-10","170328-022","9/30/2017 7:09:10 PM","0000-00","0","no battery","V"
"11/03/2018","09:32:20","9","default","550496092","OXY_CH9","8.316","min","242.852","µmol/L","Humid","19.058","deg","85766","µV","26.041","°C","1019.000","hPa","34.1","pmil","0","53.442","deg","23.711","°C","100.000","%a.s.","21.016","deg","23.307","°C","1019.000","hPa","0.861","-0.02617","0.00035","0","0","13.56","Humid","22.75","0","51.00","251878.31","SABD0000000001","AAV1.0.0.11","1.1.2.0","PSt7-10","170328-022","9/30/2017 7:09:10 PM","0000-00","0","no battery","V"
"11/03/2018","09:32:21","9","default","550496092","OXY_CH9","8.333","min","242.923","µmol/L","Humid","19.055","deg","85767","µV","26.041","°C","1019.000","hPa","34.1","pmil","0","53.442","deg","23.711","°C","100.000","%a.s.","21.016","deg","23.307","°C","1019.000","hPa","0.861","-0.02617","0.00035","0","0","13.56","Humid","22.75","0","51.00","251874.28","SABD0000000001","AAV1.0.0.11","1.1.2.0","PSt7-10","170328-022","9/30/2017 7:09:10 PM","0000-00","0","no battery","V"
"11/03/2018","09:32:22","9","default","550496092","OXY_CH9","8.349","min","242.901","µmol/L","Humid","19.053","deg","85763","µV","26.051","°C","1019.000","hPa","34.1","pmil","0","53.442","deg","23.711","°C","100.000","%a.s.","21.016","deg","23.307","°C","1019.000","hPa","0.861","-0.02617","0.00035","0","0","13.56","Humid","22.75","0","51.00","251866.08","SABD0000000001","AAV1.0.0.11","1.1.2.0","PSt7-10","170328-022","9/30/2017 7:09:10 PM","0000-00","0","no battery","V"
"11/03/2018","09:32:23","9","default","550496092","OXY_CH9","8.366","min","242.880","µmol/L","Humid","19.056","deg","85762","µV","26.044","°C","1019.000","hPa","34.1","pmil","0","53.442","deg","23.711","°C","100.000","%a.s.","21.016","deg","23.307","°C","1019.000","hPa","0.861","-0.02617","0.00035","0","0","13.56","Humid","22.75","0","51.00","251878.15","SABD0000000001","AAV1.0.0.11","1.1.2.0","PSt7-10","170328-022","9/30/2017 7:09:10 PM","0000-00","0","no battery","V"
"11/03/2018","09:32:24","9","default","550496092","OXY_CH9","8.382","min","243.040","µmol/L","Humid","19.053","deg","85758","µV","26.031","°C","1019.000","hPa","34.1","pmil","0","53.442","deg","23.711","°C","100.000","%a.s.","21.016","deg","23.307","°C","1019.000","hPa","0.861","-0.02617","0.00035","0","0","13.56","Humid","22.75","0","51.00","251868.31","SABD0000000001","AAV1.0.0.11","1.1.2.0","PSt7-10","170328-022","9/30/2017 7:09:10 PM","0000-00","0","no battery","V"
"11/03/2018","09:32:25","9","default","550496092","OXY_CH9","8.399","min","243.007","µmol/L","Humid","19.052","deg","85742","µV","26.039","°C","1019.000","hPa","34.1","pmil","0","53.442","deg","23.711","°C","100.000","%a.s.","21.016","deg","23.307","°C","1019.000","hPa","0.861","-0.02617","0.00035","0","0","13.56","Humid","22.75","0","51.00","251871.20","SABD0000000001","AAV1.0.0.11","1.1.2.0","PSt7-10","170328-022","9/30/2017 7:09:10 PM","0000-00","0","no battery","V"
"11/03/2018","09:32:26","9","default","550496092","OXY_CH9","8.416","min","242.979","µmol/L","Humid","19.053","deg","85744","µV","26.040","°C","1019.000","hPa","34.1","pmil","0","53.442","deg","23.711","°C","100.000","%a.s.","21.016","deg","23.307","°C","1019.000","hPa","0.861","-0.02617","0.00035","0","0","13.56","Humid","22.75","0","51.00","251861.64","SABD0000000001","AAV1.0.0.11","1.1.2.0","PSt7-10","170328-022","9/30/2017 7:09:10 PM","0000-00","0","no battery","V"
"11/03/2018","09:32:27","9","default","550496092","OXY_CH9","8.432","min","243.038","µmol/L","Humid","19.053","deg","85745","µV","26.032","°C","1019.000","hPa","34.1","pmil","0","53.442","deg","23.711","°C","100.000","%a.s.","21.016","deg","23.307","°C","1019.000","hPa","0.861","-0.02617","0.00035","0","0","13.56","Humid","22.75","0","51.00","251859.71","SABD0000000001","AAV1.0.0.11","1.1.2.0","PSt7-10","170328-022","9/30/2017 7:09:10 PM","0000-00","0","no battery","V"
"11/03/2018","09:32:28","9","default","550496092","OXY_CH9","8.449","min","243.125","µmol/L","Humid","19.045","deg","85743","µV","26.045","°C","1019.000","hPa","34.1","pmil","0","53.442","deg","23.711","°C","100.000","%a.s.","21.016","deg","23.307","°C","1019.000","hPa","0.861","-0.02617","0.00035","0","0","13.56","Humid","22.75","0","51.00","251866.57","SABD0000000001","AAV1.0.0.11","1.1.2.0","PSt7-10","170328-022","9/30/2017 7:09:10 PM","0000-00","0","no battery","V"
"11/03/2018","09:32:29","9","default","550496092","OXY_CH9","8.466","min","243.102","µmol/L","Humid","19.049","deg","85739","µV","26.036","°C","1019.000","hPa","34.1","pmil","0","53.442","deg","23.711","°C","100.000","%a.s.","21.016","deg","23.307","°C","1019.000","hPa","0.861","-0.02617","0.00035","0","0","13.56","Humid","22.75","0","51.00","251862.14","SABD0000000001","AAV1.0.0.11","1.1.2.0","PSt7-10","170328-022","9/30/2017 7:09:10 PM","0000-00","0","no battery","V"
"11/03/2018","09:32:30","9","default","550496092","OXY_CH9","8.483","min","243.068","µmol/L","Humid","19.050","deg","85734","µV","26.037","°C","1019.000","hPa","34.1","pmil","0","53.442","deg","23.711","°C","100.000","%a.s.","21.016","deg","23.307","°C","1019.000","hPa","0.861","-0.02617","0.00035","0","0","13.56","Humid","22.75","0","51.00","251863.20","SABD0000000001","AAV1.0.0.11","1.1.2.0","PSt7-10","170328-022","9/30/2017 7:09:10 PM","0000-00","0","no battery","V"
"11/03/2018","09:32:31","9","default","550496092","OXY_CH9","8.500","min","243.122","µmol/L","Humid","19.047","deg","85729","µV","26.039","°C","1019.000","hPa","34.1","pmil","0","53.442","deg","23.711","°C","100.000","%a.s.","21.016","deg","23.307","°C","1019.000","hPa","0.861","-0.02617","0.00035","0","0","13.56","Humid","22.75","0","51.00","251871.50","SABD0000000001","AAV1.0.0.11","1.1.2.0","PSt7-10","170328-022","9/30/2017 7:09:10 PM","0000-00","0","no battery","V"
"11/03/2018","09:32:32","9","default","550496092","OXY_CH9","8.515","min","243.195","µmol/L","Humid","19.045","deg","85728","µV","26.036","°C","1019.000","hPa","34.1","pmil","0","53.442","deg","23.711","°C","100.000","%a.s.","21.016","deg","23.307","°C","1019.000","hPa","0.861","-0.02617","0.00035","0","0","13.56","Humid","22.75","0","51.00","251853.93","SABD0000000001","AAV1.0.0.11","1.1.2.0","PSt7-10","170328-022","9/30/2017 7:09:10 PM","0000-00","0","no battery","V"
"11/03/2018","09:32:33","9","default","550496092","OXY_CH9","8.532","min","242.988","µmol/L","Humid","19.048","deg","85720","µV","26.055","°C","1019.000","hPa","34.1","pmil","0","53.442","deg","23.711","°C","100.000","%a.s.","21.016","deg","23.307","°C","1019.000","hPa","0.861","-0.02617","0.00035","0","0","13.56","Humid","22.75","0","51.00","251867.51","SABD0000000001","AAV1.0.0.11","1.1.2.0","PSt7-10","170328-022","9/30/2017 7:09:10 PM","0000-00","0","no battery","V"
"11/03/2018","09:32:34","9","default","550496092","OXY_CH9","8.549","min","243.054","µmol/L","Humid","19.044","deg","85721","µV","26.058","°C","1019.000","hPa","34.1","pmil","0","53.442","deg","23.711","°C","100.000","%a.s.","21.016","deg","23.307","°C","1019.000","hPa","0.861","-0.02617","0.00035","0","0","13.56","Humid","22.75","0","51.00","251858.98","SABD0000000001","AAV1.0.0.11","1.1.2.0","PSt7-10","170328-022","9/30/2017 7:09:10 PM","0000-00","0","no battery","V"
"11/03/2018","09:32:35","9","default","550496092","OXY_CH9","8.566","min","243.245","µmol/L","Humid","19.042","deg","85716","µV","26.038","°C","1019.000","hPa","34.1","pmil","0","53.442","deg","23.711","°C","100.000","%a.s.","21.016","deg","23.307","°C","1019.000","hPa","0.861","-0.02617","0.00035","0","0","13.56","Humid","22.75","0","51.00","251860.48","SABD0000000001","AAV1.0.0.11","1.1.2.0","PSt7-10","170328-022","9/30/2017 7:09:10 PM","0000-00","0","no battery","V"
"11/03/2018","09:32:36","9","default","550496092","OXY_CH9","8.582","min","243.168","µmol/L","Humid","19.045","deg","85711","µV","26.039","°C","1019.000","hPa","34.1","pmil","0","53.442","deg","23.711","°C","100.000","%a.s.","21.016","deg","23.307","°C","1019.000","hPa","0.861","-0.02617","0.00035","0","0","13.56","Humid","22.75","0","51.00","251851.73","SABD0000000001","AAV1.0.0.11","1.1.2.0","PSt7-10","170328-022","9/30/2017 7:09:10 PM","0000-00","0","no battery","V"
"11/03/2018","09:32:37","9","default","550496092","OXY_CH9","8.599","min","243.228","µmol/L","Humid","19.042","deg","85713","µV","26.041","°C","1019.000","hPa","34.1","pmil","0","53.442","deg","23.711","°C","100.000","%a.s.","21.016","deg","23.307","°C","1019.000","hPa","0.861","-0.02617","0.00035","0","0","13.56","Humid","22.75","0","51.00","251874.20","SABD0000000001","AAV1.0.0.11","1.1.2.0","PSt7-10","170328-022","9/30/2017 7:09:10 PM","0000-00","0","no battery","V"
"11/03/2018","09:32:38","9","default","550496092","OXY_CH9","8.616","min","243.005","µmol/L","Humid","19.047","deg","85706","µV","26.056","°C","1019.000","hPa","34.1","pmil","0","53.442","deg","23.711","°C","100.000","%a.s.","21.016","deg","23.307","°C","1019.000","hPa","0.861","-0.02617","0.00035","0","0","13.56","Humid","22.75","0","51.00","251852.62","SABD0000000001","AAV1.0.0.11","1.1.2.0","PSt7-10","170328-022","9/30/2017 7:09:10 PM","0000-00","0","no battery","V"
"11/03/2018","09:32:39","9","default","550496092","OXY_CH9","8.633","min","243.167","µmol/L","Humid","19.047","deg","85697","µV","26.033","°C","1019.000","hPa","34.1","pmil","0","53.442","deg","23.711","°C","100.000","%a.s.","21.016","deg","23.307","°C","1019.000","hPa","0.861","-0.02617","0.00035","0","0","13.56","Humid","22.75","0","51.00","251858.36","SABD0000000001","AAV1.0.0.11","1.1.2.0","PSt7-10","170328-022","9/30/2017 7:09:10 PM","0000-00","0","no battery","V"
"11/03/2018","09:32:40","9","default","550496092","OXY_CH9","8.649","min","243.240","µmol/L","Humid","19.043","deg","85693","µV","26.036","°C","1019.000","hPa","34.1","pmil","0","53.442","deg","23.711","°C","100.000","%a.s.","21.016","deg","23.307","°C","1019.000","hPa","0.861","-0.02617","0.00035","0","0","13.56","Humid","22.75","0","51.00","251845.64","SABD0000000001","AAV1.0.0.11","1.1.2.0","PSt7-10","170328-022","9/30/2017 7:09:10 PM","0000-00","0","no battery","V"
"11/03/2018","09:32:41","9","default","550496092","OXY_CH9","8.665","min","243.146","µmol/L","Humid","19.041","deg","85688","µV","26.055","°C","1019.000","hPa","34.1","pmil","0","53.442","deg","23.711","°C","100.000","%a.s.","21.016","deg","23.307","°C","1019.000","hPa","0.861","-0.02617","0.00035","0","0","13.56","Humid","22.75","0","51.00","251844.04","SABD0000000001","AAV1.0.0.11","1.1.2.0","PSt7-10","170328-022","9/30/2017 7:09:10 PM","0000-00","0","no battery","V"
"11/03/2018","09:32:42","9","default","550496092","OXY_CH9","8.682","min","243.087","µmol/L","Humid","19.044","deg","85686","µV","26.054","°C","1019.000","hPa","34.1","pmil","0","53.442","deg","23.711","°C","100.000","%a.s.","21.016","deg","23.307","°C","1019.000","hPa","0.861","-0.02617","0.00035","0","0","13.56","Humid","22.75","0","51.00","251841.19","SABD0000000001","AAV1.0.0.11","1.1.2.0","PSt7-10","170328-022","9/30/2017 7:09:10 PM","0000-00","0","no battery","V"
"11/03/2018","09:32:43","9","default","550496092","OXY_CH9","8.699","min","243.297","µmol/L","Humid","19.040","deg","85680","µV","26.037","°C","1019.000","hPa","34.1","pmil","0","53.442","deg","23.711","°C","100.000","%a.s.","21.016","deg","23.307","°C","1019.000","hPa","0.861","-0.02617","0.00035","0","0","13.56","Humid","22.75","0","51.00","251849.83","SABD0000000001","AAV1.0.0.11","1.1.2.0","PSt7-10","170328-022","9/30/2017 7:09:10 PM","0000-00","0","no battery","V"
"11/03/2018","09:32:44","9","default","550496092","OXY_CH9","8.716","min","243.161","µmol/L","Humid","19.044","deg","85686","µV","26.043","°C","1019.000","hPa","34.1","pmil","0","53.442","deg","23.711","°C","100.000","%a.s.","21.016","deg","23.307","°C","1019.000","hPa","0.861","-0.02617","0.00035","0","0","13.56","Humid","22.75","0","51.00","251847.46","SABD0000000001","AAV1.0.0.11","1.1.2.0","PSt7-10","170328-022","9/30/2017 7:09:10 PM","0000-00","0","no battery","V"
"11/03/2018","09:32:45","9","default","550496092","OXY_CH9","8.732","min","243.456","µmol/L","Humid","19.036","deg","85675","µV","26.028","°C","1019.000","hPa","34.1","pmil","0","53.442","deg","23.711","°C","100.000","%a.s.","21.016","deg","23.307","°C","1019.000","hPa","0.861","-0.02617","0.00035","0","0","13.56","Humid","22.75","0","51.00","251844.20","SABD0000000001","AAV1.0.0.11","1.1.2.0","PSt7-10","170328-022","9/30/2017 7:09:10 PM","0000-00","0","no battery","V"
"11/03/2018","09:32:46","9","default","550496092","OXY_CH9","8.749","min","243.336","µmol/L","Humid","19.038","deg","85678","µV","26.038","°C","1019.000","hPa","34.1","pmil","0","53.442","deg","23.711","°C","100.000","%a.s.","21.016","deg","23.307","°C","1019.000","hPa","0.861","-0.02617","0.00035","0","0","13.56","Humid","22.75","0","51.00","251836.08","SABD0000000001","AAV1.0.0.11","1.1.2.0","PSt7-10","170328-022","9/30/2017 7:09:10 PM","0000-00","0","no battery","V"
"11/03/2018","09:32:47","9","default","550496092","OXY_CH9","8.766","min","243.249","µmol/L","Humid","19.039","deg","85672","µV","26.047","°C","1019.000","hPa","34.1","pmil","0","53.442","deg","23.711","°C","100.000","%a.s.","21.016","deg","23.307","°C","1019.000","hPa","0.861","-0.02617","0.00035","0","0","13.56","Humid","22.75","0","51.00","251846.50","SABD0000000001","AAV1.0.0.11","1.1.2.0","PSt7-10","170328-022","9/30/2017 7:09:10 PM","0000-00","0","no battery","V"
"11/03/2018","09:32:48","9","default","550496092","OXY_CH9","8.783","min","243.277","µmol/L","Humid","19.038","deg","85660","µV","26.047","°C","1019.000","hPa","34.1","pmil","0","53.442","deg","23.711","°C","100.000","%a.s.","21.016","deg","23.307","°C","1019.000","hPa","0.861","-0.02617","0.00035","0","0","13.56","Humid","22.75","0","51.00","251848.07","SABD0000000001","AAV1.0.0.11","1.1.2.0","PSt7-10","170328-022","9/30/2017 7:09:10 PM","0000-00","0","no battery","V"
"11/03/2018","09:32:49","9","default","550496092","OXY_CH9","8.800","min","243.462","µmol/L","Humid","19.033","deg","85660","µV","26.037","°C","1019.000","hPa","34.1","pmil","0","53.442","deg","23.711","°C","100.000","%a.s.","21.016","deg","23.307","°C","1019.000","hPa","0.861","-0.02617","0.00035","0","0","13.56","Humid","22.75","0","51.00","251835.63","SABD0000000001","AAV1.0.0.11","1.1.2.0","PSt7-10","170328-022","9/30/2017 7:09:10 PM","0000-00","0","no battery","V"
"11/03/2018","09:32:50","9","default","550496092","OXY_CH9","8.816","min","243.178","µmol/L","Humid","19.038","deg","85657","µV","26.060","°C","1019.000","hPa","34.1","pmil","0","53.442","deg","23.711","°C","100.000","%a.s.","21.016","deg","23.307","°C","1019.000","hPa","0.861","-0.02617","0.00035","0","0","13.56","Humid","22.75","0","51.00","251830.22","SABD0000000001","AAV1.0.0.11","1.1.2.0","PSt7-10","170328-022","9/30/2017 7:09:10 PM","0000-00","0","no battery","V"
"11/03/2018","09:32:51","9","default","550496092","OXY_CH9","8.832","min","243.343","µmol/L","Humid","19.036","deg","85654","µV","26.044","°C","1019.000","hPa","34.1","pmil","0","53.442","deg","23.711","°C","100.000","%a.s.","21.016","deg","23.307","°C","1019.000","hPa","0.861","-0.02617","0.00035","0","0","13.56","Humid","22.75","0","51.00","251832.74","SABD0000000001","AAV1.0.0.11","1.1.2.0","PSt7-10","170328-022","9/30/2017 7:09:10 PM","0000-00","0","no battery","V"
"11/03/2018","09:32:52","9","default","550496092","OXY_CH9","8.849","min","243.546","µmol/L","Humid","19.032","deg","85649","µV","26.029","°C","1019.000","hPa","34.1","pmil","0","53.442","deg","23.711","°C","100.000","%a.s.","21.016","deg","23.307","°C","1019.000","hPa","0.861","-0.02617","0.00035","0","0","13.56","Humid","22.75","0","51.00","251838.28","SABD0000000001","AAV1.0.0.11","1.1.2.0","PSt7-10","170328-022","9/30/2017 7:09:10 PM","0000-00","0","no battery","V"
"11/03/2018","09:32:53","9","default","550496092","OXY_CH9","8.866","min","243.411","µmol/L","Humid","19.035","deg","85649","µV","26.038","°C","1019.000","hPa","34.1","pmil","0","53.442","deg","23.711","°C","100.000","%a.s.","21.016","deg","23.307","°C","1019.000","hPa","0.861","-0.02617","0.00035","0","0","13.56","Humid","22.75","0","51.00","251831.57","SABD0000000001","AAV1.0.0.11","1.1.2.0","PSt7-10","170328-022","9/30/2017 7:09:10 PM","0000-00","0","no battery","V"
"11/03/2018","09:32:54","9","default","550496092","OXY_CH9","8.883","min","243.419","µmol/L","Humid","19.036","deg","85636","µV","26.033","°C","1019.000","hPa","34.1","pmil","0","53.442","deg","23.711","°C","100.000","%a.s.","21.016","deg","23.307","°C","1019.000","hPa","0.861","-0.02617","0.00035","0","0","13.56","Humid","22.75","0","51.00","251826.55","SABD0000000001","AAV1.0.0.11","1.1.2.0","PSt7-10","170328-022","9/30/2017 7:09:10 PM","0000-00","0","no battery","V"
"11/03/2018","09:32:55","9","default","550496092","OXY_CH9","8.899","min","243.416","µmol/L","Humid","19.035","deg","85638","µV","26.037","°C","1019.000","hPa","34.1","pmil","0","53.442","deg","23.711","°C","100.000","%a.s.","21.016","deg","23.307","°C","1019.000","hPa","0.861","-0.02617","0.00035","0","0","13.56","Humid","22.75","0","51.00","251831.59","SABD0000000001","AAV1.0.0.11","1.1.2.0","PSt7-10","170328-022","9/30/2017 7:09:10 PM","0000-00","0","no battery","V"
"11/03/2018","09:32:56","9","default","550496092","OXY_CH9","8.916","min","243.482","µmol/L","Humid","19.029","deg","85630","µV","26.047","°C","1019.000","hPa","34.1","pmil","0","53.442","deg","23.711","°C","100.000","%a.s.","21.016","deg","23.307","°C","1019.000","hPa","0.861","-0.02617","0.00035","0","0","13.56","Humid","22.75","0","51.00","251829.70","SABD0000000001","AAV1.0.0.11","1.1.2.0","PSt7-10","170328-022","9/30/2017 7:09:10 PM","0000-00","0","no battery","V"
"11/03/2018","09:32:57","9","default","550496092","OXY_CH9","8.933","min","243.625","µmol/L","Humid","19.029","deg","85621","µV","26.027","°C","1019.000","hPa","34.1","pmil","0","53.442","deg","23.711","°C","100.000","%a.s.","21.016","deg","23.307","°C","1019.000","hPa","0.861","-0.02617","0.00035","0","0","13.56","Humid","22.75","0","51.00","251832.72","SABD0000000001","AAV1.0.0.11","1.1.2.0","PSt7-10","170328-022","9/30/2017 7:09:10 PM","0000-00","0","no battery","V"
"11/03/2018","09:32:58","9","default","550496092","OXY_CH9","8.949","min","243.451","µmol/L","Humid","19.033","deg","85621","µV","26.039","°C","1019.000","hPa","34.1","pmil","0","53.442","deg","23.711","°C","100.000","%a.s.","21.016","deg","23.307","°C","1019.000","hPa","0.861","-0.02617","0.00035","0","0","13.56","Humid","22.75","0","51.00","251816.66","SABD0000000001","AAV1.0.0.11","1.1.2.0","PSt7-10","170328-022","9/30/2017 7:09:10 PM","0000-00","0","no battery","V"
"11/03/2018","09:32:59","9","default","550496092","OXY_CH9","8.965","min","243.575","µmol/L","Humid","19.029","deg","85617","µV","26.034","°C","1019.000","hPa","34.1","pmil","0","53.442","deg","23.711","°C","100.000","%a.s.","21.016","deg","23.307","°C","1019.000","hPa","0.861","-0.02617","0.00035","0","0","13.56","Humid","22.75","0","51.00","251813.72","SABD0000000001","AAV1.0.0.11","1.1.2.0","PSt7-10","170328-022","9/30/2017 7:09:10 PM","0000-00","0","no battery","V"
"11/03/2018","09:33:00","9","default","550496092","OXY_CH9","8.982","min","243.371","µmol/L","Humid","19.031","deg","85618","µV","26.056","°C","1019.000","hPa","34.1","pmil","0","53.442","deg","23.711","°C","100.000","%a.s.","21.016","deg","23.307","°C","1019.000","hPa","0.861","-0.02617","0.00035","0","0","13.56","Humid","22.75","0","51.00","251819.58","SABD0000000001","AAV1.0.0.11","1.1.2.0","PSt7-10","170328-022","9/30/2017 7:09:10 PM","0000-00","0","no battery","V"
"11/03/2018","09:33:01","9","default","550496092","OXY_CH9","8.999","min","243.355","µmol/L","Humid","19.033","deg","85611","µV","26.052","°C","1019.000","hPa","34.1","pmil","0","53.442","deg","23.711","°C","100.000","%a.s.","21.016","deg","23.307","°C","1019.000","hPa","0.861","-0.02617","0.00035","0","0","13.56","Humid","22.75","0","51.00","251821.62","SABD0000000001","AAV1.0.0.11","1.1.2.0","PSt7-10","170328-022","9/30/2017 7:09:10 PM","0000-00","0","no battery","V"
"11/03/2018","09:33:02","9","default","550496092","OXY_CH9","9.016","min","243.469","µmol/L","Humid","19.027","deg","85608","µV","26.056","°C","1019.000","hPa","34.1","pmil","0","53.442","deg","23.711","°C","100.000","%a.s.","21.016","deg","23.307","°C","1019.000","hPa","0.861","-0.02617","0.00035","0","0","13.56","Humid","22.75","0","51.00","251816.57","SABD0000000001","AAV1.0.0.11","1.1.2.0","PSt7-10","170328-022","9/30/2017 7:09:10 PM","0000-00","0","no battery","V"
"11/03/2018","09:33:03","9","default","550496092","OXY_CH9","9.033","min","243.531","µmol/L","Humid","19.028","deg","85610","µV","26.044","°C","1019.000","hPa","34.1","pmil","0","53.442","deg","23.711","°C","100.000","%a.s.","21.016","deg","23.307","°C","1019.000","hPa","0.861","-0.02617","0.00035","0","0","13.56","Humid","22.75","0","51.00","251809.61","SABD0000000001","AAV1.0.0.11","1.1.2.0","PSt7-10","170328-022","9/30/2017 7:09:10 PM","0000-00","0","no battery","V"
"11/03/2018","09:33:04","9","default","550496092","OXY_CH9","9.049","min","243.388","µmol/L","Humid","19.031","deg","85600","µV","26.054","°C","1019.000","hPa","34.1","pmil","0","53.442","deg","23.711","°C","100.000","%a.s.","21.016","deg","23.307","°C","1019.000","hPa","0.861","-0.02617","0.00035","0","0","13.56","Humid","22.75","0","51.00","251803.86","SABD0000000001","AAV1.0.0.11","1.1.2.0","PSt7-10","170328-022","9/30/2017 7:09:10 PM","0000-00","0","no battery","V"
"11/03/2018","09:33:05","9","default","550496092","OXY_CH9","9.066","min","243.506","µmol/L","Humid","19.030","deg","85595","µV","26.041","°C","1019.000","hPa","34.1","pmil","0","53.442","deg","23.711","°C","100.000","%a.s.","21.016","deg","23.307","°C","1019.000","hPa","0.861","-0.02617","0.00035","0","0","13.56","Humid","22.75","0","51.00","251804.92","SABD0000000001","AAV1.0.0.11","1.1.2.0","PSt7-10","170328-022","9/30/2017 7:09:10 PM","0000-00","0","no battery","V"
"11/03/2018","09:33:06","9","default","550496092","OXY_CH9","9.083","min","243.592","µmol/L","Humid","19.024","deg","85601","µV","26.048","°C","1019.000","hPa","34.1","pmil","0","53.442","deg","23.711","°C","100.000","%a.s.","21.016","deg","23.307","°C","1019.000","hPa","0.861","-0.02617","0.00035","0","0","13.56","Humid","22.75","0","51.00","251804.23","SABD0000000001","AAV1.0.0.11","1.1.2.0","PSt7-10","170328-022","9/30/2017 7:09:10 PM","0000-00","0","no battery","V"
"11/03/2018","09:33:07","9","default","550496092","OXY_CH9","9.099","min","243.580","µmol/L","Humid","19.026","deg","85590","µV","26.043","°C","1019.000","hPa","34.1","pmil","0","53.442","deg","23.711","°C","100.000","%a.s.","21.016","deg","23.307","°C","1019.000","hPa","0.861","-0.02617","0.00035","0","0","13.56","Humid","22.75","0","51.00","251801.22","SABD0000000001","AAV1.0.0.11","1.1.2.0","PSt7-10","170328-022","9/30/2017 7:09:10 PM","0000-00","0","no battery","V"
"11/03/2018","09:33:08","9","default","550496092","OXY_CH9","9.115","min","243.604","µmol/L","Humid","19.026","deg","85583","µV","26.040","°C","1019.000","hPa","34.1","pmil","0","53.442","deg","23.711","°C","100.000","%a.s.","21.016","deg","23.307","°C","1019.000","hPa","0.861","-0.02617","0.00035","0","0","13.56","Humid","22.75","0","51.00","251806.03","SABD0000000001","AAV1.0.0.11","1.1.2.0","PSt7-10","170328-022","9/30/2017 7:09:10 PM","0000-00","0","no battery","V"
"11/03/2018","09:33:09","9","default","550496092","OXY_CH9","9.132","min","243.548","µmol/L","Humid","19.026","deg","85576","µV","26.048","°C","1019.000","hPa","34.1","pmil","0","53.442","deg","23.711","°C","100.000","%a.s.","21.016","deg","23.307","°C","1019.000","hPa","0.861","-0.02617","0.00035","0","0","13.56","Humid","22.75","0","51.00","251800.72","SABD0000000001","AAV1.0.0.11","1.1.2.0","PSt7-10","170328-022","9/30/2017 7:09:10 PM","0000-00","0","no battery","V"
"11/03/2018","09:33:10","9","default","550496092","OXY_CH9","9.149","min","243.633","µmol/L","Humid","19.023","deg","85573","µV","26.046","°C","1019.000","hPa","34.1","pmil","0","53.442","deg","23.711","°C","100.000","%a.s.","21.016","deg","23.307","°C","1019.000","hPa","0.861","-0.02617","0.00035","0","0","13.56","Humid","22.75","0","51.00","251796.44","SABD0000000001","AAV1.0.0.11","1.1.2.0","PSt7-10","170328-022","9/30/2017 7:09:10 PM","0000-00","0","no battery","V"
"11/03/2018","09:33:11","9","default","550496092","OXY_CH9","9.166","min","243.733","µmol/L","Humid","19.019","deg","85578","µV","26.045","°C","1019.000","hPa","34.1","pmil","0","53.442","deg","23.711","°C","100.000","%a.s.","21.016","deg","23.307","°C","1019.000","hPa","0.861","-0.02617","0.00035","0","0","13.56","Humid","22.75","0","51.00","251794.98","SABD0000000001","AAV1.0.0.11","1.1.2.0","PSt7-10","170328-022","9/30/2017 7:09:10 PM","0000-00","0","no battery","V"
"11/03/2018","09:33:12","9","default","550496092","OXY_CH9","9.183","min","243.629","µmol/L","Humid","19.028","deg","85562","µV","26.030","°C","1019.000","hPa","34.1","pmil","0","53.442","deg","23.711","°C","100.000","%a.s.","21.016","deg","23.307","°C","1019.000","hPa","0.861","-0.02617","0.00035","0","0","13.56","Humid","22.75","0","51.00","251790.98","SABD0000000001","AAV1.0.0.11","1.1.2.0","PSt7-10","170328-022","9/30/2017 7:09:10 PM","0000-00","0","no battery","V"
"11/03/2018","09:33:13","9","default","550496092","OXY_CH9","9.199","min","243.809","µmol/L","Humid","19.019","deg","85561","µV","26.034","°C","1019.000","hPa","34.1","pmil","0","53.442","deg","23.711","°C","100.000","%a.s.","21.016","deg","23.307","°C","1019.000","hPa","0.861","-0.02617","0.00035","0","0","13.56","Humid","22.75","0","51.00","251790.12","SABD0000000001","AAV1.0.0.11","1.1.2.0","PSt7-10","170328-022","9/30/2017 7:09:10 PM","0000-00","0","no battery","V"
"11/03/2018","09:33:14","9","default","550496092","OXY_CH9","9.216","min","243.693","µmol/L","Humid","19.022","deg","85553","µV","26.041","°C","1019.000","hPa","34.1","pmil","0","53.442","deg","23.711","°C","100.000","%a.s.","21.016","deg","23.307","°C","1019.000","hPa","0.861","-0.02617","0.00035","0","0","13.56","Humid","22.75","0","51.00","251798.84","SABD0000000001","AAV1.0.0.11","1.1.2.0","PSt7-10","170328-022","9/30/2017 7:09:10 PM","0000-00","0","no battery","V"
"11/03/2018","09:33:15","9","default","550496092","OXY_CH9","9.232","min","243.758","µmol/L","Humid","19.018","deg","85556","µV","26.044","°C","1019.000","hPa","34.1","pmil","0","53.442","deg","23.711","°C","100.000","%a.s.","21.016","deg","23.307","°C","1019.000","hPa","0.861","-0.02617","0.00035","0","0","13.56","Humid","22.75","0","51.00","251794.64","SABD0000000001","AAV1.0.0.11","1.1.2.0","PSt7-10","170328-022","9/30/2017 7:09:10 PM","0000-00","0","no battery","V"
"11/03/2018","09:33:16","9","default","550496092","OXY_CH9","9.249","min","243.639","µmol/L","Humid","19.022","deg","85556","µV","26.048","°C","1019.000","hPa","34.1","pmil","0","53.442","deg","23.711","°C","100.000","%a.s.","21.016","deg","23.307","°C","1019.000","hPa","0.861","-0.02617","0.00035","0","0","13.56","Humid","22.75","0","51.00","251798.21","SABD0000000001","AAV1.0.0.11","1.1.2.0","PSt7-10","170328-022","9/30/2017 7:09:10 PM","0000-00","0","no battery","V"
"11/03/2018","09:33:17","9","default","550496092","OXY_CH9","9.266","min","243.813","µmol/L","Humid","19.019","deg","85552","µV","26.034","°C","1019.000","hPa","34.1","pmil","0","53.442","deg","23.711","°C","100.000","%a.s.","21.016","deg","23.307","°C","1019.000","hPa","0.861","-0.02617","0.00035","0","0","13.56","Humid","22.75","0","51.00","251804.09","SABD0000000001","AAV1.0.0.11","1.1.2.0","PSt7-10","170328-022","9/30/2017 7:09:10 PM","0000-00","0","no battery","V"
"11/03/2018","09:33:18","9","default","550496092","OXY_CH9","9.282","min","243.881","µmol/L","Humid","19.018","deg","85545","µV","26.027","°C","1019.000","hPa","34.1","pmil","0","53.442","deg","23.711","°C","100.000","%a.s.","21.016","deg","23.307","°C","1019.000","hPa","0.861","-0.02617","0.00035","0","0","13.56","Humid","22.75","0","51.00","251798.63","SABD0000000001","AAV1.0.0.11","1.1.2.0","PSt7-10","170328-022","9/30/2017 7:09:10 PM","0000-00","0","no battery","V"
"11/03/2018","09:33:19","9","default","550496092","OXY_CH9","9.299","min","243.683","µmol/L","Humid","19.019","deg","85545","µV","26.052","°C","1019.000","hPa","34.1","pmil","0","53.442","deg","23.711","°C","100.000","%a.s.","21.016","deg","23.307","°C","1019.000","hPa","0.861","-0.02617","0.00035","0","0","13.56","Humid","22.75","0","51.00","251792.53","SABD0000000001","AAV1.0.0.11","1.1.2.0","PSt7-10","170328-022","9/30/2017 7:09:10 PM","0000-00","0","no battery","V"
"11/03/2018","09:33:20","9","default","550496092","OXY_CH9","9.316","min","243.716","µmol/L","Humid","19.016","deg","85538","µV","26.057","°C","1019.000","hPa","34.1","pmil","0","53.442","deg","23.711","°C","100.000","%a.s.","21.016","deg","23.307","°C","1019.000","hPa","0.861","-0.02617","0.00035","0","0","13.56","Humid","22.75","0","51.00","251797.96","SABD0000000001","AAV1.0.0.11","1.1.2.0","PSt7-10","170328-022","9/30/2017 7:09:10 PM","0000-00","0","no battery","V"
"11/03/2018","09:33:21","9","default","550496092","OXY_CH9","9.333","min","243.689","µmol/L","Humid","19.017","deg","85538","µV","26.057","°C","1019.000","hPa","34.1","pmil","0","53.442","deg","23.711","°C","100.000","%a.s.","21.016","deg","23.307","°C","1019.000","hPa","0.861","-0.02617","0.00035","0","0","13.56","Humid","22.75","0","51.00","251792.86","SABD0000000001","AAV1.0.0.11","1.1.2.0","PSt7-10","170328-022","9/30/2017 7:09:10 PM","0000-00","0","no battery","V"
"11/03/2018","09:33:22","9","default","550496092","OXY_CH9","9.349","min","243.825","µmol/L","Humid","19.016","deg","85531","µV","26.042","°C","1019.000","hPa","34.1","pmil","0","53.442","deg","23.711","°C","100.000","%a.s.","21.016","deg","23.307","°C","1019.000","hPa","0.861","-0.02617","0.00035","0","0","13.56","Humid","22.75","0","51.00","251790.14","SABD0000000001","AAV1.0.0.11","1.1.2.0","PSt7-10","170328-022","9/30/2017 7:09:10 PM","0000-00","0","no battery","V"
"11/03/2018","09:33:23","9","default","550496092","OXY_CH9","9.366","min","243.682","µmol/L","Humid","19.016","deg","85526","µV","26.061","°C","1019.000","hPa","34.1","pmil","0","53.442","deg","23.711","°C","100.000","%a.s.","21.016","deg","23.307","°C","1019.000","hPa","0.861","-0.02617","0.00035","0","0","13.56","Humid","22.75","0","51.00","251789.43","SABD0000000001","AAV1.0.0.11","1.1.2.0","PSt7-10","170328-022","9/30/2017 7:09:10 PM","0000-00","0","no battery","V"
"11/03/2018","09:33:24","9","default","550496092","OXY_CH9","9.383","min","243.822","µmol/L","Humid","19.011","deg","85528","µV","26.058","°C","1019.000","hPa","34.1","pmil","0","53.442","deg","23.711","°C","100.000","%a.s.","21.016","deg","23.307","°C","1019.000","hPa","0.861","-0.02617","0.00035","0","0","13.56","Humid","22.75","0","51.00","251787.35","SABD0000000001","AAV1.0.0.11","1.1.2.0","PSt7-10","170328-022","9/30/2017 7:09:10 PM","0000-00","0","no battery","V"
"11/03/2018","09:33:25","9","default","550496092","OXY_CH9","9.399","min","243.834","µmol/L","Humid","19.014","deg","85524","µV","26.047","°C","1019.000","hPa","34.1","pmil","0","53.442","deg","23.711","°C","100.000","%a.s.","21.016","deg","23.307","°C","1019.000","hPa","0.861","-0.02617","0.00035","0","0","13.56","Humid","22.75","0","51.00","251783.82","SABD0000000001","AAV1.0.0.11","1.1.2.0","PSt7-10","170328-022","9/30/2017 7:09:10 PM","0000-00","0","no battery","V"
"11/03/2018","09:33:26","9","default","550496092","OXY_CH9","9.416","min","243.793","µmol/L","Humid","19.016","deg","85513","µV","26.046","°C","1019.000","hPa","34.1","pmil","0","53.442","deg","23.711","°C","100.000","%a.s.","21.016","deg","23.307","°C","1019.000","hPa","0.861","-0.02617","0.00035","0","0","13.56","Humid","22.75","0","51.00","251781.79","SABD0000000001","AAV1.0.0.11","1.1.2.0","PSt7-10","170328-022","9/30/2017 7:09:10 PM","0000-00","0","no battery","V"
"11/03/2018","09:33:27","9","default","550496092","OXY_CH9","9.432","min","243.845","µmol/L","Humid","19.014","deg","85509","µV","26.045","°C","1019.000","hPa","34.1","pmil","0","53.442","deg","23.711","°C","100.000","%a.s.","21.016","deg","23.307","°C","1019.000","hPa","0.861","-0.02617","0.00035","0","0","13.56","Humid","22.75","0","51.00","251782.67","SABD0000000001","AAV1.0.0.11","1.1.2.0","PSt7-10","170328-022","9/30/2017 7:09:10 PM","0000-00","0","no battery","V"
"11/03/2018","09:33:28","9","default","550496092","OXY_CH9","9.449","min","244.010","µmol/L","Humid","19.010","deg","85504","µV","26.035","°C","1019.000","hPa","34.1","pmil","0","53.442","deg","23.711","°C","100.000","%a.s.","21.016","deg","23.307","°C","1019.000","hPa","0.861","-0.02617","0.00035","0","0","13.56","Humid","22.75","0","51.00","251767.16","SABD0000000001","AAV1.0.0.11","1.1.2.0","PSt7-10","170328-022","9/30/2017 7:09:10 PM","0000-00","0","no battery","V"
"11/03/2018","09:33:29","9","default","550496092","OXY_CH9","9.466","min","243.798","µmol/L","Humid","19.020","deg","85503","µV","26.032","°C","1019.000","hPa","34.1","pmil","0","53.442","deg","23.711","°C","100.000","%a.s.","21.016","deg","23.307","°C","1019.000","hPa","0.861","-0.02617","0.00035","0","0","13.56","Humid","22.75","0","51.00","251772.71","SABD0000000001","AAV1.0.0.11","1.1.2.0","PSt7-10","170328-022","9/30/2017 7:09:10 PM","0000-00","0","no battery","V"
"11/03/2018","09:33:30","9","default","550496092","OXY_CH9","9.483","min","243.878","µmol/L","Humid","19.012","deg","85499","µV","26.047","°C","1019.000","hPa","34.1","pmil","0","53.442","deg","23.711","°C","100.000","%a.s.","21.016","deg","23.307","°C","1019.000","hPa","0.861","-0.02617","0.00035","0","0","13.56","Humid","22.75","0","51.00","251774.38","SABD0000000001","AAV1.0.0.11","1.1.2.0","PSt7-10","170328-022","9/30/2017 7:09:10 PM","0000-00","0","no battery","V"
"11/03/2018","09:33:31","9","default","550496092","OXY_CH9","9.499","min","243.968","µmol/L","Humid","19.011","deg","85491","µV","26.038","°C","1019.000","hPa","34.1","pmil","0","53.442","deg","23.711","°C","100.000","%a.s.","21.016","deg","23.307","°C","1019.000","hPa","0.861","-0.02617","0.00035","0","0","13.56","Humid","22.75","0","51.00","251772.81","SABD0000000001","AAV1.0.0.11","1.1.2.0","PSt7-10","170328-022","9/30/2017 7:09:10 PM","0000-00","0","no battery","V"
"11/03/2018","09:33:32","9","default","550496092","OXY_CH9","9.516","min","243.933","µmol/L","Humid","19.012","deg","85490","µV","26.040","°C","1019.000","hPa","34.1","pmil","0","53.442","deg","23.711","°C","100.000","%a.s.","21.016","deg","23.307","°C","1019.000","hPa","0.861","-0.02617","0.00035","0","0","13.56","Humid","22.75","0","51.00","251762.44","SABD0000000001","AAV1.0.0.11","1.1.2.0","PSt7-10","170328-022","9/30/2017 7:09:10 PM","0000-00","0","no battery","V"
"11/03/2018","09:33:33","9","default","550496092","OXY_CH9","9.533","min","243.943","µmol/L","Humid","19.009","deg","85486","µV","26.048","°C","1019.000","hPa","34.1","pmil","0","53.442","deg","23.711","°C","100.000","%a.s.","21.016","deg","23.307","°C","1019.000","hPa","0.861","-0.02617","0.00035","0","0","13.56","Humid","22.75","0","51.00","251766.94","SABD0000000001","AAV1.0.0.11","1.1.2.0","PSt7-10","170328-022","9/30/2017 7:09:10 PM","0000-00","0","no battery","V"
"11/03/2018","09:33:34","9","default","550496092","OXY_CH9","9.549","min","244.057","µmol/L","Humid","19.008","deg","85480","µV","26.035","°C","1019.000","hPa","34.1","pmil","0","53.442","deg","23.711","°C","100.000","%a.s.","21.016","deg","23.307","°C","1019.000","hPa","0.861","-0.02617","0.00035","0","0","13.56","Humid","22.75","0","51.00","251766.27","SABD0000000001","AAV1.0.0.11","1.1.2.0","PSt7-10","170328-022","9/30/2017 7:09:10 PM","0000-00","0","no battery","V"
"11/03/2018","09:33:35","9","default","550496092","OXY_CH9","9.566","min","243.917","µmol/L","Humid","19.010","deg","85481","µV","26.048","°C","1019.000","hPa","34.1","pmil","0","53.442","deg","23.711","°C","100.000","%a.s.","21.016","deg","23.307","°C","1019.000","hPa","0.861","-0.02617","0.00035","0","0","13.56","Humid","22.75","0","51.00","251757.77","SABD0000000001","AAV1.0.0.11","1.1.2.0","PSt7-10","170328-022","9/30/2017 7:09:10 PM","0000-00","0","no battery","V"
"11/03/2018","09:33:36","9","default","550496092","OXY_CH9","9.582","min","244.109","µmol/L","Humid","19.005","deg","85474","µV","26.038","°C","1019.000","hPa","34.1","pmil","0","53.442","deg","23.711","°C","100.000","%a.s.","21.016","deg","23.307","°C","1019.000","hPa","0.861","-0.02617","0.00035","0","0","13.56","Humid","22.75","0","51.00","251762.56","SABD0000000001","AAV1.0.0.11","1.1.2.0","PSt7-10","170328-022","9/30/2017 7:09:10 PM","0000-00","0","no battery","V"
"11/03/2018","09:33:37","9","default","550496092","OXY_CH9","9.599","min","243.967","µmol/L","Humid","19.009","deg","85475","µV","26.045","°C","1019.000","hPa","34.1","pmil","0","53.442","deg","23.711","°C","100.000","%a.s.","21.016","deg","23.307","°C","1019.000","hPa","0.861","-0.02617","0.00035","0","0","13.56","Humid","22.75","0","51.00","251763.99","SABD0000000001","AAV1.0.0.11","1.1.2.0","PSt7-10","170328-022","9/30/2017 7:09:10 PM","0000-00","0","no battery","V"
"11/03/2018","09:33:38","9","default","550496092","OXY_CH9","9.616","min","243.925","µmol/L","Humid","19.009","deg","85465","µV","26.050","°C","1019.000","hPa","34.1","pmil","0","53.442","deg","23.711","°C","100.000","%a.s.","21.016","deg","23.307","°C","1019.000","hPa","0.861","-0.02617","0.00035","0","0","13.56","Humid","22.75","0","51.00","251760.59","SABD0000000001","AAV1.0.0.11","1.1.2.0","PSt7-10","170328-022","9/30/2017 7:09:10 PM","0000-00","0","no battery","V"
"11/03/2018","09:33:39","9","default","550496092","OXY_CH9","9.633","min","243.985","µmol/L","Humid","19.006","deg","85463","µV","26.052","°C","1019.000","hPa","34.1","pmil","0","53.442","deg","23.711","°C","100.000","%a.s.","21.016","deg","23.307","°C","1019.000","hPa","0.861","-0.02617","0.00035","0","0","13.56","Humid","22.75","0","51.00","251757.25","SABD0000000001","AAV1.0.0.11","1.1.2.0","PSt7-10","170328-022","9/30/2017 7:09:10 PM","0000-00","0","no battery","V"
"11/03/2018","09:33:40","9","default","550496092","OXY_CH9","9.649","min","244.077","µmol/L","Humid","19.005","deg","85465","µV","26.042","°C","1019.000","hPa","34.1","pmil","0","53.442","deg","23.711","°C","100.000","%a.s.","21.016","deg","23.307","°C","1019.000","hPa","0.861","-0.02617","0.00035","0","0","13.56","Humid","22.75","0","51.00","251758.50","SABD0000000001","AAV1.0.0.11","1.1.2.0","PSt7-10","170328-022","9/30/2017 7:09:10 PM","0000-00","0","no battery","V"
"11/03/2018","09:33:41","9","default","550496092","OXY_CH9","9.666","min","244.006","µmol/L","Humid","19.004","deg","85464","µV","26.055","°C","1019.000","hPa","34.1","pmil","0","53.442","deg","23.711","°C","100.000","%a.s.","21.016","deg","23.307","°C","1019.000","hPa","0.861","-0.02617","0.00035","0","0","13.56","Humid","22.75","0","51.00","251758.53","SABD0000000001","AAV1.0.0.11","1.1.2.0","PSt7-10","170328-022","9/30/2017 7:09:10 PM","0000-00","0","no battery","V"
"11/03/2018","09:33:42","9","default","550496092","OXY_CH9","9.682","min","244.056","µmol/L","Humid","19.003","deg","85460","µV","26.052","°C","1019.000","hPa","34.1","pmil","0","53.442","deg","23.711","°C","100.000","%a.s.","21.016","deg","23.307","°C","1019.000","hPa","0.861","-0.02617","0.00035","0","0","13.56","Humid","22.75","0","51.00","251772.97","SABD0000000001","AAV1.0.0.11","1.1.2.0","PSt7-10","170328-022","9/30/2017 7:09:10 PM","0000-00","0","no battery","V"
"11/03/2018","09:33:43","9","default","550496092","OXY_CH9","9.699","min","243.911","µmol/L","Humid","19.005","deg","85453","µV","26.065","°C","1019.000","hPa","34.1","pmil","0","53.442","deg","23.711","°C","100.000","%a.s.","21.016","deg","23.307","°C","1019.000","hPa","0.861","-0.02617","0.00035","0","0","13.56","Humid","22.75","0","51.00","251760.07","SABD0000000001","AAV1.0.0.11","1.1.2.0","PSt7-10","170328-022","9/30/2017 7:09:10 PM","0000-00","0","no battery","V"
"11/03/2018","09:33:44","9","default","550496092","OXY_CH9","9.715","min","244.113","µmol/L","Humid","18.998","deg","85452","µV","26.060","°C","1019.000","hPa","34.1","pmil","0","53.442","deg","23.711","°C","100.000","%a.s.","21.016","deg","23.307","°C","1019.000","hPa","0.861","-0.02617","0.00035","0","0","13.56","Humid","22.75","0","51.00","251746.99","SABD0000000001","AAV1.0.0.11","1.1.2.0","PSt7-10","170328-022","9/30/2017 7:09:10 PM","0000-00","0","no battery","V"
"11/03/2018","09:33:45","9","default","550496092","OXY_CH9","9.732","min","244.174","µmol/L","Humid","19.001","deg","85443","µV","26.042","°C","1019.000","hPa","34.1","pmil","0","53.442","deg","23.711","°C","100.000","%a.s.","21.016","deg","23.307","°C","1019.000","hPa","0.861","-0.02617","0.00035","0","0","13.56","Humid","22.75","0","51.00","251747.43","SABD0000000001","AAV1.0.0.11","1.1.2.0","PSt7-10","170328-022","9/30/2017 7:09:10 PM","0000-00","0","no battery","V"
"11/03/2018","09:33:46","9","default","550496092","OXY_CH9","9.749","min","244.214","µmol/L","Humid","18.998","deg","85442","µV","26.046","°C","1019.000","hPa","34.1","pmil","0","53.442","deg","23.711","°C","100.000","%a.s.","21.016","deg","23.307","°C","1019.000","hPa","0.861","-0.02617","0.00035","0","0","13.56","Humid","22.75","0","51.00","251744.79","SABD0000000001","AAV1.0.0.11","1.1.2.0","PSt7-10","170328-022","9/30/2017 7:09:10 PM","0000-00","0","no battery","V"
"11/03/2018","09:33:47","9","default","550496092","OXY_CH9","9.766","min","244.096","µmol/L","Humid","19.001","deg","85438","µV","26.053","°C","1019.000","hPa","34.1","pmil","0","53.442","deg","23.711","°C","100.000","%a.s.","21.016","deg","23.307","°C","1019.000","hPa","0.861","-0.02617","0.00035","0","0","13.56","Humid","22.75","0","51.00","251754.66","SABD0000000001","AAV1.0.0.11","1.1.2.0","PSt7-10","170328-022","9/30/2017 7:09:10 PM","0000-00","0","no battery","V"
"11/03/2018","09:33:48","9","default","550496092","OXY_CH9","9.782","min","244.014","µmol/L","Humid","19.004","deg","85429","µV","26.054","°C","1019.000","hPa","34.1","pmil","0","53.442","deg","23.711","°C","100.000","%a.s.","21.016","deg","23.307","°C","1019.000","hPa","0.861","-0.02617","0.00035","0","0","13.56","Humid","22.75","0","51.00","251748.62","SABD0000000001","AAV1.0.0.11","1.1.2.0","PSt7-10","170328-022","9/30/2017 7:09:10 PM","0000-00","0","no battery","V"
"11/03/2018","09:33:49","9","default","550496092","OXY_CH9","9.799","min","244.031","µmol/L","Humid","19.003","deg","85426","µV","26.055","°C","1019.000","hPa","34.1","pmil","0","53.442","deg","23.711","°C","100.000","%a.s.","21.016","deg","23.307","°C","1019.000","hPa","0.861","-0.02617","0.00035","0","0","13.56","Humid","22.75","0","51.00","251744.67","SABD0000000001","AAV1.0.0.11","1.1.2.0","PSt7-10","170328-022","9/30/2017 7:09:10 PM","0000-00","0","no battery","V"
"11/03/2018","09:33:50","9","default","550496092","OXY_CH9","9.816","min","244.286","µmol/L","Humid","18.995","deg","85421","µV","26.046","°C","1019.000","hPa","34.1","pmil","0","53.442","deg","23.711","°C","100.000","%a.s.","21.016","deg","23.307","°C","1019.000","hPa","0.861","-0.02617","0.00035","0","0","13.56","Humid","22.75","0","51.00","251741.50","SABD0000000001","AAV1.0.0.11","1.1.2.0","PSt7-10","170328-022","9/30/2017 7:09:10 PM","0000-00","0","no battery","V"
"11/03/2018","09:33:51","9","default","550496092","OXY_CH9","9.833","min","244.100","µmol/L","Humid","19.000","deg","85420","µV","26.055","°C","1019.000","hPa","34.1","pmil","0","53.442","deg","23.711","°C","100.000","%a.s.","21.016","deg","23.307","°C","1019.000","hPa","0.861","-0.02617","0.00035","0","0","13.56","Humid","22.75","0","51.00","251752.70","SABD0000000001","AAV1.0.0.11","1.1.2.0","PSt7-10","170328-022","9/30/2017 7:09:10 PM","0000-00","0","no battery","V"
"11/03/2018","09:33:52","9","default","550496092","OXY_CH9","9.849","min","244.250","µmol/L","Humid","18.998","deg","85417","µV","26.041","°C","1019.000","hPa","34.1","pmil","0","53.442","deg","23.711","°C","100.000","%a.s.","21.016","deg","23.307","°C","1019.000","hPa","0.861","-0.02617","0.00035","0","0","13.56","Humid","22.75","0","51.00","251746.48","SABD0000000001","AAV1.0.0.11","1.1.2.0","PSt7-10","170328-022","9/30/2017 7:09:10 PM","0000-00","0","no battery","V"
"11/03/2018","09:33:53","9","default","550496092","OXY_CH9","9.866","min","244.219","µmol/L","Humid","18.996","deg","85415","µV","26.052","°C","1019.000","hPa","34.1","pmil","0","53.442","deg","23.711","°C","100.000","%a.s.","21.016","deg","23.307","°C","1019.000","hPa","0.861","-0.02617","0.00035","0","0","13.56","Humid","22.75","0","51.00","251745.03","SABD0000000001","AAV1.0.0.11","1.1.2.0","PSt7-10","170328-022","9/30/2017 7:09:10 PM","0000-00","0","no battery","V"
"11/03/2018","09:33:54","9","default","550496092","OXY_CH9","9.882","min","244.106","µmol/L","Humid","18.999","deg","85406","µV","26.057","°C","1019.000","hPa","34.1","pmil","0","53.442","deg","23.711","°C","100.000","%a.s.","21.016","deg","23.307","°C","1019.000","hPa","0.861","-0.02617","0.00035","0","0","13.56","Humid","22.75","0","51.00","251734.28","SABD0000000001","AAV1.0.0.11","1.1.2.0","PSt7-10","170328-022","9/30/2017 7:09:10 PM","0000-00","0","no battery","V"
"11/03/2018","09:33:55","9","default","550496092","OXY_CH9","9.899","min","244.383","µmol/L","Humid","18.995","deg","85399","µV","26.032","°C","1019.000","hPa","34.1","pmil","0","53.442","deg","23.711","°C","100.000","%a.s.","21.016","deg","23.307","°C","1019.000","hPa","0.861","-0.02617","0.00035","0","0","13.56","Humid","22.75","0","51.00","251751.47","SABD0000000001","AAV1.0.0.11","1.1.2.0","PSt7-10","170328-022","9/30/2017 7:09:10 PM","0000-00","0","no battery","V"
"11/03/2018","09:33:56","9","default","550496092","OXY_CH9","9.916","min","244.328","µmol/L","Humid","18.996","deg","85404","µV","26.037","°C","1019.000","hPa","34.1","pmil","0","53.442","deg","23.711","°C","100.000","%a.s.","21.016","deg","23.307","°C","1019.000","hPa","0.861","-0.02617","0.00035","0","0","13.56","Humid","22.75","0","51.00","251747.15","SABD0000000001","AAV1.0.0.11","1.1.2.0","PSt7-10","170328-022","9/30/2017 7:09:10 PM","0000-00","0","no battery","V"
"11/03/2018","09:33:57","9","default","550496092","OXY_CH9","9.932","min","244.196","µmol/L","Humid","18.996","deg","85408","µV","26.055","°C","1019.000","hPa","34.1","pmil","0","53.442","deg","23.711","°C","100.000","%a.s.","21.016","deg","23.307","°C","1019.000","hPa","0.861","-0.02617","0.00035","0","0","13.56","Humid","22.75","0","51.00","251735.32","SABD0000000001","AAV1.0.0.11","1.1.2.0","PSt7-10","170328-022","9/30/2017 7:09:10 PM","0000-00","0","no battery","V"
"11/03/2018","09:33:58","9","default","550496092","OXY_CH9","9.949","min","244.113","µmol/L","Humid","18.998","deg","85398","µV","26.060","°C","1019.000","hPa","34.1","pmil","0","53.442","deg","23.711","°C","100.000","%a.s.","21.016","deg","23.307","°C","1019.000","hPa","0.861","-0.02617","0.00035","0","0","13.56","Humid","22.75","0","51.00","251737.52","SABD0000000001","AAV1.0.0.11","1.1.2.0","PSt7-10","170328-022","9/30/2017 7:09:10 PM","0000-00","0","no battery","V"
"11/03/2018","09:33:59","9","default","550496092","OXY_CH9","9.966","min","244.224","µmol/L","Humid","18.995","deg","85390","µV","26.054","°C","1019.000","hPa","34.1","pmil","0","53.442","deg","23.711","°C","100.000","%a.s.","21.016","deg","23.307","°C","1019.000","hPa","0.861","-0.02617","0.00035","0","0","13.56","Humid","22.75","0","51.00","251729.41","SABD0000000001","AAV1.0.0.11","1.1.2.0","PSt7-10","170328-022","9/30/2017 7:09:10 PM","0000-00","0","no battery","V"
"11/03/2018","09:34:00","9","default","550496092","OXY_CH9","9.983","min","244.251","µmol/L","Humid","18.996","deg","85384","µV","26.047","°C","1019.000","hPa","34.1","pmil","0","53.442","deg","23.711","°C","100.000","%a.s.","21.016","deg","23.307","°C","1019.000","hPa","0.861","-0.02617","0.00035","0","0","13.56","Humid","22.75","0","51.00","251743.17","SABD0000000001","AAV1.0.0.11","1.1.2.0","PSt7-10","170328-022","9/30/2017 7:09:10 PM","0000-00","0","no battery","V"
"11/03/2018","09:34:01","9","default","550496092","OXY_CH9","9.999","min","244.442","µmol/L","Humid","18.990","deg","85387","µV","26.040","°C","1019.000","hPa","34.1","pmil","0","53.442","deg","23.711","°C","100.000","%a.s.","21.016","deg","23.307","°C","1019.000","hPa","0.861","-0.02617","0.00035","0","0","13.56","Humid","22.75","0","51.00","251732.91","SABD0000000001","AAV1.0.0.11","1.1.2.0","PSt7-10","170328-022","9/30/2017 7:09:10 PM","0000-00","0","no battery","V"
"11/03/2018","09:34:02","9","default","550496092","OXY_CH9","10.016","min","244.234","µmol/L","Humid","18.993","deg","85387","µV","26.059","°C","1019.000","hPa","34.1","pmil","0","53.442","deg","23.711","°C","100.000","%a.s.","21.016","deg","23.307","°C","1019.000","hPa","0.861","-0.02617","0.00035","0","0","13.56","Humid","22.75","0","51.00","251740.14","SABD0000000001","AAV1.0.0.11","1.1.2.0","PSt7-10","170328-022","9/30/2017 7:09:10 PM","0000-00","0","no battery","V"
"11/03/2018","09:34:03","9","default","550496092","OXY_CH9","10.032","min","244.255","µmol/L","Humid","18.995","deg","85379","µV","26.050","°C","1019.000","hPa","34.1","pmil","0","53.442","deg","23.711","°C","100.000","%a.s.","21.016","deg","23.307","°C","1019.000","hPa","0.861","-0.02617","0.00035","0","0","13.56","Humid","22.75","0","51.00","251727.09","SABD0000000001","AAV1.0.0.11","1.1.2.0","PSt7-10","170328-022","9/30/2017 7:09:10 PM","0000-00","0","no battery","V"
"11/03/2018","09:34:04","9","default","550496092","OXY_CH9","10.049","min","244.232","µmol/L","Humid","18.997","deg","85379","µV","26.047","°C","1019.000","hPa","34.1","pmil","0","53.442","deg","23.711","°C","100.000","%a.s.","21.016","deg","23.307","°C","1019.000","hPa","0.861","-0.02617","0.00035","0","0","13.56","Humid","22.75","0","51.00","251727.65","SABD0000000001","AAV1.0.0.11","1.1.2.0","PSt7-10","170328-022","9/30/2017 7:09:10 PM","0000-00","0","no battery","V"
"11/03/2018","09:34:05","9","default","550496092","OXY_CH9","10.065","min","244.460","µmol/L","Humid","18.985","deg","85373","µV","26.054","°C","1019.000","hPa","34.1","pmil","0","53.442","deg","23.711","°C","100.000","%a.s.","21.016","deg","23.307","°C","1019.000","hPa","0.861","-0.02617","0.00035","0","0","13.56","Humid","22.75","0","51.00","251738.37","SABD0000000001","AAV1.0.0.11","1.1.2.0","PSt7-10","170328-022","9/30/2017 7:09:10 PM","0000-00","0","no battery","V"
"11/03/2018","09:34:06","9","default","550496092","OXY_CH9","10.082","min","244.416","µmol/L","Humid","18.991","deg","85366","µV","26.041","°C","1019.000","hPa","34.1","pmil","0","53.442","deg","23.711","°C","100.000","%a.s.","21.016","deg","23.307","°C","1019.000","hPa","0.861","-0.02617","0.00035","0","0","13.56","Humid","22.75","0","51.00","251723.35","SABD0000000001","AAV1.0.0.11","1.1.2.0","PSt7-10","170328-022","9/30/2017 7:09:10 PM","0000-00","0","no battery","V"
"11/03/2018","09:34:07","9","default","550496092","OXY_CH9","10.099","min","244.328","µmol/L","Humid","18.992","deg","85363","µV","26.049","°C","1019.000","hPa","34.1","pmil","0","53.442","deg","23.711","°C","100.000","%a.s.","21.016","deg","23.307","°C","1019.000","hPa","0.861","-0.02617","0.00035","0","0","13.56","Humid","22.75","0","51.00","251729.14","SABD0000000001","AAV1.0.0.11","1.1.2.0","PSt7-10","170328-022","9/30/2017 7:09:10 PM","0000-00","0","no battery","V"
"11/03/2018","09:34:08","9","default","550496092","OXY_CH9","10.116","min","244.525","µmol/L","Humid","18.984","deg","85358","µV","26.048","°C","1019.000","hPa","34.1","pmil","0","53.442","deg","23.711","°C","100.000","%a.s.","21.016","deg","23.307","°C","1019.000","hPa","0.861","-0.02617","0.00035","0","0","13.56","Humid","22.75","0","51.00","251723.22","SABD0000000001","AAV1.0.0.11","1.1.2.0","PSt7-10","170328-022","9/30/2017 7:09:10 PM","0000-00","0","no battery","V"
"11/03/2018","09:34:09","9","default","550496092","OXY_CH9","10.133","min","244.468","µmol/L","Humid","18.985","deg","85355","µV","26.053","°C","1019.000","hPa","34.1","pmil","0","53.442","deg","23.711","°C","100.000","%a.s.","21.016","deg","23.307","°C","1019.000","hPa","0.861","-0.02617","0.00035","0","0","13.56","Humid","22.75","0","51.00","251727.34","SABD0000000001","AAV1.0.0.11","1.1.2.0","PSt7-10","170328-022","9/30/2017 7:09:10 PM","0000-00","0","no battery","V"
"11/03/2018","09:34:10","9","default","550496092","OXY_CH9","10.149","min","244.356","µmol/L","Humid","18.988","deg","85348","µV","26.058","°C","1019.000","hPa","34.1","pmil","0","53.442","deg","23.711","°C","100.000","%a.s.","21.016","deg","23.307","°C","1019.000","hPa","0.861","-0.02617","0.00035","0","0","13.56","Humid","22.75","0","51.00","251718.63","SABD0000000001","AAV1.0.0.11","1.1.2.0","PSt7-10","170328-022","9/30/2017 7:09:10 PM","0000-00","0","no battery","V"
"11/03/2018","09:34:11","9","default","550496092","OXY_CH9","10.166","min","244.490","µmol/L","Humid","18.983","deg","85352","µV","26.056","°C","1019.000","hPa","34.1","pmil","0","53.442","deg","23.711","°C","100.000","%a.s.","21.016","deg","23.307","°C","1019.000","hPa","0.861","-0.02617","0.00035","0","0","13.56","Humid","22.75","0","51.00","251723.06","SABD0000000001","AAV1.0.0.11","1.1.2.0","PSt7-10","170328-022","9/30/2017 7:09:10 PM","0000-00","0","no battery","V"
"11/03/2018","09:34:12","9","default","550496092","OXY_CH9","10.182","min","244.522","µmol/L","Humid","18.984","deg","85346","µV","26.048","°C","1019.000","hPa","34.1","pmil","0","53.442","deg","23.711","°C","100.000","%a.s.","21.016","deg","23.307","°C","1019.000","hPa","0.861","-0.02617","0.00035","0","0","13.56","Humid","22.75","0","51.00","251713.64","SABD0000000001","AAV1.0.0.11","1.1.2.0","PSt7-10","170328-022","9/30/2017 7:09:10 PM","0000-00","0","no battery","V"
"11/03/2018","09:34:13","9","default","550496092","OXY_CH9","10.199","min","244.516","µmol/L","Humid","18.984","deg","85340","µV","26.049","°C","1019.000","hPa","34.1","pmil","0","53.442","deg","23.711","°C","100.000","%a.s.","21.016","deg","23.307","°C","1019.000","hPa","0.861","-0.02617","0.00035","0","0","13.56","Humid","22.75","0","51.00","251715.90","SABD0000000001","AAV1.0.0.11","1.1.2.0","PSt7-10","170328-022","9/30/2017 7:09:10 PM","0000-00","0","no battery","V"
"11/03/2018","09:34:14","9","default","550496092","OXY_CH9","10.216","min","244.447","µmol/L","Humid","18.989","deg","85330","µV","26.043","°C","1019.000","hPa","34.1","pmil","0","53.442","deg","23.711","°C","100.000","%a.s.","21.016","deg","23.307","°C","1019.000","hPa","0.861","-0.02617","0.00035","0","0","13.56","Humid","22.75","0","51.00","251707.44","SABD0000000001","AAV1.0.0.11","1.1.2.0","PSt7-10","170328-022","9/30/2017 7:09:10 PM","0000-00","0","no battery","V"
"11/03/2018","09:34:15","9","default","550496092","OXY_CH9","10.232","min","244.451","µmol/L","Humid","18.987","deg","85328","µV","26.049","°C","1019.000","hPa","34.1","pmil","0","53.442","deg","23.711","°C","100.000","%a.s.","21.016","deg","23.307","°C","1019.000","hPa","0.861","-0.02617","0.00035","0","0","13.56","Humid","22.75","0","51.00","251706.66","SABD0000000001","AAV1.0.0.11","1.1.2.0","PSt7-10","170328-022","9/30/2017 7:09:10 PM","0000-00","0","no battery","V"
"11/03/2018","09:34:16","9","default","550496092","OXY_CH9","10.249","min","244.395","µmol/L","Humid","18.988","deg","85333","µV","26.053","°C","1019.000","hPa","34.1","pmil","0","53.442","deg","23.711","°C","100.000","%a.s.","21.016","deg","23.307","°C","1019.000","hPa","0.861","-0.02617","0.00035","0","0","13.56","Humid","22.75","0","51.00","251719.13","SABD0000000001","AAV1.0.0.11","1.1.2.0","PSt7-10","170328-022","9/30/2017 7:09:10 PM","0000-00","0","no battery","V"
"11/03/2018","09:34:17","9","default","550496092","OXY_CH9","10.266","min","244.503","µmol/L","Humid","18.983","deg","85318","µV","26.054","°C","1019.000","hPa","34.1","pmil","0","53.442","deg","23.711","°C","100.000","%a.s.","21.016","deg","23.307","°C","1019.000","hPa","0.861","-0.02617","0.00035","0","0","13.56","Humid","22.75","0","51.00","251712.62","SABD0000000001","AAV1.0.0.11","1.1.2.0","PSt7-10","170328-022","9/30/2017 7:09:10 PM","0000-00","0","no battery","V"
"11/03/2018","09:34:18","9","default","550496092","OXY_CH9","10.283","min","244.454","µmol/L","Humid","18.985","deg","85316","µV","26.055","°C","1019.000","hPa","34.1","pmil","0","53.442","deg","23.711","°C","100.000","%a.s.","21.016","deg","23.307","°C","1019.000","hPa","0.861","-0.02617","0.00035","0","0","13.56","Humid","22.75","0","51.00","251702.08","SABD0000000001","AAV1.0.0.11","1.1.2.0","PSt7-10","170328-022","9/30/2017 7:09:10 PM","0000-00","0","no battery","V"
"11/03/2018","09:34:19","9","default","550496092","OXY_CH9","10.299","min","244.509","µmol/L","Humid","18.982","deg","85315","µV","26.057","°C","1019.000","hPa","34.1","pmil","0","53.442","deg","23.711","°C","100.000","%a.s.","21.016","deg","23.307","°C","1019.000","hPa","0.861","-0.02617","0.00035","0","0","13.56","Humid","22.75","0","51.00","251697.57","SABD0000000001","AAV1.0.0.11","1.1.2.0","PSt7-10","170328-022","9/30/2017 7:09:10 PM","0000-00","0","no battery","V"
"11/03/2018","09:34:20","9","default","550496092","OXY_CH9","10.316","min","244.532","µmol/L","Humid","18.981","deg","85311","µV","26.057","°C","1019.000","hPa","34.1","pmil","0","53.442","deg","23.711","°C","100.000","%a.s.","21.016","deg","23.307","°C","1019.000","hPa","0.861","-0.02617","0.00035","0","0","13.56","Humid","22.75","0","51.00","251701.50","SABD0000000001","AAV1.0.0.11","1.1.2.0","PSt7-10","170328-022","9/30/2017 7:09:10 PM","0000-00","0","no battery","V"
"11/03/2018","09:34:21","9","default","550496092","OXY_CH9","10.332","min","244.662","µmol/L","Humid","18.979","deg","85307","µV","26.045","°C","1019.000","hPa","34.1","pmil","0","53.442","deg","23.711","°C","100.000","%a.s.","21.016","deg","23.307","°C","1019.000","hPa","0.861","-0.02617","0.00035","0","0","13.56","Humid","22.75","0","51.00","251699.53","SABD0000000001","AAV1.0.0.11","1.1.2.0","PSt7-10","170328-022","9/30/2017 7:09:10 PM","0000-00","0","no battery","V"
"11/03/2018","09:34:22","9","default","550496092","OXY_CH9","10.349","min","244.606","µmol/L","Humid","18.981","deg","85305","µV","26.047","°C","1019.000","hPa","34.1","pmil","0","53.442","deg","23.711","°C","100.000","%a.s.","21.016","deg","23.307","°C","1019.000","hPa","0.861","-0.02617","0.00035","0","0","13.56","Humid","22.75","0","51.00","251706.29","SABD0000000001","AAV1.0.0.11","1.1.2.0","PSt7-10","170328-022","9/30/2017 7:09:10 PM","0000-00","0","no battery","V"
"11/03/2018","09:34:23","9","default","550496092","OXY_CH9","10.366","min","244.589","µmol/L","Humid","18.979","deg","85304","µV","26.055","°C","1019.000","hPa","34.1","pmil","0","53.442","deg","23.711","°C","100.000","%a.s.","21.016","deg","23.307","°C","1019.000","hPa","0.861","-0.02617","0.00035","0","0","13.56","Humid","22.75","0","51.00","251705.62","SABD0000000001","AAV1.0.0.11","1.1.2.0","PSt7-10","170328-022","9/30/2017 7:09:10 PM","0000-00","0","no battery","V"
"11/03/2018","09:34:24","9","default","550496092","OXY_CH9","10.382","min","244.529","µmol/L","Humid","18.981","deg","85299","µV","26.057","°C","1019.000","hPa","34.1","pmil","0","53.442","deg","23.711","°C","100.000","%a.s.","21.016","deg","23.307","°C","1019.000","hPa","0.861","-0.02617","0.00035","0","0","13.56","Humid","22.75","0","51.00","251692.59","SABD0000000001","AAV1.0.0.11","1.1.2.0","PSt7-10","170328-022","9/30/2017 7:09:10 PM","0000-00","0","no battery","V"
"11/03/2018","09:34:25","9","default","550496092","OXY_CH9","10.399","min","244.715","µmol/L","Humid","18.976","deg","85294","µV","26.048","°C","1019.000","hPa","34.1","pmil","0","53.442","deg","23.711","°C","100.000","%a.s.","21.016","deg","23.307","°C","1019.000","hPa","0.861","-0.02617","0.00035","0","0","13.56","Humid","22.75","0","51.00","251685.95","SABD0000000001","AAV1.0.0.11","1.1.2.0","PSt7-10","170328-022","9/30/2017 7:09:10 PM","0000-00","0","no battery","V"
"11/03/2018","09:34:26","9","default","550496092","OXY_CH9","10.416","min","244.584","µmol/L","Humid","18.978","deg","85285","µV","26.059","°C","1019.000","hPa","34.1","pmil","0","53.442","deg","23.711","°C","100.000","%a.s.","21.016","deg","23.307","°C","1019.000","hPa","0.861","-0.02617","0.00035","0","0","13.56","Humid","22.75","0","51.00","251679.56","SABD0000000001","AAV1.0.0.11","1.1.2.0","PSt7-10","170328-022","9/30/2017 7:09:10 PM","0000-00","0","no battery","V"
"11/03/2018","09:34:27","9","default","550496092","OXY_CH9","10.433","min","244.537","µmol/L","Humid","18.981","deg","85281","µV","26.056","°C","1019.000","hPa","34.1","pmil","0","53.442","deg","23.711","°C","100.000","%a.s.","21.016","deg","23.307","°C","1019.000","hPa","0.861","-0.02617","0.00035","0","0","13.56","Humid","22.75","0","51.00","251692.25","SABD0000000001","AAV1.0.0.11","1.1.2.0","PSt7-10","170328-022","9/30/2017 7:09:10 PM","0000-00","0","no battery","V"
"11/03/2018","09:34:28","9","default","550496092","OXY_CH9","10.450","min","244.563","µmol/L","Humid","18.979","deg","85277","µV","26.059","°C","1019.000","hPa","34.1","pmil","0","53.442","deg","23.711","°C","100.000","%a.s.","21.016","deg","23.307","°C","1019.000","hPa","0.861","-0.02617","0.00035","0","0","13.56","Humid","22.75","0","51.00","251688.95","SABD0000000001","AAV1.0.0.11","1.1.2.0","PSt7-10","170328-022","9/30/2017 7:09:10 PM","0000-00","0","no battery","V"
"11/03/2018","09:34:29","9","default","550496092","OXY_CH9","10.466","min","244.708","µmol/L","Humid","18.976","deg","85272","µV","26.049","°C","1019.000","hPa","34.1","pmil","0","53.442","deg","23.711","°C","100.000","%a.s.","21.016","deg","23.307","°C","1019.000","hPa","0.861","-0.02617","0.00035","0","0","13.56","Humid","22.75","0","51.00","251693.84","SABD0000000001","AAV1.0.0.11","1.1.2.0","PSt7-10","170328-022","9/30/2017 7:09:10 PM","0000-00","0","no battery","V"
"11/03/2018","09:34:30","9","default","550496092","OXY_CH9","10.482","min","244.618","µmol/L","Humid","18.978","deg","85277","µV","26.055","°C","1019.000","hPa","34.1","pmil","0","53.442","deg","23.711","°C","100.000","%a.s.","21.016","deg","23.307","°C","1019.000","hPa","0.861","-0.02617","0.00035","0","0","13.56","Humid","22.75","0","51.00","251688.35","SABD0000000001","AAV1.0.0.11","1.1.2.0","PSt7-10","170328-022","9/30/2017 7:09:10 PM","0000-00","0","no battery","V"
"11/03/2018","09:34:31","9","default","550496092","OXY_CH9","10.499","min","244.782","µmol/L","Humid","18.975","deg","85265","µV","26.042","°C","1019.000","hPa","34.1","pmil","0","53.442","deg","23.711","°C","100.000","%a.s.","21.016","deg","23.307","°C","1019.000","hPa","0.861","-0.02617","0.00035","0","0","13.56","Humid","22.75","0","51.00","251694.39","SABD0000000001","AAV1.0.0.11","1.1.2.0","PSt7-10","170328-022","9/30/2017 7:09:10 PM","0000-00","0","no battery","V"
"11/03/2018","09:34:32","9","default","550496092","OXY_CH9","10.516","min","244.765","µmol/L","Humid","18.973","deg","85256","µV","26.050","°C","1019.000","hPa","34.1","pmil","0","53.442","deg","23.711","°C","100.000","%a.s.","21.016","deg","23.307","°C","1019.000","hPa","0.861","-0.02617","0.00035","0","0","13.56","Humid","22.75","0","51.00","251678.90","SABD0000000001","AAV1.0.0.11","1.1.2.0","PSt7-10","170328-022","9/30/2017 7:09:10 PM","0000-00","0","no battery","V"
"11/03/2018","09:34:33","9","default","550496092","OXY_CH9","10.532","min","244.792","µmol/L","Humid","18.972","deg","85261","µV","26.050","°C","1019.000","hPa","34.1","pmil","0","53.442","deg","23.711","°C","100.000","%a.s.","21.016","deg","23.307","°C","1019.000","hPa","0.861","-0.02617","0.00035","0","0","13.56","Humid","22.75","0","51.00","251684.88","SABD0000000001","AAV1.0.0.11","1.1.2.0","PSt7-10","170328-022","9/30/2017 7:09:10 PM","0000-00","0","no battery","V"
"11/03/2018","09:34:34","9","default","550496092","OXY_CH9","10.549","min","244.861","µmol/L","Humid","18.970","deg","85259","µV","26.047","°C","1019.000","hPa","34.1","pmil","0","53.442","deg","23.711","°C","100.000","%a.s.","21.016","deg","23.307","°C","1019.000","hPa","0.861","-0.02617","0.00035","0","0","13.56","Humid","22.75","0","51.00","251678.64","SABD0000000001","AAV1.0.0.11","1.1.2.0","PSt7-10","170328-022","9/30/2017 7:09:10 PM","0000-00","0","no battery","V"
"11/03/2018","09:34:35","9","default","550496092","OXY_CH9","10.566","min","244.660","µmol/L","Humid","18.974","deg","85249","µV","26.062","°C","1019.000","hPa","34.1","pmil","0","53.442","deg","23.711","°C","100.000","%a.s.","21.016","deg","23.307","°C","1019.000","hPa","0.861","-0.02617","0.00035","0","0","13.56","Humid","22.75","0","51.00","251681.68","SABD0000000001","AAV1.0.0.11","1.1.2.0","PSt7-10","170328-022","9/30/2017 7:09:10 PM","0000-00","0","no battery","V"
"11/03/2018","09:34:36","9","default","550496092","OXY_CH9","10.583","min","244.640","µmol/L","Humid","18.977","deg","85253","µV","26.055","°C","1019.000","hPa","34.1","pmil","0","53.442","deg","23.711","°C","100.000","%a.s.","21.016","deg","23.307","°C","1019.000","hPa","0.861","-0.02617","0.00035","0","0","13.56","Humid","22.75","0","51.00","251672.25","SABD0000000001","AAV1.0.0.11","1.1.2.0","PSt7-10","170328-022","9/30/2017 7:09:10 PM","0000-00","0","no battery","V"
"11/03/2018","09:34:37","9","default","550496092","OXY_CH9","10.600","min","244.672","µmol/L","Humid","18.974","deg","85238","µV","26.060","°C","1019.000","hPa","34.1","pmil","0","53.442","deg","23.711","°C","100.000","%a.s.","21.016","deg","23.307","°C","1019.000","hPa","0.861","-0.02617","0.00035","0","0","13.56","Humid","22.75","0","51.00","251669.91","SABD0000000001","AAV1.0.0.11","1.1.2.0","PSt7-10","170328-022","9/30/2017 7:09:10 PM","0000-00","0","no battery","V"
"11/03/2018","09:34:38","9","default","550496092","OXY_CH9","10.615","min","244.827","µmol/L","Humid","18.970","deg","85242","µV","26.052","°C","1019.000","hPa","34.1","pmil","0","53.442","deg","23.711","°C","100.000","%a.s.","21.016","deg","23.307","°C","1019.000","hPa","0.861","-0.02617","0.00035","0","0","13.56","Humid","22.75","0","51.00","251681.39","SABD0000000001","AAV1.0.0.11","1.1.2.0","PSt7-10","170328-022","9/30/2017 7:09:10 PM","0000-00","0","no battery","V"
"11/03/2018","09:34:39","9","default","550496092","OXY_CH9","10.632","min","244.803","µmol/L","Humid","18.972","deg","85246","µV","26.048","°C","1019.000","hPa","34.1","pmil","0","53.442","deg","23.711","°C","100.000","%a.s.","21.016","deg","23.307","°C","1019.000","hPa","0.861","-0.02617","0.00035","0","0","13.56","Humid","22.75","0","51.00","251679.31","SABD0000000001","AAV1.0.0.11","1.1.2.0","PSt7-10","170328-022","9/30/2017 7:09:10 PM","0000-00","0","no battery","V"
"11/03/2018","09:34:40","9","default","550496092","OXY_CH9","10.649","min","244.795","µmol/L","Humid","18.970","deg","85235","µV","26.056","°C","1019.000","hPa","34.1","pmil","0","53.442","deg","23.711","°C","100.000","%a.s.","21.016","deg","23.307","°C","1019.000","hPa","0.861","-0.02617","0.00035","0","0","13.56","Humid","22.75","0","51.00","251680.22","SABD0000000001","AAV1.0.0.11","1.1.2.0","PSt7-10","170328-022","9/30/2017 7:09:10 PM","0000-00","0","no battery","V"
"11/03/2018","09:34:41","9","default","550496092","OXY_CH9","10.666","min","244.794","µmol/L","Humid","18.970","deg","85227","µV","26.056","°C","1019.000","hPa","34.1","pmil","0","53.442","deg","23.711","°C","100.000","%a.s.","21.016","deg","23.307","°C","1019.000","hPa","0.861","-0.02617","0.00035","0","0","13.56","Humid","22.75","0","51.00","251663.24","SABD0000000001","AAV1.0.0.11","1.1.2.0","PSt7-10","170328-022","9/30/2017 7:09:10 PM","0000-00","0","no battery","V"
"11/03/2018","09:34:42","9","default","550496092","OXY_CH9","10.682","min","244.847","µmol/L","Humid","18.970","deg","85227","µV","26.049","°C","1019.000","hPa","34.1","pmil","0","53.442","deg","23.711","°C","100.000","%a.s.","21.016","deg","23.307","°C","1019.000","hPa","0.861","-0.02617","0.00035","0","0","13.56","Humid","22.75","0","51.00","251664.87","SABD0000000001","AAV1.0.0.11","1.1.2.0","PSt7-10","170328-022","9/30/2017 7:09:10 PM","0000-00","0","no battery","V"
"11/03/2018","09:34:43","9","default","550496092","OXY_CH9","10.699","min","244.838","µmol/L","Humid","18.969","deg","85230","µV","26.053","°C","1019.000","hPa","34.1","pmil","0","53.442","deg","23.711","°C","100.000","%a.s.","21.016","deg","23.307","°C","1019.000","hPa","0.861","-0.02617","0.00035","0","0","13.56","Humid","22.75","0","51.00","251668.84","SABD0000000001","AAV1.0.0.11","1.1.2.0","PSt7-10","170328-022","9/30/2017 7:09:10 PM","0000-00","0","no battery","V"
"11/03/2018","09:34:44","9","default","550496092","OXY_CH9","10.716","min","244.894","µmol/L","Humid","18.968","deg","85220","µV","26.049","°C","1019.000","hPa","34.1","pmil","0","53.442","deg","23.711","°C","100.000","%a.s.","21.016","deg","23.307","°C","1019.000","hPa","0.861","-0.02617","0.00035","0","0","13.56","Humid","22.75","0","51.00","251674.20","SABD0000000001","AAV1.0.0.11","1.1.2.0","PSt7-10","170328-022","9/30/2017 7:09:10 PM","0000-00","0","no battery","V"
"11/03/2018","09:34:45","9","default","550496092","OXY_CH9","10.733","min","244.961","µmol/L","Humid","18.962","deg","85216","µV","26.059","°C","1019.000","hPa","34.1","pmil","0","53.442","deg","23.711","°C","100.000","%a.s.","21.016","deg","23.307","°C","1019.000","hPa","0.861","-0.02617","0.00035","0","0","13.56","Humid","22.75","0","51.00","251674.97","SABD0000000001","AAV1.0.0.11","1.1.2.0","PSt7-10","170328-022","9/30/2017 7:09:10 PM","0000-00","0","no battery","V"
"11/03/2018","09:34:46","9","default","550496092","OXY_CH9","10.750","min","244.896","µmol/L","Humid","18.965","deg","85217","µV","26.058","°C","1019.000","hPa","34.1","pmil","0","53.442","deg","23.711","°C","100.000","%a.s.","21.016","deg","23.307","°C","1019.000","hPa","0.861","-0.02617","0.00035","0","0","13.56","Humid","22.75","0","51.00","251668.31","SABD0000000001","AAV1.0.0.11","1.1.2.0","PSt7-10","170328-022","9/30/2017 7:09:10 PM","0000-00","0","no battery","V"
"11/03/2018","09:34:47","9","default","550496092","OXY_CH9","10.766","min","244.836","µmol/L","Humid","18.967","deg","85212","µV","26.060","°C","1019.000","hPa","34.1","pmil","0","53.442","deg","23.711","°C","100.000","%a.s.","21.016","deg","23.307","°C","1019.000","hPa","0.861","-0.02617","0.00035","0","0","13.56","Humid","22.75","0","51.00","251662.99","SABD0000000001","AAV1.0.0.11","1.1.2.0","PSt7-10","170328-022","9/30/2017 7:09:10 PM","0000-00","0","no battery","V"
"11/03/2018","09:34:48","9","default","550496092","OXY_CH9","10.782","min","244.976","µmol/L","Humid","18.965","deg","85207","µV","26.047","°C","1019.000","hPa","34.1","pmil","0","53.442","deg","23.711","°C","100.000","%a.s.","21.016","deg","23.307","°C","1019.000","hPa","0.861","-0.02617","0.00035","0","0","13.56","Humid","22.75","0","51.00","251666.36","SABD0000000001","AAV1.0.0.11","1.1.2.0","PSt7-10","170328-022","9/30/2017 7:09:10 PM","0000-00","0","no battery","V"
"11/03/2018","09:34:49","9","default","550496092","OXY_CH9","10.799","min","244.990","µmol/L","Humid","18.965","deg","85206","µV","26.045","°C","1019.000","hPa","34.1","pmil","0","53.442","deg","23.711","°C","100.000","%a.s.","21.016","deg","23.307","°C","1019.000","hPa","0.861","-0.02617","0.00035","0","0","13.56","Humid","22.75","0","51.00","251665.64","SABD0000000001","AAV1.0.0.11","1.1.2.0","PSt7-10","170328-022","9/30/2017 7:09:10 PM","0000-00","0","no battery","V"
"11/03/2018","09:34:50","9","default","550496092","OXY_CH9","10.816","min","245.095","µmol/L","Humid","18.960","deg","85202","µV","26.047","°C","1019.000","hPa","34.1","pmil","0","53.442","deg","23.711","°C","100.000","%a.s.","21.016","deg","23.307","°C","1019.000","hPa","0.861","-0.02617","0.00035","0","0","13.56","Humid","22.75","0","51.00","251659.50","SABD0000000001","AAV1.0.0.11","1.1.2.0","PSt7-10","170328-022","9/30/2017 7:09:10 PM","0000-00","0","no battery","V"
"11/03/2018","09:34:51","9","default","550496092","OXY_CH9","10.832","min","245.014","µmol/L","Humid","18.959","deg","85202","µV","26.061","°C","1019.000","hPa","34.1","pmil","0","53.442","deg","23.711","°C","100.000","%a.s.","21.016","deg","23.307","°C","1019.000","hPa","0.861","-0.02617","0.00035","0","0","13.56","Humid","22.75","0","51.00","251659.65","SABD0000000001","AAV1.0.0.11","1.1.2.0","PSt7-10","170328-022","9/30/2017 7:09:10 PM","0000-00","0","no battery","V"
"11/03/2018","09:34:52","9","default","550496092","OXY_CH9","10.849","min","245.123","µmol/L","Humid","18.962","deg","85187","µV","26.037","°C","1019.000","hPa","34.1","pmil","0","53.442","deg","23.711","°C","100.000","%a.s.","21.016","deg","23.307","°C","1019.000","hPa","0.861","-0.02617","0.00035","0","0","13.56","Humid","22.75","0","51.00","251667.13","SABD0000000001","AAV1.0.0.11","1.1.2.0","PSt7-10","170328-022","9/30/2017 7:09:10 PM","0000-00","0","no battery","V"
"11/03/2018","09:34:53","9","default","550496092","OXY_CH9","10.866","min","245.014","µmol/L","Humid","18.964","deg","85184","µV","26.045","°C","1019.000","hPa","34.1","pmil","0","53.442","deg","23.711","°C","100.000","%a.s.","21.016","deg","23.307","°C","1019.000","hPa","0.861","-0.02617","0.00035","0","0","13.56","Humid","22.75","0","51.00","251666.66","SABD0000000001","AAV1.0.0.11","1.1.2.0","PSt7-10","170328-022","9/30/2017 7:09:10 PM","0000-00","0","no battery","V"
"11/03/2018","09:34:54","9","default","550496092","OXY_CH9","10.883","min","244.912","µmol/L","Humid","18.962","deg","85182","µV","26.066","°C","1019.000","hPa","34.1","pmil","0","53.442","deg","23.711","°C","100.000","%a.s.","21.016","deg","23.307","°C","1019.000","hPa","0.861","-0.02617","0.00035","0","0","13.56","Humid","22.75","0","51.00","251658.14","SABD0000000001","AAV1.0.0.11","1.1.2.0","PSt7-10","170328-022","9/30/2017 7:09:10 PM","0000-00","0","no battery","V"
"11/03/2018","09:34:55","9","default","550496092","OXY_CH9","10.900","min","244.941","µmol/L","Humid","18.957","deg","85175","µV","26.078","°C","1019.000","hPa","34.1","pmil","0","53.442","deg","23.711","°C","100.000","%a.s.","21.016","deg","23.307","°C","1019.000","hPa","0.861","-0.02617","0.00035","0","0","13.56","Humid","22.75","0","51.00","251661.20","SABD0000000001","AAV1.0.0.11","1.1.2.0","PSt7-10","170328-022","9/30/2017 7:09:10 PM","0000-00","0","no battery","V"
"11/03/2018","09:34:56","9","default","550496092","OXY_CH9","10.916","min","244.960","µmol/L","Humid","18.961","deg","85179","µV","26.062","°C","1019.000","hPa","34.1","pmil","0","53.442","deg","23.711","°C","100.000","%a.s.","21.016","deg","23.307","°C","1019.000","hPa","0.861","-0.02617","0.00035","0","0","13.56","Humid","22.75","0","51.00","251664.56","SABD0000000001","AAV1.0.0.11","1.1.2.0","PSt7-10","170328-022","9/30/2017 7:09:10 PM","0000-00","0","no battery","V"
"11/03/2018","09:34:57","9","default","550496092","OXY_CH9","10.932","min","245.106","µmol/L","Humid","18.958","deg","85174","µV","26.052","°C","1019.000","hPa","34.1","pmil","0","53.442","deg","23.711","°C","100.000","%a.s.","21.016","deg","23.307","°C","1019.000","hPa","0.861","-0.02617","0.00035","0","0","13.56","Humid","22.75","0","51.00","251652.36","SABD0000000001","AAV1.0.0.11","1.1.2.0","PSt7-10","170328-022","9/30/2017 7:09:10 PM","0000-00","0","no battery","V"
"11/03/2018","09:34:58","9","default","550496092","OXY_CH9","10.949","min","244.914","µmol/L","Humid","18.962","deg","85175","µV","26.065","°C","1019.000","hPa","34.1","pmil","0","53.442","deg","23.711","°C","100.000","%a.s.","21.016","deg","23.307","°C","1019.000","hPa","0.861","-0.02617","0.00035","0","0","13.56","Humid","22.75","0","51.00","251652.91","SABD0000000001","AAV1.0.0.11","1.1.2.0","PSt7-10","170328-022","9/30/2017 7:09:10 PM","0000-00","0","no battery","V"
"11/03/2018","09:34:59","9","default","550496092","OXY_CH9","10.966","min","245.093","µmol/L","Humid","18.956","deg","85168","µV","26.060","°C","1019.000","hPa","34.1","pmil","0","53.442","deg","23.711","°C","100.000","%a.s.","21.016","deg","23.307","°C","1019.000","hPa","0.861","-0.02617","0.00035","0","0","13.56","Humid","22.75","0","51.00","251658.99","SABD0000000001","AAV1.0.0.11","1.1.2.0","PSt7-10","170328-022","9/30/2017 7:09:10 PM","0000-00","0","no battery","V"
"11/03/2018","09:35:00","9","default","550496092","OXY_CH9","10.982","min","245.046","µmol/L","Humid","18.958","deg","85162","µV","26.060","°C","1019.000","hPa","34.1","pmil","0","53.442","deg","23.711","°C","100.000","%a.s.","21.016","deg","23.307","°C","1019.000","hPa","0.861","-0.02617","0.00035","0","0","13.56","Humid","22.75","0","51.00","251652.81","SABD0000000001","AAV1.0.0.11","1.1.2.0","PSt7-10","170328-022","9/30/2017 7:09:10 PM","0000-00","0","no battery","V"
"11/03/2018","09:35:01","9","default","550496092","OXY_CH9","10.999","min","245.085","µmol/L","Humid","18.956","deg","85160","µV","26.061","°C","1019.000","hPa","34.1","pmil","0","53.442","deg","23.711","°C","100.000","%a.s.","21.016","deg","23.307","°C","1019.000","hPa","0.861","-0.02617","0.00035","0","0","13.56","Humid","22.75","0","51.00","251649.97","SABD0000000001","AAV1.0.0.11","1.1.2.0","PSt7-10","170328-022","9/30/2017 7:09:10 PM","0000-00","0","no battery","V"
"11/03/2018","09:35:02","9","default","550496092","OXY_CH9","11.016","min","245.129","µmol/L","Humid","18.956","deg","85156","µV","26.055","°C","1019.000","hPa","34.1","pmil","0","53.442","deg","23.711","°C","100.000","%a.s.","21.016","deg","23.307","°C","1019.000","hPa","0.861","-0.02617","0.00035","0","0","13.56","Humid","22.75","0","51.00","251648.47","SABD0000000001","AAV1.0.0.11","1.1.2.0","PSt7-10","170328-022","9/30/2017 7:09:10 PM","0000-00","0","no battery","V"
"11/03/2018","09:35:03","9","default","550496092","OXY_CH9","11.033","min","245.130","µmol/L","Humid","18.955","deg","85155","µV","26.058","°C","1019.000","hPa","34.1","pmil","0","53.442","deg","23.711","°C","100.000","%a.s.","21.016","deg","23.307","°C","1019.000","hPa","0.861","-0.02617","0.00035","0","0","13.56","Humid","22.75","0","51.00","251640.82","SABD0000000001","AAV1.0.0.11","1.1.2.0","PSt7-10","170328-022","9/30/2017 7:09:10 PM","0000-00","0","no battery","V"
"11/03/2018","09:35:04","9","default","550496092","OXY_CH9","11.050","min","245.240","µmol/L","Humid","18.951","deg","85141","µV","26.056","°C","1019.000","hPa","34.1","pmil","0","53.442","deg","23.711","°C","100.000","%a.s.","21.016","deg","23.307","°C","1019.000","hPa","0.861","-0.02617","0.00035","0","0","13.56","Humid","22.75","0","51.00","251645.63","SABD0000000001","AAV1.0.0.11","1.1.2.0","PSt7-10","170328-022","9/30/2017 7:09:10 PM","0000-00","0","no battery","V"
"11/03/2018","09:35:05","9","default","550496092","OXY_CH9","11.065","min","245.157","µmol/L","Humid","18.954","deg","85145","µV","26.058","°C","1019.000","hPa","34.1","pmil","0","53.442","deg","23.711","°C","100.000","%a.s.","21.016","deg","23.307","°C","1019.000","hPa","0.861","-0.02617","0.00035","0","0","13.56","Humid","22.75","0","51.00","251632.92","SABD0000000001","AAV1.0.0.11","1.1.2.0","PSt7-10","170328-022","9/30/2017 7:09:10 PM","0000-00","0","no battery","V"
"11/03/2018","09:35:06","9","default","550496092","OXY_CH9","11.082","min","245.232","µmol/L","Humid","18.951","deg","85138","µV","26.057","°C","1019.000","hPa","34.1","pmil","0","53.442","deg","23.711","°C","100.000","%a.s.","21.016","deg","23.307","°C","1019.000","hPa","0.861","-0.02617","0.00035","0","0","13.56","Humid","22.75","0","51.00","251632.74","SABD0000000001","AAV1.0.0.11","1.1.2.0","PSt7-10","170328-022","9/30/2017 7:09:10 PM","0000-00","0","no battery","V"
"11/03/2018","09:35:07","9","default","550496092","OXY_CH9","11.099","min","245.100","µmol/L","Humid","18.955","deg","85137","µV","26.062","°C","1019.000","hPa","34.1","pmil","0","53.442","deg","23.711","°C","100.000","%a.s.","21.016","deg","23.307","°C","1019.000","hPa","0.861","-0.02617","0.00035","0","0","13.56","Humid","22.75","0","51.00","251630.33","SABD0000000001","AAV1.0.0.11","1.1.2.0","PSt7-10","170328-022","9/30/2017 7:09:10 PM","0000-00","0","no battery","V"
"11/03/2018","09:35:08","9","default","550496092","OXY_CH9","11.116","min","245.281","µmol/L","Humid","18.951","deg","85128","µV","26.050","°C","1019.000","hPa","34.1","pmil","0","53.442","deg","23.711","°C","100.000","%a.s.","21.016","deg","23.307","°C","1019.000","hPa","0.861","-0.02617","0.00035","0","0","13.56","Humid","22.75","0","51.00","251638.49","SABD0000000001","AAV1.0.0.11","1.1.2.0","PSt7-10","170328-022","9/30/2017 7:09:10 PM","0000-00","0","no battery","V"
"11/03/2018","09:35:09","9","default","550496092","OXY_CH9","11.133","min","245.322","µmol/L","Humid","18.950","deg","85133","µV","26.048","°C","1019.000","hPa","34.1","pmil","0","53.442","deg","23.711","°C","100.000","%a.s.","21.016","deg","23.307","°C","1019.000","hPa","0.861","-0.02617","0.00035","0","0","13.56","Humid","22.75","0","51.00","251644.40","SABD0000000001","AAV1.0.0.11","1.1.2.0","PSt7-10","170328-022","9/30/2017 7:09:10 PM","0000-00","0","no battery","V"
"11/03/2018","09:35:10","9","default","550496092","OXY_CH9","11.149","min","245.139","µmol/L","Humid","18.955","deg","85128","µV","26.057","°C","1019.000","hPa","34.1","pmil","0","53.442","deg","23.711","°C","100.000","%a.s.","21.016","deg","23.307","°C","1019.000","hPa","0.861","-0.02617","0.00035","0","0","13.56","Humid","22.75","0","51.00","251638.30","SABD0000000001","AAV1.0.0.11","1.1.2.0","PSt7-10","170328-022","9/30/2017 7:09:10 PM","0000-00","0","no battery","V"
"11/03/2018","09:35:11","9","default","550496092","OXY_CH9","11.166","min","245.345","µmol/L","Humid","18.951","deg","85122","µV","26.042","°C","1019.000","hPa","34.1","pmil","0","53.442","deg","23.711","°C","100.000","%a.s.","21.016","deg","23.307","°C","1019.000","hPa","0.861","-0.02617","0.00035","0","0","13.56","Humid","22.75","0","51.00","251632.95","SABD0000000001","AAV1.0.0.11","1.1.2.0","PSt7-10","170328-022","9/30/2017 7:09:10 PM","0000-00","0","no battery","V"
"11/03/2018","09:35:12","9","default","550496092","OXY_CH9","11.183","min","245.311","µmol/L","Humid","18.951","deg","85111","µV","26.046","°C","1019.000","hPa","34.1","pmil","0","53.442","deg","23.711","°C","100.000","%a.s.","21.016","deg","23.307","°C","1019.000","hPa","0.861","-0.02617","0.00035","0","0","13.56","Humid","22.75","0","51.00","251636.82","SABD0000000001","AAV1.0.0.11","1.1.2.0","PSt7-10","170328-022","9/30/2017 7:09:10 PM","0000-00","0","no battery","V"
"11/03/2018","09:35:13","9","default","550496092","OXY_CH9","11.199","min","245.338","µmol/L","Humid","18.947","deg","85120","µV","26.055","°C","1019.000","hPa","34.1","pmil","0","53.442","deg","23.711","°C","100.000","%a.s.","21.016","deg","23.307","°C","1019.000","hPa","0.861","-0.02617","0.00035","0","0","13.56","Humid","22.75","0","51.00","251643.28","SABD0000000001","AAV1.0.0.11","1.1.2.0","PSt7-10","170328-022","9/30/2017 7:09:10 PM","0000-00","0","no battery","V"
"11/03/2018","09:35:14","9","default","550496092","OXY_CH9","11.215","min","245.100","µmol/L","Humid","18.949","deg","85117","µV","26.082","°C","1019.000","hPa","34.1","pmil","0","53.442","deg","23.711","°C","100.000","%a.s.","21.016","deg","23.307","°C","1019.000","hPa","0.861","-0.02617","0.00035","0","0","13.56","Humid","22.75","0","51.00","251623.23","SABD0000000001","AAV1.0.0.11","1.1.2.0","PSt7-10","170328-022","9/30/2017 7:09:10 PM","0000-00","0","no battery","V"
"11/03/2018","09:35:15","9","default","550496092","OXY_CH9","11.232","min","245.223","µmol/L","Humid","18.945","deg","85105","µV","26.078","°C","1019.000","hPa","34.1","pmil","0","53.442","deg","23.711","°C","100.000","%a.s.","21.016","deg","23.307","°C","1019.000","hPa","0.861","-0.02617","0.00035","0","0","13.56","Humid","22.75","0","51.00","251634.44","SABD0000000001","AAV1.0.0.11","1.1.2.0","PSt7-10","170328-022","9/30/2017 7:09:10 PM","0000-00","0","no battery","V"
"11/03/2018","09:35:16","9","default","550496092","OXY_CH9","11.249","min","245.226","µmol/L","Humid","18.950","deg","85107","µV","26.061","°C","1019.000","hPa","34.1","pmil","0","53.442","deg","23.711","°C","100.000","%a.s.","21.016","deg","23.307","°C","1019.000","hPa","0.861","-0.02617","0.00035","0","0","13.56","Humid","22.75","0","51.00","251636.10","SABD0000000001","AAV1.0.0.11","1.1.2.0","PSt7-10","170328-022","9/30/2017 7:09:10 PM","0000-00","0","no battery","V"
"11/03/2018","09:35:17","9","default","550496092","OXY_CH9","11.266","min","245.361","µmol/L","Humid","18.948","deg","85104","µV","26.049","°C","1019.000","hPa","34.1","pmil","0","53.442","deg","23.711","°C","100.000","%a.s.","21.016","deg","23.307","°C","1019.000","hPa","0.861","-0.02617","0.00035","0","0","13.56","Humid","22.75","0","51.00","251633.57","SABD0000000001","AAV1.0.0.11","1.1.2.0","PSt7-10","170328-022","9/30/2017 7:09:10 PM","0000-00","0","no battery","V"
"11/03/2018","09:35:18","9","default","550496092","OXY_CH9","11.282","min","245.192","µmol/L","Humid","18.947","deg","85104","µV","26.076","°C","1019.000","hPa","34.1","pmil","0","53.442","deg","23.711","°C","100.000","%a.s.","21.016","deg","23.307","°C","1019.000","hPa","0.861","-0.02617","0.00035","0","0","13.56","Humid","22.75","0","51.00","251630.69","SABD0000000001","AAV1.0.0.11","1.1.2.0","PSt7-10","170328-022","9/30/2017 7:09:10 PM","0000-00","0","no battery","V"
"11/03/2018","09:35:19","9","default","550496092","OXY_CH9","11.299","min","245.307","µmol/L","Humid","18.949","deg","85100","µV","26.053","°C","1019.000","hPa","34.1","pmil","0","53.442","deg","23.711","°C","100.000","%a.s.","21.016","deg","23.307","°C","1019.000","hPa","0.861","-0.02617","0.00035","0","0","13.56","Humid","22.75","0","51.00","251626.16","SABD0000000001","AAV1.0.0.11","1.1.2.0","PSt7-10","170328-022","9/30/2017 7:09:10 PM","0000-00","0","no battery","V"
"11/03/2018","09:35:20","9","default","550496092","OXY_CH9","11.316","min","245.280","µmol/L","Humid","18.946","deg","85091","µV","26.067","°C","1019.000","hPa","34.1","pmil","0","53.442","deg","23.711","°C","100.000","%a.s.","21.016","deg","23.307","°C","1019.000","hPa","0.861","-0.02617","0.00035","0","0","13.56","Humid","22.75","0","51.00","251630.73","SABD0000000001","AAV1.0.0.11","1.1.2.0","PSt7-10","170328-022","9/30/2017 7:09:10 PM","0000-00","0","no battery","V"
"11/03/2018","09:35:21","9","default","550496092","OXY_CH9","11.333","min","245.301","µmol/L","Humid","18.947","deg","85084","µV","26.061","°C","1019.000","hPa","34.1","pmil","0","53.442","deg","23.711","°C","100.000","%a.s.","21.016","deg","23.307","°C","1019.000","hPa","0.861","-0.02617","0.00035","0","0","13.56","Humid","22.75","0","51.00","251629.86","SABD0000000001","AAV1.0.0.11","1.1.2.0","PSt7-10","170328-022","9/30/2017 7:09:10 PM","0000-00","0","no battery","V"
"11/03/2018","09:35:22","9","default","550496092","OXY_CH9","11.350","min","245.425","µmol/L","Humid","18.943","deg","85079","µV","26.056","°C","1019.000","hPa","34.1","pmil","0","53.442","deg","23.711","°C","100.000","%a.s.","21.016","deg","23.307","°C","1019.000","hPa","0.861","-0.02617","0.00035","0","0","13.56","Humid","22.75","0","51.00","251626.85","SABD0000000001","AAV1.0.0.11","1.1.2.0","PSt7-10","170328-022","9/30/2017 7:09:10 PM","0000-00","0","no battery","V"
"11/03/2018","09:35:23","9","default","550496092","OXY_CH9","11.365","min","245.428","µmol/L","Humid","18.942","deg","85076","µV","26.059","°C","1019.000","hPa","34.1","pmil","0","53.442","deg","23.711","°C","100.000","%a.s.","21.016","deg","23.307","°C","1019.000","hPa","0.861","-0.02617","0.00035","0","0","13.56","Humid","22.75","0","51.00","251617.10","SABD0000000001","AAV1.0.0.11","1.1.2.0","PSt7-10","170328-022","9/30/2017 7:09:10 PM","0000-00","0","no battery","V"
"11/03/2018","09:35:24","9","default","550496092","OXY_CH9","11.382","min","245.407","µmol/L","Humid","18.940","deg","85076","µV","26.069","°C","1019.000","hPa","34.1","pmil","0","53.442","deg","23.711","°C","100.000","%a.s.","21.016","deg","23.307","°C","1019.000","hPa","0.861","-0.02617","0.00035","0","0","13.56","Humid","22.75","0","51.00","251620.69","SABD0000000001","AAV1.0.0.11","1.1.2.0","PSt7-10","170328-022","9/30/2017 7:09:10 PM","0000-00","0","no battery","V"
"11/03/2018","09:35:25","9","default","550496092","OXY_CH9","11.399","min","245.409","µmol/L","Humid","18.943","deg","85078","µV","26.059","°C","1019.000","hPa","34.1","pmil","0","53.442","deg","23.711","°C","100.000","%a.s.","21.016","deg","23.307","°C","1019.000","hPa","0.861","-0.02617","0.00035","0","0","13.56","Humid","22.75","0","51.00","251616.51","SABD0000000001","AAV1.0.0.11","1.1.2.0","PSt7-10","170328-022","9/30/2017 7:09:10 PM","0000-00","0","no battery","V"
"11/03/2018","09:35:26","9","default","550496092","OXY_CH9","11.416","min","245.464","µmol/L","Humid","18.941","deg","85065","µV","26.057","°C","1019.000","hPa","34.1","pmil","0","53.442","deg","23.711","°C","100.000","%a.s.","21.016","deg","23.307","°C","1019.000","hPa","0.861","-0.02617","0.00035","0","0","13.56","Humid","22.75","0","51.00","251610.58","SABD0000000001","AAV1.0.0.11","1.1.2.0","PSt7-10","170328-022","9/30/2017 7:09:10 PM","0000-00","0","no battery","V"
"11/03/2018","09:35:27","9","default","550496092","OXY_CH9","11.433","min","245.559","µmol/L","Humid","18.938","deg","85067","µV","26.054","°C","1019.000","hPa","34.1","pmil","0","53.442","deg","23.711","°C","100.000","%a.s.","21.016","deg","23.307","°C","1019.000","hPa","0.861","-0.02617","0.00035","0","0","13.56","Humid","22.75","0","51.00","251610.38","SABD0000000001","AAV1.0.0.11","1.1.2.0","PSt7-10","170328-022","9/30/2017 7:09:10 PM","0000-00","0","no battery","V"
"11/03/2018","09:35:28","9","default","550496092","OXY_CH9","11.449","min","245.484","µmol/L","Humid","18.941","deg","85063","µV","26.055","°C","1019.000","hPa","34.1","pmil","0","53.442","deg","23.711","°C","100.000","%a.s.","21.016","deg","23.307","°C","1019.000","hPa","0.861","-0.02617","0.00035","0","0","13.56","Humid","22.75","0","51.00","251604.27","SABD0000000001","AAV1.0.0.11","1.1.2.0","PSt7-10","170328-022","9/30/2017 7:09:10 PM","0000-00","0","no battery","V"
"11/03/2018","09:35:29","9","default","550496092","OXY_CH9","11.466","min","245.500","µmol/L","Humid","18.941","deg","85062","µV","26.053","°C","1019.000","hPa","34.1","pmil","0","53.442","deg","23.711","°C","100.000","%a.s.","21.016","deg","23.307","°C","1019.000","hPa","0.861","-0.02617","0.00035","0","0","13.56","Humid","22.75","0","51.00","251614.98","SABD0000000001","AAV1.0.0.11","1.1.2.0","PSt7-10","170328-022","9/30/2017 7:09:10 PM","0000-00","0","no battery","V"
"11/03/2018","09:35:30","9","default","550496092","OXY_CH9","11.483","min","245.438","µmol/L","Humid","18.940","deg","85047","µV","26.064","°C","1019.000","hPa","34.1","pmil","0","53.442","deg","23.711","°C","100.000","%a.s.","21.016","deg","23.307","°C","1019.000","hPa","0.861","-0.02617","0.00035","0","0","13.56","Humid","22.75","0","51.00","251612.76","SABD0000000001","AAV1.0.0.11","1.1.2.0","PSt7-10","170328-022","9/30/2017 7:09:10 PM","0000-00","0","no battery","V"
"11/03/2018","09:35:31","9","default","550496092","OXY_CH9","11.499","min","245.641","µmol/L","Humid","18.936","deg","85051","µV","26.049","°C","1019.000","hPa","34.1","pmil","0","53.442","deg","23.711","°C","100.000","%a.s.","21.016","deg","23.307","°C","1019.000","hPa","0.861","-0.02617","0.00035","0","0","13.56","Humid","22.75","0","51.00","251609.28","SABD0000000001","AAV1.0.0.11","1.1.2.0","PSt7-10","170328-022","9/30/2017 7:09:10 PM","0000-00","0","no battery","V"
"11/03/2018","09:35:32","9","default","550496092","OXY_CH9","11.516","min","245.412","µmol/L","Humid","18.939","deg","85042","µV","26.071","°C","1019.000","hPa","34.1","pmil","0","53.442","deg","23.711","°C","100.000","%a.s.","21.016","deg","23.307","°C","1019.000","hPa","0.861","-0.02617","0.00035","0","0","13.56","Humid","22.75","0","51.00","251593.88","SABD0000000001","AAV1.0.0.11","1.1.2.0","PSt7-10","170328-022","9/30/2017 7:09:10 PM","0000-00","0","no battery","V"
"11/03/2018","09:35:33","9","default","550496092","OXY_CH9","11.532","min","245.380","µmol/L","Humid","18.939","deg","85039","µV","26.076","°C","1019.000","hPa","34.1","pmil","0","53.442","deg","23.711","°C","100.000","%a.s.","21.016","deg","23.307","°C","1019.000","hPa","0.861","-0.02617","0.00035","0","0","13.56","Humid","22.75","0","51.00","251604.27","SABD0000000001","AAV1.0.0.11","1.1.2.0","PSt7-10","170328-022","9/30/2017 7:09:10 PM","0000-00","0","no battery","V"
"11/03/2018","09:35:34","9","default","550496092","OXY_CH9","11.549","min","245.409","µmol/L","Humid","18.940","deg","85039","µV","26.068","°C","1019.000","hPa","34.1","pmil","0","53.442","deg","23.711","°C","100.000","%a.s.","21.016","deg","23.307","°C","1019.000","hPa","0.861","-0.02617","0.00035","0","0","13.56","Humid","22.75","0","51.00","251616.77","SABD0000000001","AAV1.0.0.11","1.1.2.0","PSt7-10","170328-022","9/30/2017 7:09:10 PM","0000-00","0","no battery","V"
"11/03/2018","09:35:35","9","default","550496092","OXY_CH9","11.566","min","245.422","µmol/L","Humid","18.939","deg","85033","µV","26.070","°C","1019.000","hPa","34.1","pmil","0","53.442","deg","23.711","°C","100.000","%a.s.","21.016","deg","23.307","°C","1019.000","hPa","0.861","-0.02617","0.00035","0","0","13.56","Humid","22.75","0","51.00","251601.45","SABD0000000001","AAV1.0.0.11","1.1.2.0","PSt7-10","170328-022","9/30/2017 7:09:10 PM","0000-00","0","no battery","V"
"11/03/2018","09:35:36","9","default","550496092","OXY_CH9","11.582","min","245.522","µmol/L","Humid","18.937","deg","85025","µV","26.062","°C","1019.000","hPa","34.1","pmil","0","53.442","deg","23.711","°C","100.000","%a.s.","21.016","deg","23.307","°C","1019.000","hPa","0.861","-0.02617","0.00035","0","0","13.56","Humid","22.75","0","51.00","251600.82","SABD0000000001","AAV1.0.0.11","1.1.2.0","PSt7-10","170328-022","9/30/2017 7:09:10 PM","0000-00","0","no battery","V"
"11/03/2018","09:35:37","9","default","550496092","OXY_CH9","11.599","min","245.572","µmol/L","Humid","18.935","deg","85022","µV","26.062","°C","1019.000","hPa","34.1","pmil","0","53.442","deg","23.711","°C","100.000","%a.s.","21.016","deg","23.307","°C","1019.000","hPa","0.861","-0.02617","0.00035","0","0","13.56","Humid","22.75","0","51.00","251596.33","SABD0000000001","AAV1.0.0.11","1.1.2.0","PSt7-10","170328-022","9/30/2017 7:09:10 PM","0000-00","0","no battery","V"
"11/03/2018","09:35:38","9","default","550496092","OXY_CH9","11.616","min","245.486","µmol/L","Humid","18.937","deg","85026","µV","26.067","°C","1019.000","hPa","34.1","pmil","0","53.442","deg","23.711","°C","100.000","%a.s.","21.016","deg","23.307","°C","1019.000","hPa","0.861","-0.02617","0.00035","0","0","13.56","Humid","22.75","0","51.00","251605.65","SABD0000000001","AAV1.0.0.11","1.1.2.0","PSt7-10","170328-022","9/30/2017 7:09:10 PM","0000-00","0","no battery","V"
"11/03/2018","09:35:39","9","default","550496092","OXY_CH9","11.633","min","245.561","µmol/L","Humid","18.936","deg","85017","µV","26.060","°C","1019.000","hPa","34.1","pmil","0","53.442","deg","23.711","°C","100.000","%a.s.","21.016","deg","23.307","°C","1019.000","hPa","0.861","-0.02617","0.00035","0","0","13.56","Humid","22.75","0","51.00","251596.81","SABD0000000001","AAV1.0.0.11","1.1.2.0","PSt7-10","170328-022","9/30/2017 7:09:10 PM","0000-00","0","no battery","V"
"11/03/2018","09:35:40","9","default","550496092","OXY_CH9","11.649","min","245.607","µmol/L","Humid","18.934","deg","85014","µV","26.061","°C","1019.000","hPa","34.1","pmil","0","53.442","deg","23.711","°C","100.000","%a.s.","21.016","deg","23.307","°C","1019.000","hPa","0.861","-0.02617","0.00035","0","0","13.56","Humid","22.75","0","51.00","251599.52","SABD0000000001","AAV1.0.0.11","1.1.2.0","PSt7-10","170328-022","9/30/2017 7:09:10 PM","0000-00","0","no battery","V"
"11/03/2018","09:35:41","9","default","550496092","OXY_CH9","11.666","min","245.628","µmol/L","Humid","18.934","deg","85012","µV","26.058","°C","1019.000","hPa","34.1","pmil","0","53.442","deg","23.711","°C","100.000","%a.s.","21.016","deg","23.307","°C","1019.000","hPa","0.861","-0.02617","0.00035","0","0","13.56","Humid","22.75","0","51.00","251593.90","SABD0000000001","AAV1.0.0.11","1.1.2.0","PSt7-10","170328-022","9/30/2017 7:09:10 PM","0000-00","0","no battery","V"
"11/03/2018","09:35:42","9","default","550496092","OXY_CH9","11.682","min","245.746","µmol/L","Humid","18.926","deg","85005","µV","26.067","°C","1019.000","hPa","34.1","pmil","0","53.442","deg","23.711","°C","100.000","%a.s.","21.016","deg","23.307","°C","1019.000","hPa","0.861","-0.02617","0.00035","0","0","13.56","Humid","22.75","0","51.00","251586.10","SABD0000000001","AAV1.0.0.11","1.1.2.0","PSt7-10","170328-022","9/30/2017 7:09:10 PM","0000-00","0","no battery","V"
"11/03/2018","09:35:43","9","default","550496092","OXY_CH9","11.699","min","245.672","µmol/L","Humid","18.930","deg","85008","µV","26.064","°C","1019.000","hPa","34.1","pmil","0","53.442","deg","23.711","°C","100.000","%a.s.","21.016","deg","23.307","°C","1019.000","hPa","0.861","-0.02617","0.00035","0","0","13.56","Humid","22.75","0","51.00","251597.31","SABD0000000001","AAV1.0.0.11","1.1.2.0","PSt7-10","170328-022","9/30/2017 7:09:10 PM","0000-00","0","no battery","V"
"11/03/2018","09:35:44","9","default","550496092","OXY_CH9","11.716","min","245.630","µmol/L","Humid","18.934","deg","84996","µV","26.057","°C","1019.000","hPa","34.1","pmil","0","53.442","deg","23.711","°C","100.000","%a.s.","21.016","deg","23.307","°C","1019.000","hPa","0.861","-0.02617","0.00035","0","0","13.56","Humid","22.75","0","51.00","251604.05","SABD0000000001","AAV1.0.0.11","1.1.2.0","PSt7-10","170328-022","9/30/2017 7:09:10 PM","0000-00","0","no battery","V"
"11/03/2018","09:35:45","9","default","550496092","OXY_CH9","11.732","min","245.717","µmol/L","Humid","18.930","deg","84992","µV","26.058","°C","1019.000","hPa","34.1","pmil","0","53.442","deg","23.711","°C","100.000","%a.s.","21.016","deg","23.307","°C","1019.000","hPa","0.861","-0.02617","0.00035","0","0","13.56","Humid","22.75","0","51.00","251604.22","SABD0000000001","AAV1.0.0.11","1.1.2.0","PSt7-10","170328-022","9/30/2017 7:09:10 PM","0000-00","0","no battery","V"
"11/03/2018","09:35:46","9","default","550496092","OXY_CH9","11.749","min","245.748","µmol/L","Humid","18.930","deg","84990","µV","26.054","°C","1019.000","hPa","34.1","pmil","0","53.442","deg","23.711","°C","100.000","%a.s.","21.016","deg","23.307","°C","1019.000","hPa","0.861","-0.02617","0.00035","0","0","13.56","Humid","22.75","0","51.00","251592.25","SABD0000000001","AAV1.0.0.11","1.1.2.0","PSt7-10","170328-022","9/30/2017 7:09:10 PM","0000-00","0","no battery","V"
"11/03/2018","09:35:47","9","default","550496092","OXY_CH9","11.766","min","245.860","µmol/L","Humid","18.926","deg","84987","µV","26.052","°C","1019.000","hPa","34.1","pmil","0","53.442","deg","23.711","°C","100.000","%a.s.","21.016","deg","23.307","°C","1019.000","hPa","0.861","-0.02617","0.00035","0","0","13.56","Humid","22.75","0","51.00","251583.95","SABD0000000001","AAV1.0.0.11","1.1.2.0","PSt7-10","170328-022","9/30/2017 7:09:10 PM","0000-00","0","no battery","V"
"11/03/2018","09:35:48","9","default","550496092","OXY_CH9","11.783","min","245.703","µmol/L","Humid","18.927","deg","84977","µV","26.070","°C","1019.000","hPa","34.1","pmil","0","53.442","deg","23.711","°C","100.000","%a.s.","21.016","deg","23.307","°C","1019.000","hPa","0.861","-0.02617","0.00035","0","0","13.56","Humid","22.75","0","51.00","251596.18","SABD0000000001","AAV1.0.0.11","1.1.2.0","PSt7-10","170328-022","9/30/2017 7:09:10 PM","0000-00","0","no battery","V"
"11/03/2018","09:35:49","9","default","550496092","OXY_CH9","11.799","min","245.851","µmol/L","Humid","18.924","deg","84986","µV","26.059","°C","1019.000","hPa","34.1","pmil","0","53.442","deg","23.711","°C","100.000","%a.s.","21.016","deg","23.307","°C","1019.000","hPa","0.861","-0.02617","0.00035","0","0","13.56","Humid","22.75","0","51.00","251587.02","SABD0000000001","AAV1.0.0.11","1.1.2.0","PSt7-10","170328-022","9/30/2017 7:09:10 PM","0000-00","0","no battery","V"
"11/03/2018","09:35:50","9","default","550496092","OXY_CH9","11.816","min","245.755","µmol/L","Humid","18.928","deg","84973","µV","26.060","°C","1019.000","hPa","34.1","pmil","0","53.442","deg","23.711","°C","100.000","%a.s.","21.016","deg","23.307","°C","1019.000","hPa","0.861","-0.02617","0.00035","0","0","13.56","Humid","22.75","0","51.00","251590.85","SABD0000000001","AAV1.0.0.11","1.1.2.0","PSt7-10","170328-022","9/30/2017 7:09:10 PM","0000-00","0","no battery","V"
"11/03/2018","09:35:51","9","default","550496092","OXY_CH9","11.832","min","245.863","µmol/L","Humid","18.929","deg","84971","µV","26.041","°C","1019.000","hPa","34.1","pmil","0","53.442","deg","23.711","°C","100.000","%a.s.","21.016","deg","23.307","°C","1019.000","hPa","0.861","-0.02617","0.00035","0","0","13.56","Humid","22.75","0","51.00","251587.61","SABD0000000001","AAV1.0.0.11","1.1.2.0","PSt7-10","170328-022","9/30/2017 7:09:10 PM","0000-00","0","no battery","V"
"11/03/2018","09:35:52","9","default","550496092","OXY_CH9","11.849","min","245.675","µmol/L","Humid","18.926","deg","84973","µV","26.077","°C","1019.000","hPa","34.1","pmil","0","53.442","deg","23.711","°C","100.000","%a.s.","21.016","deg","23.307","°C","1019.000","hPa","0.861","-0.02617","0.00035","0","0","13.56","Humid","22.75","0","51.00","251586.25","SABD0000000001","AAV1.0.0.11","1.1.2.0","PSt7-10","170328-022","9/30/2017 7:09:10 PM","0000-00","0","no battery","V"
"11/03/2018","09:35:53","9","default","550496092","OXY_CH9","11.866","min","245.700","µmol/L","Humid","18.924","deg","84963","µV","26.080","°C","1019.000","hPa","34.1","pmil","0","53.442","deg","23.711","°C","100.000","%a.s.","21.016","deg","23.307","°C","1019.000","hPa","0.861","-0.02617","0.00035","0","0","13.56","Humid","22.75","0","51.00","251584.66","SABD0000000001","AAV1.0.0.11","1.1.2.0","PSt7-10","170328-022","9/30/2017 7:09:10 PM","0000-00","0","no battery","V"
"11/03/2018","09:35:54","9","default","550496092","OXY_CH9","11.882","min","245.888","µmol/L","Humid","18.921","deg","84957","µV","26.064","°C","1019.000","hPa","34.1","pmil","0","53.442","deg","23.711","°C","100.000","%a.s.","21.016","deg","23.307","°C","1019.000","hPa","0.861","-0.02617","0.00035","0","0","13.56","Humid","22.75","0","51.00","251572.95","SABD0000000001","AAV1.0.0.11","1.1.2.0","PSt7-10","170328-022","9/30/2017 7:09:10 PM","0000-00","0","no battery","V"
"11/03/2018","09:35:55","9","default","550496092","OXY_CH9","11.899","min","245.823","µmol/L","Humid","18.922","deg","84955","µV","26.070","°C","1019.000","hPa","34.1","pmil","0","53.442","deg","23.711","°C","100.000","%a.s.","21.016","deg","23.307","°C","1019.000","hPa","0.861","-0.02617","0.00035","0","0","13.56","Humid","22.75","0","51.00","251579.20","SABD0000000001","AAV1.0.0.11","1.1.2.0","PSt7-10","170328-022","9/30/2017 7:09:10 PM","0000-00","0","no battery","V"
"11/03/2018","09:35:56","9","default","550496092","OXY_CH9","11.916","min","245.699","µmol/L","Humid","18.927","deg","84954","µV","26.070","°C","1019.000","hPa","34.1","pmil","0","53.442","deg","23.711","°C","100.000","%a.s.","21.016","deg","23.307","°C","1019.000","hPa","0.861","-0.02617","0.00035","0","0","13.56","Humid","22.75","0","51.00","251579.66","SABD0000000001","AAV1.0.0.11","1.1.2.0","PSt7-10","170328-022","9/30/2017 7:09:10 PM","0000-00","0","no battery","V"
"11/03/2018","09:35:57","9","default","550496092","OXY_CH9","11.933","min","245.835","µmol/L","Humid","18.921","deg","84948","µV","26.071","°C","1019.000","hPa","34.1","pmil","0","53.442","deg","23.711","°C","100.000","%a.s.","21.016","deg","23.307","°C","1019.000","hPa","0.861","-0.02617","0.00035","0","0","13.56","Humid","22.75","0","51.00","251571.24","SABD0000000001","AAV1.0.0.11","1.1.2.0","PSt7-10","170328-022","9/30/2017 7:09:10 PM","0000-00","0","no battery","V"
"11/03/2018","09:35:58","9","default","550496092","OXY_CH9","11.949","min","245.799","µmol/L","Humid","18.922","deg","84946","µV","26.073","°C","1019.000","hPa","34.1","pmil","0","53.442","deg","23.711","°C","100.000","%a.s.","21.016","deg","23.307","°C","1019.000","hPa","0.861","-0.02617","0.00035","0","0","13.56","Humid","22.75","0","51.00","251565.26","SABD0000000001","AAV1.0.0.11","1.1.2.0","PSt7-10","170328-022","9/30/2017 7:09:10 PM","0000-00","0","no battery","V"
"11/03/2018","09:35:59","9","default","550496092","OXY_CH9","11.966","min","245.894","µmol/L","Humid","18.923","deg","84940","µV","26.057","°C","1019.000","hPa","34.1","pmil","0","53.442","deg","23.711","°C","100.000","%a.s.","21.016","deg","23.307","°C","1019.000","hPa","0.861","-0.02617","0.00035","0","0","13.56","Humid","22.75","0","51.00","251575.71","SABD0000000001","AAV1.0.0.11","1.1.2.0","PSt7-10","170328-022","9/30/2017 7:09:10 PM","0000-00","0","no battery","V"
"11/03/2018","09:36:00","9","default","550496092","OXY_CH9","11.983","min","245.931","µmol/L","Humid","18.920","deg","84936","µV","26.061","°C","1019.000","hPa","34.1","pmil","0","53.442","deg","23.711","°C","100.000","%a.s.","21.016","deg","23.307","°C","1019.000","hPa","0.861","-0.02617","0.00035","0","0","13.56","Humid","22.75","0","51.00","251574.76","SABD0000000001","AAV1.0.0.11","1.1.2.0","PSt7-10","170328-022","9/30/2017 7:09:10 PM","0000-00","0","no battery","V"
"11/03/2018","09:36:01","9","default","550496092","OXY_CH9","11.999","min","245.833","µmol/L","Humid","18.921","deg","84932","µV","26.071","°C","1019.000","hPa","34.1","pmil","0","53.442","deg","23.711","°C","100.000","%a.s.","21.016","deg","23.307","°C","1019.000","hPa","0.861","-0.02617","0.00035","0","0","13.56","Humid","22.75","0","51.00","251574.40","SABD0000000001","AAV1.0.0.11","1.1.2.0","PSt7-10","170328-022","9/30/2017 7:09:10 PM","0000-00","0","no battery","V"
"11/03/2018","09:36:02","9","default","550496092","OXY_CH9","12.015","min","245.853","µmol/L","Humid","18.919","deg","84927","µV","26.075","°C","1019.000","hPa","34.1","pmil","0","53.442","deg","23.711","°C","100.000","%a.s.","21.016","deg","23.307","°C","1019.000","hPa","0.861","-0.02617","0.00035","0","0","13.56","Humid","22.75","0","51.00","251572.12","SABD0000000001","AAV1.0.0.11","1.1.2.0","PSt7-10","170328-022","9/30/2017 7:09:10 PM","0000-00","0","no battery","V"
"11/03/2018","09:36:03","9","default","550496092","OXY_CH9","12.032","min","245.769","µmol/L","Humid","18.923","deg","84931","µV","26.074","°C","1019.000","hPa","34.1","pmil","0","53.442","deg","23.711","°C","100.000","%a.s.","21.016","deg","23.307","°C","1019.000","hPa","0.861","-0.02617","0.00035","0","0","13.56","Humid","22.75","0","51.00","251564.16","SABD0000000001","AAV1.0.0.11","1.1.2.0","PSt7-10","170328-022","9/30/2017 7:09:10 PM","0000-00","0","no battery","V"
"11/03/2018","09:36:04","9","default","550496092","OXY_CH9","12.049","min","245.896","µmol/L","Humid","18.919","deg","84926","µV","26.069","°C","1019.000","hPa","34.1","pmil","0","53.442","deg","23.711","°C","100.000","%a.s.","21.016","deg","23.307","°C","1019.000","hPa","0.861","-0.02617","0.00035","0","0","13.56","Humid","22.75","0","51.00","251569.74","SABD0000000001","AAV1.0.0.11","1.1.2.0","PSt7-10","170328-022","9/30/2017 7:09:10 PM","0000-00","0","no battery","V"
"11/03/2018","09:36:05","9","default","550496092","OXY_CH9","12.066","min","245.931","µmol/L","Humid","18.919","deg","84925","µV","26.064","°C","1019.000","hPa","34.1","pmil","0","53.442","deg","23.711","°C","100.000","%a.s.","21.016","deg","23.307","°C","1019.000","hPa","0.861","-0.02617","0.00035","0","0","13.56","Humid","22.75","0","51.00","251570.61","SABD0000000001","AAV1.0.0.11","1.1.2.0","PSt7-10","170328-022","9/30/2017 7:09:10 PM","0000-00","0","no battery","V"
"11/03/2018","09:36:06","9","default","550496092","OXY_CH9","12.083","min","246.118","µmol/L","Humid","18.913","deg","84916","µV","26.058","°C","1019.000","hPa","34.1","pmil","0","53.442","deg","23.711","°C","100.000","%a.s.","21.016","deg","23.307","°C","1019.000","hPa","0.861","-0.02617","0.00035","0","0","13.56","Humid","22.75","0","51.00","251571.68","SABD0000000001","AAV1.0.0.11","1.1.2.0","PSt7-10","170328-022","9/30/2017 7:09:10 PM","0000-00","0","no battery","V"
"11/03/2018","09:36:07","9","default","550496092","OXY_CH9","12.099","min","246.066","µmol/L","Humid","18.915","deg","84909","µV","26.059","°C","1019.000","hPa","34.1","pmil","0","53.442","deg","23.711","°C","100.000","%a.s.","21.016","deg","23.307","°C","1019.000","hPa","0.861","-0.02617","0.00035","0","0","13.56","Humid","22.75","0","51.00","251568.97","SABD0000000001","AAV1.0.0.11","1.1.2.0","PSt7-10","170328-022","9/30/2017 7:09:10 PM","0000-00","0","no battery","V"
"11/03/2018","09:36:08","9","default","550496092","OXY_CH9","12.116","min","245.913","µmol/L","Humid","18.917","deg","84911","µV","26.073","°C","1019.000","hPa","34.1","pmil","0","53.442","deg","23.711","°C","100.000","%a.s.","21.016","deg","23.307","°C","1019.000","hPa","0.861","-0.02617","0.00035","0","0","13.56","Humid","22.75","0","51.00","251570.78","SABD0000000001","AAV1.0.0.11","1.1.2.0","PSt7-10","170328-022","9/30/2017 7:09:10 PM","0000-00","0","no battery","V"
"11/03/2018","09:36:09","9","default","550496092","OXY_CH9","12.133","min","246.076","µmol/L","Humid","18.915","deg","84915","µV","26.058","°C","1019.000","hPa","34.1","pmil","0","53.442","deg","23.711","°C","100.000","%a.s.","21.016","deg","23.307","°C","1019.000","hPa","0.861","-0.02617","0.00035","0","0","13.56","Humid","22.75","0","51.00","251561.99","SABD0000000001","AAV1.0.0.11","1.1.2.0","PSt7-10","170328-022","9/30/2017 7:09:10 PM","0000-00","0","no battery","V"
"11/03/2018","09:36:10","9","default","550496092","OXY_CH9","12.149","min","245.999","µmol/L","Humid","18.920","deg","84901","µV","26.052","°C","1019.000","hPa","34.1","pmil","0","53.442","deg","23.711","°C","100.000","%a.s.","21.016","deg","23.307","°C","1019.000","hPa","0.861","-0.02617","0.00035","0","0","13.56","Humid","22.75","0","51.00","251557.81","SABD0000000001","AAV1.0.0.11","1.1.2.0","PSt7-10","170328-022","9/30/2017 7:09:10 PM","0000-00","0","no battery","V"
"11/03/2018","09:36:11","9","default","550496092","OXY_CH9","12.166","min","245.794","µmol/L","Humid","18.918","deg","84899","µV","26.086","°C","1019.000","hPa","34.1","pmil","0","53.442","deg","23.711","°C","100.000","%a.s.","21.016","deg","23.307","°C","1019.000","hPa","0.861","-0.02617","0.00035","0","0","13.56","Humid","22.75","0","51.00","251563.61","SABD0000000001","AAV1.0.0.11","1.1.2.0","PSt7-10","170328-022","9/30/2017 7:09:10 PM","0000-00","0","no battery","V"
"11/03/2018","09:36:12","9","default","550496092","OXY_CH9","12.182","min","245.920","µmol/L","Humid","18.917","deg","84889","µV","26.072","°C","1019.000","hPa","34.1","pmil","0","53.442","deg","23.711","°C","100.000","%a.s.","21.016","deg","23.307","°C","1019.000","hPa","0.861","-0.02617","0.00035","0","0","13.56","Humid","22.75","0","51.00","251556.05","SABD0000000001","AAV1.0.0.11","1.1.2.0","PSt7-10","170328-022","9/30/2017 7:09:10 PM","0000-00","0","no battery","V"
"11/03/2018","09:36:13","9","default","550496092","OXY_CH9","12.199","min","245.968","µmol/L","Humid","18.915","deg","84886","µV","26.072","°C","1019.000","hPa","34.1","pmil","0","53.442","deg","23.711","°C","100.000","%a.s.","21.016","deg","23.307","°C","1019.000","hPa","0.861","-0.02617","0.00035","0","0","13.56","Humid","22.75","0","51.00","251563.81","SABD0000000001","AAV1.0.0.11","1.1.2.0","PSt7-10","170328-022","9/30/2017 7:09:10 PM","0000-00","0","no battery","V"
"11/03/2018","09:36:14","9","default","550496092","OXY_CH9","12.216","min","246.055","µmol/L","Humid","18.913","deg","84883","µV","26.067","°C","1019.000","hPa","34.1","pmil","0","53.442","deg","23.711","°C","100.000","%a.s.","21.016","deg","23.307","°C","1019.000","hPa","0.861","-0.02617","0.00035","0","0","13.56","Humid","22.75","0","51.00","251557.31","SABD0000000001","AAV1.0.0.11","1.1.2.0","PSt7-10","170328-022","9/30/2017 7:09:10 PM","0000-00","0","no battery","V"
"11/03/2018","09:36:15","9","default","550496092","OXY_CH9","12.233","min","245.969","µmol/L","Humid","18.915","deg","84878","µV","26.072","°C","1019.000","hPa","34.1","pmil","0","53.442","deg","23.711","°C","100.000","%a.s.","21.016","deg","23.307","°C","1019.000","hPa","0.861","-0.02617","0.00035","0","0","13.56","Humid","22.75","0","51.00","251559.57","SABD0000000001","AAV1.0.0.11","1.1.2.0","PSt7-10","170328-022","9/30/2017 7:09:10 PM","0000-00","0","no battery","V"
"11/03/2018","09:36:16","9","default","550496092","OXY_CH9","12.249","min","246.036","µmol/L","Humid","18.915","deg","84873","µV","26.063","°C","1019.000","hPa","34.1","pmil","0","53.442","deg","23.711","°C","100.000","%a.s.","21.016","deg","23.307","°C","1019.000","hPa","0.861","-0.02617","0.00035","0","0","13.56","Humid","22.75","0","51.00","251552.31","SABD0000000001","AAV1.0.0.11","1.1.2.0","PSt7-10","170328-022","9/30/2017 7:09:10 PM","0000-00","0","no battery","V"
"11/03/2018","09:36:17","9","default","550496092","OXY_CH9","12.266","min","246.014","µmol/L","Humid","18.913","deg","84871","µV","26.072","°C","1019.000","hPa","34.1","pmil","0","53.442","deg","23.711","°C","100.000","%a.s.","21.016","deg","23.307","°C","1019.000","hPa","0.861","-0.02617","0.00035","0","0","13.56","Humid","22.75","0","51.00","251559.50","SABD0000000001","AAV1.0.0.11","1.1.2.0","PSt7-10","170328-022","9/30/2017 7:09:10 PM","0000-00","0","no battery","V"
"11/03/2018","09:36:18","9","default","550496092","OXY_CH9","12.283","min","245.962","µmol/L","Humid","18.917","deg","84875","µV","26.067","°C","1019.000","hPa","34.1","pmil","0","53.442","deg","23.711","°C","100.000","%a.s.","21.016","deg","23.307","°C","1019.000","hPa","0.861","-0.02617","0.00035","0","0","13.56","Humid","22.75","0","51.00","251553.89","SABD0000000001","AAV1.0.0.11","1.1.2.0","PSt7-10","170328-022","9/30/2017 7:09:10 PM","0000-00","0","no battery","V"
"11/03/2018","09:36:19","9","default","550496092","OXY_CH9","12.300","min","246.089","µmol/L","Humid","18.911","deg","84871","µV","26.069","°C","1019.000","hPa","34.1","pmil","0","53.442","deg","23.711","°C","100.000","%a.s.","21.016","deg","23.307","°C","1019.000","hPa","0.861","-0.02617","0.00035","0","0","13.56","Humid","22.75","0","51.00","251558.26","SABD0000000001","AAV1.0.0.11","1.1.2.0","PSt7-10","170328-022","9/30/2017 7:09:10 PM","0000-00","0","no battery","V"
"11/03/2018","09:36:20","9","default","550496092","OXY_CH9","12.316","min","246.199","µmol/L","Humid","18.907","deg","84867","µV","26.066","°C","1019.000","hPa","34.1","pmil","0","53.442","deg","23.711","°C","100.000","%a.s.","21.016","deg","23.307","°C","1019.000","hPa","0.861","-0.02617","0.00035","0","0","13.56","Humid","22.75","0","51.00","251538.60","SABD0000000001","AAV1.0.0.11","1.1.2.0","PSt7-10","170328-022","9/30/2017 7:09:10 PM","0000-00","0","no battery","V"
"11/03/2018","09:36:21","9","default","550496092","OXY_CH9","12.332","min","246.133","µmol/L","Humid","18.906","deg","84856","µV","26.079","°C","1019.000","hPa","34.1","pmil","0","53.442","deg","23.711","°C","100.000","%a.s.","21.016","deg","23.307","°C","1019.000","hPa","0.861","-0.02617","0.00035","0","0","13.56","Humid","22.75","0","51.00","251544.50","SABD0000000001","AAV1.0.0.11","1.1.2.0","PSt7-10","170328-022","9/30/2017 7:09:10 PM","0000-00","0","no battery","V"
"11/03/2018","09:36:22","9","default","550496092","OXY_CH9","12.349","min","246.163","µmol/L","Humid","18.906","deg","84857","µV","26.075","°C","1019.000","hPa","34.1","pmil","0","53.442","deg","23.711","°C","100.000","%a.s.","21.016","deg","23.307","°C","1019.000","hPa","0.861","-0.02617","0.00035","0","0","13.56","Humid","22.75","0","51.00","251549.34","SABD0000000001","AAV1.0.0.11","1.1.2.0","PSt7-10","170328-022","9/30/2017 7:09:10 PM","0000-00","0","no battery","V"
"11/03/2018","09:36:23","9","default","550496092","OXY_CH9","12.366","min","246.130","µmol/L","Humid","18.910","deg","84857","µV","26.066","°C","1019.000","hPa","34.1","pmil","0","53.442","deg","23.711","°C","100.000","%a.s.","21.016","deg","23.307","°C","1019.000","hPa","0.861","-0.02617","0.00035","0","0","13.56","Humid","22.75","0","51.00","251544.73","SABD0000000001","AAV1.0.0.11","1.1.2.0","PSt7-10","170328-022","9/30/2017 7:09:10 PM","0000-00","0","no battery","V"
"11/03/2018","09:36:24","9","default","550496092","OXY_CH9","12.382","min","246.312","µmol/L","Humid","18.903","deg","84847","µV","26.064","°C","1019.000","hPa","34.1","pmil","0","53.442","deg","23.711","°C","100.000","%a.s.","21.016","deg","23.307","°C","1019.000","hPa","0.861","-0.02617","0.00035","0","0","13.56","Humid","22.75","0","51.00","251535.06","SABD0000000001","AAV1.0.0.11","1.1.2.0","PSt7-10","170328-022","9/30/2017 7:09:10 PM","0000-00","0","no battery","V"
"11/03/2018","09:36:25","9","default","550496092","OXY_CH9","12.399","min","246.144","µmol/L","Humid","18.911","deg","84843","µV","26.061","°C","1019.000","hPa","34.1","pmil","0","53.442","deg","23.711","°C","100.000","%a.s.","21.016","deg","23.307","°C","1019.000","hPa","0.861","-0.02617","0.00035","0","0","13.56","Humid","22.75","0","51.00","251542.93","SABD0000000001","AAV1.0.0.11","1.1.2.0","PSt7-10","170328-022","9/30/2017 7:09:10 PM","0000-00","0","no battery","V"
"11/03/2018","09:36:26","9","default","550496092","OXY_CH9","12.416","min","246.222","µmol/L","Humid","18.905","deg","84844","µV","26.070","°C","1019.000","hPa","34.1","pmil","0","53.442","deg","23.711","°C","100.000","%a.s.","21.016","deg","23.307","°C","1019.000","hPa","0.861","-0.02617","0.00035","0","0","13.56","Humid","22.75","0","51.00","251531.61","SABD0000000001","AAV1.0.0.11","1.1.2.0","PSt7-10","170328-022","9/30/2017 7:09:10 PM","0000-00","0","no battery","V"
"11/03/2018","09:36:27","9","default","550496092","OXY_CH9","12.433","min","246.276","µmol/L","Humid","18.907","deg","84842","µV","26.056","°C","1019.000","hPa","34.1","pmil","0","53.442","deg","23.711","°C","100.000","%a.s.","21.016","deg","23.307","°C","1019.000","hPa","0.861","-0.02617","0.00035","0","0","13.56","Humid","22.75","0","51.00","251550.54","SABD0000000001","AAV1.0.0.11","1.1.2.0","PSt7-10","170328-022","9/30/2017 7:09:10 PM","0000-00","0","no battery","V"
"11/03/2018","09:36:28","9","default","550496092","OXY_CH9","12.450","min","246.382","µmol/L","Humid","18.904","deg","84841","µV","26.051","°C","1019.000","hPa","34.1","pmil","0","53.442","deg","23.711","°C","100.000","%a.s.","21.016","deg","23.307","°C","1019.000","hPa","0.861","-0.02617","0.00035","0","0","13.56","Humid","22.75","0","51.00","251541.73","SABD0000000001","AAV1.0.0.11","1.1.2.0","PSt7-10","170328-022","9/30/2017 7:09:10 PM","0000-00","0","no battery","V"
"11/03/2018","09:36:29","9","default","550496092","OXY_CH9","12.466","min","246.512","µmol/L","Humid","18.900","deg","84833","µV","26.046","°C","1019.000","hPa","34.1","pmil","0","53.442","deg","23.711","°C","100.000","%a.s.","21.016","deg","23.307","°C","1019.000","hPa","0.861","-0.02617","0.00035","0","0","13.56","Humid","22.75","0","51.00","251541.17","SABD0000000001","AAV1.0.0.11","1.1.2.0","PSt7-10","170328-022","9/30/2017 7:09:10 PM","0000-00","0","no battery","V"
"11/03/2018","09:36:30","9","default","550496092","OXY_CH9","12.482","min","246.170","µmol/L","Humid","18.905","deg","84834","µV","26.077","°C","1019.000","hPa","34.1","pmil","0","53.442","deg","23.711","°C","100.000","%a.s.","21.016","deg","23.307","°C","1019.000","hPa","0.861","-0.02617","0.00035","0","0","13.56","Humid","22.75","0","51.00","251531.81","SABD0000000001","AAV1.0.0.11","1.1.2.0","PSt7-10","170328-022","9/30/2017 7:09:10 PM","0000-00","0","no battery","V"
"11/03/2018","09:36:31","9","default","550496092","OXY_CH9","12.499","min","246.416","µmol/L","Humid","18.900","deg","84824","µV","26.059","°C","1019.000","hPa","34.1","pmil","0","53.442","deg","23.711","°C","100.000","%a.s.","21.016","deg","23.307","°C","1019.000","hPa","0.861","-0.02617","0.00035","0","0","13.56","Humid","22.75","0","51.00","251548.09","SABD0000000001","AAV1.0.0.11","1.1.2.0","PSt7-10","170328-022","9/30/2017 7:09:10 PM","0000-00","0","no battery","V"
"11/03/2018","09:36:32","9","default","550496092","OXY_CH9","12.516","min","246.187","µmol/L","Humid","18.904","deg","84821","µV","26.078","°C","1019.000","hPa","34.1","pmil","0","53.442","deg","23.711","°C","100.000","%a.s.","21.016","deg","23.307","°C","1019.000","hPa","0.861","-0.02617","0.00035","0","0","13.56","Humid","22.75","0","51.00","251536.54","SABD0000000001","AAV1.0.0.11","1.1.2.0","PSt7-10","170328-022","9/30/2017 7:09:10 PM","0000-00","0","no battery","V"
"11/03/2018","09:36:33","9","default","550496092","OXY_CH9","12.532","min","246.349","µmol/L","Humid","18.900","deg","84821","µV","26.069","°C","1019.000","hPa","34.1","pmil","0","53.442","deg","23.711","°C","100.000","%a.s.","21.016","deg","23.307","°C","1019.000","hPa","0.861","-0.02617","0.00035","0","0","13.56","Humid","22.75","0","51.00","251528.67","SABD0000000001","AAV1.0.0.11","1.1.2.0","PSt7-10","170328-022","9/30/2017 7:09:10 PM","0000-00","0","no battery","V"
"11/03/2018","09:36:34","9","default","550496092","OXY_CH9","12.549","min","246.284","µmol/L","Humid","18.904","deg","84814","µV","26.065","°C","1019.000","hPa","34.1","pmil","0","53.442","deg","23.711","°C","100.000","%a.s.","21.016","deg","23.307","°C","1019.000","hPa","0.861","-0.02617","0.00035","0","0","13.56","Humid","22.75","0","51.00","251527.96","SABD0000000001","AAV1.0.0.11","1.1.2.0","PSt7-10","170328-022","9/30/2017 7:09:10 PM","0000-00","0","no battery","V"
"11/03/2018","09:36:35","9","default","550496092","OXY_CH9","12.566","min","246.301","µmol/L","Humid","18.904","deg","84810","µV","26.062","°C","1019.000","hPa","34.1","pmil","0","53.442","deg","23.711","°C","100.000","%a.s.","21.016","deg","23.307","°C","1019.000","hPa","0.861","-0.02617","0.00035","0","0","13.56","Humid","22.75","0","51.00","251528.15","SABD0000000001","AAV1.0.0.11","1.1.2.0","PSt7-10","170328-022","9/30/2017 7:09:10 PM","0000-00","0","no battery","V"
"11/03/2018","09:36:36","9","default","550496092","OXY_CH9","12.583","min","246.239","µmol/L","Humid","18.900","deg","84799","µV","26.084","°C","1019.000","hPa","34.1","pmil","0","53.442","deg","23.711","°C","100.000","%a.s.","21.016","deg","23.307","°C","1019.000","hPa","0.861","-0.02617","0.00035","0","0","13.56","Humid","22.75","0","51.00","251532.26","SABD0000000001","AAV1.0.0.11","1.1.2.0","PSt7-10","170328-022","9/30/2017 7:09:10 PM","0000-00","0","no battery","V"
"11/03/2018","09:36:37","9","default","550496092","OXY_CH9","12.600","min","246.393","µmol/L","Humid","18.900","deg","84805","µV","26.063","°C","1019.000","hPa","34.1","pmil","0","53.442","deg","23.711","°C","100.000","%a.s.","21.016","deg","23.307","°C","1019.000","hPa","0.861","-0.02617","0.00035","0","0","13.56","Humid","22.75","0","51.00","251535.13","SABD0000000001","AAV1.0.0.11","1.1.2.0","PSt7-10","170328-022","9/30/2017 7:09:10 PM","0000-00","0","no battery","V"
"11/03/2018","09:36:38","9","default","550496092","OXY_CH9","12.616","min","246.436","µmol/L","Humid","18.899","deg","84803","µV","26.060","°C","1019.000","hPa","34.1","pmil","0","53.442","deg","23.711","°C","100.000","%a.s.","21.016","deg","23.307","°C","1019.000","hPa","0.861","-0.02617","0.00035","0","0","13.56","Humid","22.75","0","51.00","251529.12","SABD0000000001","AAV1.0.0.11","1.1.2.0","PSt7-10","170328-022","9/30/2017 7:09:10 PM","0000-00","0","no battery","V"
"11/03/2018","09:36:39","9","default","550496092","OXY_CH9","12.632","min","246.397","µmol/L","Humid","18.897","deg","84797","µV","26.072","°C","1019.000","hPa","34.1","pmil","0","53.442","deg","23.711","°C","100.000","%a.s.","21.016","deg","23.307","°C","1019.000","hPa","0.861","-0.02617","0.00035","0","0","13.56","Humid","22.75","0","51.00","251530.84","SABD0000000001","AAV1.0.0.11","1.1.2.0","PSt7-10","170328-022","9/30/2017 7:09:10 PM","0000-00","0","no battery","V"
"11/03/2018","09:36:40","9","default","550496092","OXY_CH9","12.649","min","246.312","µmol/L","Humid","18.901","deg","84787","µV","26.070","°C","1019.000","hPa","34.1","pmil","0","53.442","deg","23.711","°C","100.000","%a.s.","21.016","deg","23.307","°C","1019.000","hPa","0.861","-0.02617","0.00035","0","0","13.56","Humid","22.75","0","51.00","251526.73","SABD0000000001","AAV1.0.0.11","1.1.2.0","PSt7-10","170328-022","9/30/2017 7:09:10 PM","0000-00","0","no battery","V"
"11/03/2018","09:36:41","9","default","550496092","OXY_CH9","12.666","min","246.512","µmol/L","Humid","18.896","deg","84794","µV","26.059","°C","1019.000","hPa","34.1","pmil","0","53.442","deg","23.711","°C","100.000","%a.s.","21.016","deg","23.307","°C","1019.000","hPa","0.861","-0.02617","0.00035","0","0","13.56","Humid","22.75","0","51.00","251519.45","SABD0000000001","AAV1.0.0.11","1.1.2.0","PSt7-10","170328-022","9/30/2017 7:09:10 PM","0000-00","0","no battery","V"
"11/03/2018","09:36:42","9","default","550496092","OXY_CH9","12.683","min","246.461","µmol/L","Humid","18.894","deg","84788","µV","26.073","°C","1019.000","hPa","34.1","pmil","0","53.442","deg","23.711","°C","100.000","%a.s.","21.016","deg","23.307","°C","1019.000","hPa","0.861","-0.02617","0.00035","0","0","13.56","Humid","22.75","0","51.00","251515.24","SABD0000000001","AAV1.0.0.11","1.1.2.0","PSt7-10","170328-022","9/30/2017 7:09:10 PM","0000-00","0","no battery","V"
"11/03/2018","09:36:43","9","default","550496092","OXY_CH9","12.699","min","246.533","µmol/L","Humid","18.895","deg","84783","µV","26.060","°C","1019.000","hPa","34.1","pmil","0","53.442","deg","23.711","°C","100.000","%a.s.","21.016","deg","23.307","°C","1019.000","hPa","0.861","-0.02617","0.00035","0","0","13.56","Humid","22.75","0","51.00","251513.86","SABD0000000001","AAV1.0.0.11","1.1.2.0","PSt7-10","170328-022","9/30/2017 7:09:10 PM","0000-00","0","no battery","V"
"11/03/2018","09:36:44","9","default","550496092","OXY_CH9","12.716","min","246.488","µmol/L","Humid","18.896","deg","84780","µV","26.063","°C","1019.000","hPa","34.1","pmil","0","53.442","deg","23.711","°C","100.000","%a.s.","21.016","deg","23.307","°C","1019.000","hPa","0.861","-0.02617","0.00035","0","0","13.56","Humid","22.75","0","51.00","251521.96","SABD0000000001","AAV1.0.0.11","1.1.2.0","PSt7-10","170328-022","9/30/2017 7:09:10 PM","0000-00","0","no battery","V"
"11/03/2018","09:36:45","9","default","550496092","OXY_CH9","12.733","min","246.386","µmol/L","Humid","18.898","deg","84779","µV","26.070","°C","1019.000","hPa","34.1","pmil","0","53.442","deg","23.711","°C","100.000","%a.s.","21.016","deg","23.307","°C","1019.000","hPa","0.861","-0.02617","0.00035","0","0","13.56","Humid","22.75","0","51.00","251517.72","SABD0000000001","AAV1.0.0.11","1.1.2.0","PSt7-10","170328-022","9/30/2017 7:09:10 PM","0000-00","0","no battery","V"
"11/03/2018","09:36:46","9","default","550496092","OXY_CH9","12.749","min","246.488","µmol/L","Humid","18.894","deg","84770","µV","26.069","°C","1019.000","hPa","34.1","pmil","0","53.442","deg","23.711","°C","100.000","%a.s.","21.016","deg","23.307","°C","1019.000","hPa","0.861","-0.02617","0.00035","0","0","13.56","Humid","22.75","0","51.00","251508.13","SABD0000000001","AAV1.0.0.11","1.1.2.0","PSt7-10","170328-022","9/30/2017 7:09:10 PM","0000-00","0","no battery","V"
"11/03/2018","09:36:47","9","default","550496092","OXY_CH9","12.765","min","246.510","µmol/L","Humid","18.893","deg","84768","µV","26.069","°C","1019.000","hPa","34.1","pmil","0","53.442","deg","23.711","°C","100.000","%a.s.","21.016","deg","23.307","°C","1019.000","hPa","0.861","-0.02617","0.00035","0","0","13.56","Humid","22.75","0","51.00","251514.70","SABD0000000001","AAV1.0.0.11","1.1.2.0","PSt7-10","170328-022","9/30/2017 7:09:10 PM","0000-00","0","no battery","V"
"11/03/2018","09:36:48","9","default","550496092","OXY_CH9","12.782","min","246.498","µmol/L","Humid","18.895","deg","84773","µV","26.064","°C","1019.000","hPa","34.1","pmil","0","53.442","deg","23.711","°C","100.000","%a.s.","21.016","deg","23.307","°C","1019.000","hPa","0.861","-0.02617","0.00035","0","0","13.56","Humid","22.75","0","51.00","251515.29","SABD0000000001","AAV1.0.0.11","1.1.2.0","PSt7-10","170328-022","9/30/2017 7:09:10 PM","0000-00","0","no battery","V"
"11/03/2018","09:36:49","9","default","550496092","OXY_CH9","12.799","min","246.490","µmol/L","Humid","18.891","deg","84767","µV","26.078","°C","1019.000","hPa","34.1","pmil","0","53.442","deg","23.711","°C","100.000","%a.s.","21.016","deg","23.307","°C","1019.000","hPa","0.861","-0.02617","0.00035","0","0","13.56","Humid","22.75","0","51.00","251519.36","SABD0000000001","AAV1.0.0.11","1.1.2.0","PSt7-10","170328-022","9/30/2017 7:09:10 PM","0000-00","0","no battery","V"
"11/03/2018","09:36:50","9","default","550496092","OXY_CH9","12.816","min","246.520","µmol/L","Humid","18.890","deg","84771","µV","26.078","°C","1019.000","hPa","34.1","pmil","0","53.442","deg","23.711","°C","100.000","%a.s.","21.016","deg","23.307","°C","1019.000","hPa","0.861","-0.02617","0.00035","0","0","13.56","Humid","22.75","0","51.00","251515.94","SABD0000000001","AAV1.0.0.11","1.1.2.0","PSt7-10","170328-022","9/30/2017 7:09:10 PM","0000-00","0","no battery","V"
"11/03/2018","09:36:51","9","default","550496092","OXY_CH9","12.833","min","246.396","µmol/L","Humid","18.894","deg","84758","µV","26.082","°C","1019.000","hPa","34.1","pmil","0","53.442","deg","23.711","°C","100.000","%a.s.","21.016","deg","23.307","°C","1019.000","hPa","0.861","-0.02617","0.00035","0","0","13.56","Humid","22.75","0","51.00","251513.08","SABD0000000001","AAV1.0.0.11","1.1.2.0","PSt7-10","170328-022","9/30/2017 7:09:10 PM","0000-00","0","no battery","V"
"11/03/2018","09:36:52","9","default","550496092","OXY_CH9","12.849","min","246.537","µmol/L","Humid","18.889","deg","84758","µV","26.078","°C","1019.000","hPa","34.1","pmil","0","53.442","deg","23.711","°C","100.000","%a.s.","21.016","deg","23.307","°C","1019.000","hPa","0.861","-0.02617","0.00035","0","0","13.56","Humid","22.75","0","51.00","251505.40","SABD0000000001","AAV1.0.0.11","1.1.2.0","PSt7-10","170328-022","9/30/2017 7:09:10 PM","0000-00","0","no battery","V"
"11/03/2018","09:36:53","9","default","550496092","OXY_CH9","12.866","min","246.676","µmol/L","Humid","18.888","deg","84751","µV","26.063","°C","1019.000","hPa","34.1","pmil","0","53.442","deg","23.711","°C","100.000","%a.s.","21.016","deg","23.307","°C","1019.000","hPa","0.861","-0.02617","0.00035","0","0","13.56","Humid","22.75","0","51.00","251506.41","SABD0000000001","AAV1.0.0.11","1.1.2.0","PSt7-10","170328-022","9/30/2017 7:09:10 PM","0000-00","0","no battery","V"
"11/03/2018","09:36:54","9","default","550496092","OXY_CH9","12.883","min","246.557","µmol/L","Humid","18.887","deg","84753","µV","26.082","°C","1019.000","hPa","34.1","pmil","0","53.442","deg","23.711","°C","100.000","%a.s.","21.016","deg","23.307","°C","1019.000","hPa","0.861","-0.02617","0.00035","0","0","13.56","Humid","22.75","0","51.00","251505.81","SABD0000000001","AAV1.0.0.11","1.1.2.0","PSt7-10","170328-022","9/30/2017 7:09:10 PM","0000-00","0","no battery","V"
"11/03/2018","09:36:55","9","default","550496092","OXY_CH9","12.899","min","246.629","µmol/L","Humid","18.887","deg","84741","µV","26.072","°C","1019.000","hPa","34.1","pmil","0","53.442","deg","23.711","°C","100.000","%a.s.","21.016","deg","23.307","°C","1019.000","hPa","0.861","-0.02617","0.00035","0","0","13.56","Humid","22.75","0","51.00","251502.52","SABD0000000001","AAV1.0.0.11","1.1.2.0","PSt7-10","170328-022","9/30/2017 7:09:10 PM","0000-00","0","no battery","V"
"11/03/2018","09:36:56","9","default","550496092","OXY_CH9","12.915","min","246.736","µmol/L","Humid","18.883","deg","84731","µV","26.071","°C","1019.000","hPa","34.1","pmil","0","53.442","deg","23.711","°C","100.000","%a.s.","21.016","deg","23.307","°C","1019.000","hPa","0.861","-0.02617","0.00035","0","0","13.56","Humid","22.75","0","51.00","251495.47","SABD0000000001","AAV1.0.0.11","1.1.2.0","PSt7-10","170328-022","9/30/2017 7:09:10 PM","0000-00","0","no battery","V"
"11/03/2018","09:36:57","9","default","550496092","OXY_CH9","12.932","min","246.694","µmol/L","Humid","18.884","deg","84733","µV","26.073","°C","1019.000","hPa","34.1","pmil","0","53.442","deg","23.711","°C","100.000","%a.s.","21.016","deg","23.307","°C","1019.000","hPa","0.861","-0.02617","0.00035","0","0","13.56","Humid","22.75","0","51.00","251494.90","SABD0000000001","AAV1.0.0.11","1.1.2.0","PSt7-10","170328-022","9/30/2017 7:09:10 PM","0000-00","0","no battery","V"
"11/03/2018","09:36:58","9","default","550496092","OXY_CH9","12.949","min","246.829","µmol/L","Humid","18.882","deg","84735","µV","26.061","°C","1019.000","hPa","34.1","pmil","0","53.442","deg","23.711","°C","100.000","%a.s.","21.016","deg","23.307","°C","1019.000","hPa","0.861","-0.02617","0.00035","0","0","13.56","Humid","22.75","0","51.00","251502.50","SABD0000000001","AAV1.0.0.11","1.1.2.0","PSt7-10","170328-022","9/30/2017 7:09:10 PM","0000-00","0","no battery","V"
"11/03/2018","09:36:59","9","default","550496092","OXY_CH9","12.966","min","246.664","µmol/L","Humid","18.886","deg","84726","µV","26.071","°C","1019.000","hPa","34.1","pmil","0","53.442","deg","23.711","°C","100.000","%a.s.","21.016","deg","23.307","°C","1019.000","hPa","0.861","-0.02617","0.00035","0","0","13.56","Humid","22.75","0","51.00","251505.43","SABD0000000001","AAV1.0.0.11","1.1.2.0","PSt7-10","170328-022","9/30/2017 7:09:10 PM","0000-00","0","no battery","V"
"11/03/2018","09:37:00","9","default","550496092","OXY_CH9","12.982","min","246.581","µmol/L","Humid","18.887","deg","84729","µV","26.079","°C","1019.000","hPa","34.1","pmil","0","53.442","deg","23.711","°C","100.000","%a.s.","21.016","deg","23.307","°C","1019.000","hPa","0.861","-0.02617","0.00035","0","0","13.56","Humid","22.75","0","51.00","251498.63","SABD0000000001","AAV1.0.0.11","1.1.2.0","PSt7-10","170328-022","9/30/2017 7:09:10 PM","0000-00","0","no battery","V"
"11/03/2018","09:37:01","9","default","550496092","OXY_CH9","12.999","min","246.725","µmol/L","Humid","18.883","deg","84729","µV","26.072","°C","1019.000","hPa","34.1","pmil","0","53.442","deg","23.711","°C","100.000","%a.s.","21.016","deg","23.307","°C","1019.000","hPa","0.861","-0.02617","0.00035","0","0","13.56","Humid","22.75","0","51.00","251504.00","SABD0000000001","AAV1.0.0.11","1.1.2.0","PSt7-10","170328-022","9/30/2017 7:09:10 PM","0000-00","0","no battery","V"
"11/03/2018","09:37:02","9","default","550496092","OXY_CH9","13.016","min","246.761","µmol/L","Humid","18.882","deg","84718","µV","26.070","°C","1019.000","hPa","34.1","pmil","0","53.442","deg","23.711","°C","100.000","%a.s.","21.016","deg","23.307","°C","1019.000","hPa","0.861","-0.02617","0.00035","0","0","13.56","Humid","22.75","0","51.00","251509.68","SABD0000000001","AAV1.0.0.11","1.1.2.0","PSt7-10","170328-022","9/30/2017 7:09:10 PM","0000-00","0","no battery","V"
"11/03/2018","09:37:03","9","default","550496092","OXY_CH9","13.033","min","246.776","µmol/L","Humid","18.883","deg","84716","µV","26.065","°C","1019.000","hPa","34.1","pmil","0","53.442","deg","23.711","°C","100.000","%a.s.","21.016","deg","23.307","°C","1019.000","hPa","0.861","-0.02617","0.00035","0","0","13.56","Humid","22.75","0","51.00","251503.67","SABD0000000001","AAV1.0.0.11","1.1.2.0","PSt7-10","170328-022","9/30/2017 7:09:10 PM","0000-00","0","no battery","V"
"11/03/2018","09:37:04","9","default","550496092","OXY_CH9","13.049","min","246.747","µmol/L","Humid","18.883","deg","84700","µV","26.069","°C","1019.000","hPa","34.1","pmil","0","53.442","deg","23.711","°C","100.000","%a.s.","21.016","deg","23.307","°C","1019.000","hPa","0.861","-0.02617","0.00035","0","0","13.56","Humid","22.75","0","51.00","251483.58","SABD0000000001","AAV1.0.0.11","1.1.2.0","PSt7-10","170328-022","9/30/2017 7:09:10 PM","0000-00","0","no battery","V"
"11/03/2018","09:37:05","9","default","550496092","OXY_CH9","13.065","min","246.730","µmol/L","Humid","18.883","deg","84696","µV","26.071","°C","1019.000","hPa","34.1","pmil","0","53.442","deg","23.711","°C","100.000","%a.s.","21.016","deg","23.307","°C","1019.000","hPa","0.861","-0.02617","0.00035","0","0","13.56","Humid","22.75","0","51.00","251490.87","SABD0000000001","AAV1.0.0.11","1.1.2.0","PSt7-10","170328-022","9/30/2017 7:09:10 PM","0000-00","0","no battery","V"
"11/03/2018","09:37:06","9","default","550496092","OXY_CH9","13.082","min","246.942","µmol/L","Humid","18.876","deg","84699","µV","26.065","°C","1019.000","hPa","34.1","pmil","0","53.442","deg","23.711","°C","100.000","%a.s.","21.016","deg","23.307","°C","1019.000","hPa","0.861","-0.02617","0.00035","0","0","13.56","Humid","22.75","0","51.00","251487.69","SABD0000000001","AAV1.0.0.11","1.1.2.0","PSt7-10","170328-022","9/30/2017 7:09:10 PM","0000-00","0","no battery","V"
"11/03/2018","09:37:07","9","default","550496092","OXY_CH9","13.099","min","246.804","µmol/L","Humid","18.882","deg","84701","µV","26.065","°C","1019.000","hPa","34.1","pmil","0","53.442","deg","23.711","°C","100.000","%a.s.","21.016","deg","23.307","°C","1019.000","hPa","0.861","-0.02617","0.00035","0","0","13.56","Humid","22.75","0","51.00","251489.94","SABD0000000001","AAV1.0.0.11","1.1.2.0","PSt7-10","170328-022","9/30/2017 7:09:10 PM","0000-00","0","no battery","V"
"11/03/2018","09:37:08","9","default","550496092","OXY_CH9","13.116","min","246.806","µmol/L","Humid","18.880","deg","84695","µV","26.071","°C","1019.000","hPa","34.1","pmil","0","53.442","deg","23.711","°C","100.000","%a.s.","21.016","deg","23.307","°C","1019.000","hPa","0.861","-0.02617","0.00035","0","0","13.56","Humid","22.75","0","51.00","251492.54","SABD0000000001","AAV1.0.0.11","1.1.2.0","PSt7-10","170328-022","9/30/2017 7:09:10 PM","0000-00","0","no battery","V"
"11/03/2018","09:37:09","9","default","550496092","OXY_CH9","13.132","min","246.864","µmol/L","Humid","18.876","deg","84692","µV","26.076","°C","1019.000","hPa","34.1","pmil","0","53.442","deg","23.711","°C","100.000","%a.s.","21.016","deg","23.307","°C","1019.000","hPa","0.861","-0.02617","0.00035","0","0","13.56","Humid","22.75","0","51.00","251494.43","SABD0000000001","AAV1.0.0.11","1.1.2.0","PSt7-10","170328-022","9/30/2017 7:09:10 PM","0000-00","0","no battery","V"
"11/03/2018","09:37:10","9","default","550496092","OXY_CH9","13.149","min","246.751","µmol/L","Humid","18.878","deg","84695","µV","26.085","°C","1019.000","hPa","34.1","pmil","0","53.442","deg","23.711","°C","100.000","%a.s.","21.016","deg","23.307","°C","1019.000","hPa","0.861","-0.02617","0.00035","0","0","13.56","Humid","22.75","0","51.00","251497.94","SABD0000000001","AAV1.0.0.11","1.1.2.0","PSt7-10","170328-022","9/30/2017 7:09:10 PM","0000-00","0","no battery","V"
"11/03/2018","09:37:11","9","default","550496092","OXY_CH9","13.166","min","246.791","µmol/L","Humid","18.877","deg","84691","µV","26.083","°C","1019.000","hPa","34.1","pmil","0","53.442","deg","23.711","°C","100.000","%a.s.","21.016","deg","23.307","°C","1019.000","hPa","0.861","-0.02617","0.00035","0","0","13.56","Humid","22.75","0","51.00","251491.22","SABD0000000001","AAV1.0.0.11","1.1.2.0","PSt7-10","170328-022","9/30/2017 7:09:10 PM","0000-00","0","no battery","V"
"11/03/2018","09:37:12","9","default","550496092","OXY_CH9","13.183","min","246.805","µmol/L","Humid","18.876","deg","84686","µV","26.084","°C","1019.000","hPa","34.1","pmil","0","53.442","deg","23.711","°C","100.000","%a.s.","21.016","deg","23.307","°C","1019.000","hPa","0.861","-0.02617","0.00035","0","0","13.56","Humid","22.75","0","51.00","251488.05","SABD0000000001","AAV1.0.0.11","1.1.2.0","PSt7-10","170328-022","9/30/2017 7:09:10 PM","0000-00","0","no battery","V"
"11/03/2018","09:37:13","9","default","550496092","OXY_CH9","13.199","min","246.783","µmol/L","Humid","18.878","deg","84679","µV","26.080","°C","1019.000","hPa","34.1","pmil","0","53.442","deg","23.711","°C","100.000","%a.s.","21.016","deg","23.307","°C","1019.000","hPa","0.861","-0.02617","0.00035","0","0","13.56","Humid","22.75","0","51.00","251480.26","SABD0000000001","AAV1.0.0.11","1.1.2.0","PSt7-10","170328-022","9/30/2017 7:09:10 PM","0000-00","0","no battery","V"
"11/03/2018","09:37:14","9","default","550496092","OXY_CH9","13.215","min","246.881","µmol/L","Humid","18.877","deg","84681","µV","26.070","°C","1019.000","hPa","34.1","pmil","0","53.442","deg","23.711","°C","100.000","%a.s.","21.016","deg","23.307","°C","1019.000","hPa","0.861","-0.02617","0.00035","0","0","13.56","Humid","22.75","0","51.00","251486.00","SABD0000000001","AAV1.0.0.11","1.1.2.0","PSt7-10","170328-022","9/30/2017 7:09:10 PM","0000-00","0","no battery","V"
"11/03/2018","09:37:15","9","default","550496092","OXY_CH9","13.232","min","246.799","µmol/L","Humid","18.881","deg","84677","µV","26.068","°C","1019.000","hPa","34.1","pmil","0","53.442","deg","23.711","°C","100.000","%a.s.","21.016","deg","23.307","°C","1019.000","hPa","0.861","-0.02617","0.00035","0","0","13.56","Humid","22.75","0","51.00","251481.71","SABD0000000001","AAV1.0.0.11","1.1.2.0","PSt7-10","170328-022","9/30/2017 7:09:10 PM","0000-00","0","no battery","V"
"11/03/2018","09:37:16","9","default","550496092","OXY_CH9","13.249","min","246.869","µmol/L","Humid","18.876","deg","84665","µV","26.075","°C","1019.000","hPa","34.1","pmil","0","53.442","deg","23.711","°C","100.000","%a.s.","21.016","deg","23.307","°C","1019.000","hPa","0.861","-0.02617","0.00035","0","0","13.56","Humid","22.75","0","51.00","251487.35","SABD0000000001","AAV1.0.0.11","1.1.2.0","PSt7-10","170328-022","9/30/2017 7:09:10 PM","0000-00","0","no battery","V"
"11/03/2018","09:37:17","9","default","550496092","OXY_CH9","13.266","min","246.953","µmol/L","Humid","18.875","deg","84663","µV","26.067","°C","1019.000","hPa","34.1","pmil","0","53.442","deg","23.711","°C","100.000","%a.s.","21.016","deg","23.307","°C","1019.000","hPa","0.861","-0.02617","0.00035","0","0","13.56","Humid","22.75","0","51.00","251481.74","SABD0000000001","AAV1.0.0.11","1.1.2.0","PSt7-10","170328-022","9/30/2017 7:09:10 PM","0000-00","0","no battery","V"
"11/03/2018","09:37:18","9","default","550496092","OXY_CH9","13.283","min","246.925","µmol/L","Humid","18.874","deg","84656","µV","26.074","°C","1019.000","hPa","34.1","pmil","0","53.442","deg","23.711","°C","100.000","%a.s.","21.016","deg","23.307","°C","1019.000","hPa","0.861","-0.02617","0.00035","0","0","13.56","Humid","22.75","0","51.00","251479.57","SABD0000000001","AAV1.0.0.11","1.1.2.0","PSt7-10","170328-022","9/30/2017 7:09:10 PM","0000-00","0","no battery","V"
"11/03/2018","09:37:19","9","default","550496092","OXY_CH9","13.299","min","246.848","µmol/L","Humid","18.876","deg","84656","µV","26.078","°C","1019.000","hPa","34.1","pmil","0","53.442","deg","23.711","°C","100.000","%a.s.","21.016","deg","23.307","°C","1019.000","hPa","0.861","-0.02617","0.00035","0","0","13.56","Humid","22.75","0","51.00","251480.13","SABD0000000001","AAV1.0.0.11","1.1.2.0","PSt7-10","170328-022","9/30/2017 7:09:10 PM","0000-00","0","no battery","V"
"11/03/2018","09:37:20","9","default","550496092","OXY_CH9","13.316","min","246.983","µmol/L","Humid","18.875","deg","84650","µV","26.063","°C","1019.000","hPa","34.1","pmil","0","53.442","deg","23.711","°C","100.000","%a.s.","21.016","deg","23.307","°C","1019.000","hPa","0.861","-0.02617","0.00035","0","0","13.56","Humid","22.75","0","51.00","251478.75","SABD0000000001","AAV1.0.0.11","1.1.2.0","PSt7-10","170328-022","9/30/2017 7:09:10 PM","0000-00","0","no battery","V"
"11/03/2018","09:37:21","9","default","550496092","OXY_CH9","13.333","min","246.958","µmol/L","Humid","18.874","deg","84651","µV","26.069","°C","1019.000","hPa","34.1","pmil","0","53.442","deg","23.711","°C","100.000","%a.s.","21.016","deg","23.307","°C","1019.000","hPa","0.861","-0.02617","0.00035","0","0","13.56","Humid","22.75","0","51.00","251474.35","SABD0000000001","AAV1.0.0.11","1.1.2.0","PSt7-10","170328-022","9/30/2017 7:09:10 PM","0000-00","0","no battery","V"
"11/03/2018","09:37:22","9","default","550496092","OXY_CH9","13.349","min","246.967","µmol/L","Humid","18.871","deg","84641","µV","26.078","°C","1019.000","hPa","34.1","pmil","0","53.442","deg","23.711","°C","100.000","%a.s.","21.016","deg","23.307","°C","1019.000","hPa","0.861","-0.02617","0.00035","0","0","13.56","Humid","22.75","0","51.00","251472.98","SABD0000000001","AAV1.0.0.11","1.1.2.0","PSt7-10","170328-022","9/30/2017 7:09:10 PM","0000-00","0","no battery","V"
"11/03/2018","09:37:23","9","default","550496092","OXY_CH9","13.365","min","247.104","µmol/L","Humid","18.869","deg","84635","µV","26.066","°C","1019.000","hPa","34.1","pmil","0","53.442","deg","23.711","°C","100.000","%a.s.","21.016","deg","23.307","°C","1019.000","hPa","0.861","-0.02617","0.00035","0","0","13.56","Humid","22.75","0","51.00","251468.72","SABD0000000001","AAV1.0.0.11","1.1.2.0","PSt7-10","170328-022","9/30/2017 7:09:10 PM","0000-00","0","no battery","V"
"11/03/2018","09:37:24","9","default","550496092","OXY_CH9","13.382","min","247.068","µmol/L","Humid","18.870","deg","84640","µV","26.067","°C","1019.000","hPa","34.1","pmil","0","53.442","deg","23.711","°C","100.000","%a.s.","21.016","deg","23.307","°C","1019.000","hPa","0.861","-0.02617","0.00035","0","0","13.56","Humid","22.75","0","51.00","251462.09","SABD0000000001","AAV1.0.0.11","1.1.2.0","PSt7-10","170328-022","9/30/2017 7:09:10 PM","0000-00","0","no battery","V"
"11/03/2018","09:37:25","9","default","550496092","OXY_CH9","13.399","min","247.195","µmol/L","Humid","18.867","deg","84629","µV","26.060","°C","1019.000","hPa","34.1","pmil","0","53.442","deg","23.711","°C","100.000","%a.s.","21.016","deg","23.307","°C","1019.000","hPa","0.861","-0.02617","0.00035","0","0","13.56","Humid","22.75","0","51.00","251469.01","SABD0000000001","AAV1.0.0.11","1.1.2.0","PSt7-10","170328-022","9/30/2017 7:09:10 PM","0000-00","0","no battery","V"
"11/03/2018","09:37:26","9","default","550496092","OXY_CH9","13.416","min","246.989","µmol/L","Humid","18.873","deg","84633","µV","26.068","°C","1019.000","hPa","34.1","pmil","0","53.442","deg","23.711","°C","100.000","%a.s.","21.016","deg","23.307","°C","1019.000","hPa","0.861","-0.02617","0.00035","0","0","13.56","Humid","22.75","0","51.00","251469.64","SABD0000000001","AAV1.0.0.11","1.1.2.0","PSt7-10","170328-022","9/30/2017 7:09:10 PM","0000-00","0","no battery","V"
"11/03/2018","09:37:27","9","default","550496092","OXY_CH9","13.432","min","246.880","µmol/L","Humid","18.876","deg","84622","µV","26.074","°C","1019.000","hPa","34.1","pmil","0","53.442","deg","23.711","°C","100.000","%a.s.","21.016","deg","23.307","°C","1019.000","hPa","0.861","-0.02617","0.00035","0","0","13.56","Humid","22.75","0","51.00","251446.08","SABD0000000001","AAV1.0.0.11","1.1.2.0","PSt7-10","170328-022","9/30/2017 7:09:10 PM","0000-00","0","no battery","V"
"11/03/2018","09:37:28","9","default","550496092","OXY_CH9","13.449","min","246.924","µmol/L","Humid","18.870","deg","84626","µV","26.087","°C","1019.000","hPa","34.1","pmil","0","53.442","deg","23.711","°C","100.000","%a.s.","21.016","deg","23.307","°C","1019.000","hPa","0.861","-0.02617","0.00035","0","0","13.56","Humid","22.75","0","51.00","251456.32","SABD0000000001","AAV1.0.0.11","1.1.2.0","PSt7-10","170328-022","9/30/2017 7:09:10 PM","0000-00","0","no battery","V"
"11/03/2018","09:37:29","9","default","550496092","OXY_CH9","13.466","min","246.925","µmol/L","Humid","18.872","deg","84623","µV","26.080","°C","1019.000","hPa","34.1","pmil","0","53.442","deg","23.711","°C","100.000","%a.s.","21.016","deg","23.307","°C","1019.000","hPa","0.861","-0.02617","0.00035","0","0","13.56","Humid","22.75","0","51.00","251454.21","SABD0000000001","AAV1.0.0.11","1.1.2.0","PSt7-10","170328-022","9/30/2017 7:09:10 PM","0000-00","0","no battery","V"
"11/03/2018","09:37:30","9","default","550496092","OXY_CH9","13.483","min","247.165","µmol/L","Humid","18.866","deg","84616","µV","26.067","°C","1019.000","hPa","34.1","pmil","0","53.442","deg","23.711","°C","100.000","%a.s.","21.016","deg","23.307","°C","1019.000","hPa","0.861","-0.02617","0.00035","0","0","13.56","Humid","22.75","0","51.00","251451.41","SABD0000000001","AAV1.0.0.11","1.1.2.0","PSt7-10","170328-022","9/30/2017 7:09:10 PM","0000-00","0","no battery","V"
"11/03/2018","09:37:31","9","default","550496092","OXY_CH9","13.499","min","247.084","µmol/L","Humid","18.864","deg","84620","µV","26.085","°C","1019.000","hPa","34.1","pmil","0","53.442","deg","23.711","°C","100.000","%a.s.","21.016","deg","23.307","°C","1019.000","hPa","0.861","-0.02617","0.00035","0","0","13.56","Humid","22.75","0","51.00","251449.55","SABD0000000001","AAV1.0.0.11","1.1.2.0","PSt7-10","170328-022","9/30/2017 7:09:10 PM","0000-00","0","no battery","V"
"11/03/2018","09:37:32","9","default","550496092","OXY_CH9","13.516","min","247.062","µmol/L","Humid","18.867","deg","84606","µV","26.078","°C","1019.000","hPa","34.1","pmil","0","53.442","deg","23.711","°C","100.000","%a.s.","21.016","deg","23.307","°C","1019.000","hPa","0.861","-0.02617","0.00035","0","0","13.56","Humid","22.75","0","51.00","251460.51","SABD0000000001","AAV1.0.0.11","1.1.2.0","PSt7-10","170328-022","9/30/2017 7:09:10 PM","0000-00","0","no battery","V"
"11/03/2018","09:37:33","9","default","550496092","OXY_CH9","13.532","min","247.078","µmol/L","Humid","18.866","deg","84600","µV","26.079","°C","1019.000","hPa","34.1","pmil","0","53.442","deg","23.711","°C","100.000","%a.s.","21.016","deg","23.307","°C","1019.000","hPa","0.861","-0.02617","0.00035","0","0","13.56","Humid","22.75","0","51.00","251454.91","SABD0000000001","AAV1.0.0.11","1.1.2.0","PSt7-10","170328-022","9/30/2017 7:09:10 PM","0000-00","0","no battery","V"
"11/03/2018","09:37:34","9","default","550496092","OXY_CH9","13.549","min","247.148","µmol/L","Humid","18.867","deg","84606","µV","26.066","°C","1019.000","hPa","34.1","pmil","0","53.442","deg","23.711","°C","100.000","%a.s.","21.016","deg","23.307","°C","1019.000","hPa","0.861","-0.02617","0.00035","0","0","13.56","Humid","22.75","0","51.00","251446.02","SABD0000000001","AAV1.0.0.11","1.1.2.0","PSt7-10","170328-022","9/30/2017 7:09:10 PM","0000-00","0","no battery","V"
"11/03/2018","09:37:35","9","default","550496092","OXY_CH9","13.566","min","247.127","µmol/L","Humid","18.864","deg","84607","µV","26.079","°C","1019.000","hPa","34.1","pmil","0","53.442","deg","23.711","°C","100.000","%a.s.","21.016","deg","23.307","°C","1019.000","hPa","0.861","-0.02617","0.00035","0","0","13.56","Humid","22.75","0","51.00","251453.09","SABD0000000001","AAV1.0.0.11","1.1.2.0","PSt7-10","170328-022","9/30/2017 7:09:10 PM","0000-00","0","no battery","V"
"11/03/2018","09:37:36","9","default","550496092","OXY_CH9","13.582","min","247.244","µmol/L","Humid","18.862","deg","84596","µV","26.069","°C","1019.000","hPa","34.1","pmil","0","53.442","deg","23.711","°C","100.000","%a.s.","21.016","deg","23.307","°C","1019.000","hPa","0.861","-0.02617","0.00035","0","0","13.56","Humid","22.75","0","51.00","251445.90","SABD0000000001","AAV1.0.0.11","1.1.2.0","PSt7-10","170328-022","9/30/2017 7:09:10 PM","0000-00","0","no battery","V"
"11/03/2018","09:37:37","9","default","550496092","OXY_CH9","13.599","min","247.238","µmol/L","Humid","18.860","deg","84598","µV","26.076","°C","1019.000","hPa","34.1","pmil","0","53.442","deg","23.711","°C","100.000","%a.s.","21.016","deg","23.307","°C","1019.000","hPa","0.861","-0.02617","0.00035","0","0","13.56","Humid","22.75","0","51.00","251442.98","SABD0000000001","AAV1.0.0.11","1.1.2.0","PSt7-10","170328-022","9/30/2017 7:09:10 PM","0000-00","0","no battery","V"
"11/03/2018","09:37:38","9","default","550496092","OXY_CH9","13.616","min","247.067","µmol/L","Humid","18.865","deg","84589","µV","26.084","°C","1019.000","hPa","34.1","pmil","0","53.442","deg","23.711","°C","100.000","%a.s.","21.016","deg","23.307","°C","1019.000","hPa","0.861","-0.02617","0.00035","0","0","13.56","Humid","22.75","0","51.00","251450.50","SABD0000000001","AAV1.0.0.11","1.1.2.0","PSt7-10","170328-022","9/30/2017 7:09:10 PM","0000-00","0","no battery","V"
"11/03/2018","09:37:39","9","default","550496092","OXY_CH9","13.633","min","247.204","µmol/L","Humid","18.862","deg","84589","µV","26.075","°C","1019.000","hPa","34.1","pmil","0","53.442","deg","23.711","°C","100.000","%a.s.","21.016","deg","23.307","°C","1019.000","hPa","0.861","-0.02617","0.00035","0","0","13.56","Humid","22.75","0","51.00","251445.47","SABD0000000001","AAV1.0.0.11","1.1.2.0","PSt7-10","170328-022","9/30/2017 7:09:10 PM","0000-00","0","no battery","V"
"11/03/2018","09:37:40","9","default","550496092","OXY_CH9","13.649","min","247.177","µmol/L","Humid","18.862","deg","84577","µV","26.078","°C","1019.000","hPa","34.1","pmil","0","53.442","deg","23.711","°C","100.000","%a.s.","21.016","deg","23.307","°C","1019.000","hPa","0.861","-0.02617","0.00035","0","0","13.56","Humid","22.75","0","51.00","251449.58","SABD0000000001","AAV1.0.0.11","1.1.2.0","PSt7-10","170328-022","9/30/2017 7:09:10 PM","0000-00","0","no battery","V"
"11/03/2018","09:37:41","9","default","550496092","OXY_CH9","13.666","min","247.100","µmol/L","Humid","18.865","deg","84585","µV","26.079","°C","1019.000","hPa","34.1","pmil","0","53.442","deg","23.711","°C","100.000","%a.s.","21.016","deg","23.307","°C","1019.000","hPa","0.861","-0.02617","0.00035","0","0","13.56","Humid","22.75","0","51.00","251453.19","SABD0000000001","AAV1.0.0.11","1.1.2.0","PSt7-10","170328-022","9/30/2017 7:09:10 PM","0000-00","0","no battery","V"
"11/03/2018","09:37:42","9","default","550496092","OXY_CH9","13.683","min","247.303","µmol/L","Humid","18.861","deg","84576","µV","26.064","°C","1019.000","hPa","34.1","pmil","0","53.442","deg","23.711","°C","100.000","%a.s.","21.016","deg","23.307","°C","1019.000","hPa","0.861","-0.02617","0.00035","0","0","13.56","Humid","22.75","0","51.00","251446.98","SABD0000000001","AAV1.0.0.11","1.1.2.0","PSt7-10","170328-022","9/30/2017 7:09:10 PM","0000-00","0","no battery","V"
"11/03/2018","09:37:43","9","default","550496092","OXY_CH9","13.699","min","247.140","µmol/L","Humid","18.863","deg","84577","µV","26.080","°C","1019.000","hPa","34.1","pmil","0","53.442","deg","23.711","°C","100.000","%a.s.","21.016","deg","23.307","°C","1019.000","hPa","0.861","-0.02617","0.00035","0","0","13.56","Humid","22.75","0","51.00","251452.48","SABD0000000001","AAV1.0.0.11","1.1.2.0","PSt7-10","170328-022","9/30/2017 7:09:10 PM","0000-00","0","no battery","V"
"11/03/2018","09:37:44","9","default","550496092","OXY_CH9","13.715","min","247.381","µmol/L","Humid","18.857","deg","84573","µV","26.067","°C","1019.000","hPa","34.1","pmil","0","53.442","deg","23.711","°C","100.000","%a.s.","21.016","deg","23.307","°C","1019.000","hPa","0.861","-0.02617","0.00035","0","0","13.56","Humid","22.75","0","51.00","251444.28","SABD0000000001","AAV1.0.0.11","1.1.2.0","PSt7-10","170328-022","9/30/2017 7:09:10 PM","0000-00","0","no battery","V"
"11/03/2018","09:37:45","9","default","550496092","OXY_CH9","13.732","min","247.348","µmol/L","Humid","18.857","deg","84569","µV","26.071","°C","1019.000","hPa","34.1","pmil","0","53.442","deg","23.711","°C","100.000","%a.s.","21.016","deg","23.307","°C","1019.000","hPa","0.861","-0.02617","0.00035","0","0","13.56","Humid","22.75","0","51.00","251437.19","SABD0000000001","AAV1.0.0.11","1.1.2.0","PSt7-10","170328-022","9/30/2017 7:09:10 PM","0000-00","0","no battery","V"
"11/03/2018","09:37:46","9","default","550496092","OXY_CH9","13.749","min","247.140","µmol/L","Humid","18.860","deg","84559","µV","26.090","°C","1019.000","hPa","34.1","pmil","0","53.442","deg","23.711","°C","100.000","%a.s.","21.016","deg","23.307","°C","1019.000","hPa","0.861","-0.02617","0.00035","0","0","13.56","Humid","22.75","0","51.00","251428.36","SABD0000000001","AAV1.0.0.11","1.1.2.0","PSt7-10","170328-022","9/30/2017 7:09:10 PM","0000-00","0","no battery","V"
"11/03/2018","09:37:47","9","default","550496092","OXY_CH9","13.766","min","247.163","µmol/L","Humid","18.858","deg","84561","µV","26.093","°C","1019.000","hPa","34.1","pmil","0","53.442","deg","23.711","°C","100.000","%a.s.","21.016","deg","23.307","°C","1019.000","hPa","0.861","-0.02617","0.00035","0","0","13.56","Humid","22.75","0","51.00","251434.43","SABD0000000001","AAV1.0.0.11","1.1.2.0","PSt7-10","170328-022","9/30/2017 7:09:10 PM","0000-00","0","no battery","V"
"11/03/2018","09:37:48","9","default","550496092","OXY_CH9","13.783","min","247.200","µmol/L","Humid","18.857","deg","84559","µV","26.091","°C","1019.000","hPa","34.1","pmil","0","53.442","deg","23.711","°C","100.000","%a.s.","21.016","deg","23.307","°C","1019.000","hPa","0.861","-0.02617","0.00035","0","0","13.56","Humid","22.75","0","51.00","251447.27","SABD0000000001","AAV1.0.0.11","1.1.2.0","PSt7-10","170328-022","9/30/2017 7:09:10 PM","0000-00","0","no battery","V"
"11/03/2018","09:37:49","9","default","550496092","OXY_CH9","13.799","min","247.381","µmol/L","Humid","18.855","deg","84553","µV","26.073","°C","1019.000","hPa","34.1","pmil","0","53.442","deg","23.711","°C","100.000","%a.s.","21.016","deg","23.307","°C","1019.000","hPa","0.861","-0.02617","0.00035","0","0","13.56","Humid","22.75","0","51.00","251436.67","SABD0000000001","AAV1.0.0.11","1.1.2.0","PSt7-10","170328-022","9/30/2017 7:09:10 PM","0000-00","0","no battery","V"
"11/03/2018","09:37:50","9","default","550496092","OXY_CH9","13.816","min","247.327","µmol/L","Humid","18.854","deg","84552","µV","26.084","°C","1019.000","hPa","34.1","pmil","0","53.442","deg","23.711","°C","100.000","%a.s.","21.016","deg","23.307","°C","1019.000","hPa","0.861","-0.02617","0.00035","0","0","13.56","Humid","22.75","0","51.00","251436.47","SABD0000000001","AAV1.0.0.11","1.1.2.0","PSt7-10","170328-022","9/30/2017 7:09:10 PM","0000-00","0","no battery","V"
"11/03/2018","09:37:51","9","default","550496092","OXY_CH9","13.833","min","247.299","µmol/L","Humid","18.858","deg","84543","µV","26.075","°C","1019.000","hPa","34.1","pmil","0","53.442","deg","23.711","°C","100.000","%a.s.","21.016","deg","23.307","°C","1019.000","hPa","0.861","-0.02617","0.00035","0","0","13.56","Humid","22.75","0","51.00","251437.99","SABD0000000001","AAV1.0.0.11","1.1.2.0","PSt7-10","170328-022","9/30/2017 7:09:10 PM","0000-00","0","no battery","V"
"11/03/2018","09:37:52","9","default","550496092","OXY_CH9","13.849","min","247.477","µmol/L","Humid","18.850","deg","84549","µV","26.076","°C","1019.000","hPa","34.1","pmil","0","53.442","deg","23.711","°C","100.000","%a.s.","21.016","deg","23.307","°C","1019.000","hPa","0.861","-0.02617","0.00035","0","0","13.56","Humid","22.75","0","51.00","251447.51","SABD0000000001","AAV1.0.0.11","1.1.2.0","PSt7-10","170328-022","9/30/2017 7:09:10 PM","0000-00","0","no battery","V"
"11/03/2018","09:37:53","9","default","550496092","OXY_CH9","13.865","min","247.386","µmol/L","Humid","18.853","deg","84541","µV","26.079","°C","1019.000","hPa","34.1","pmil","0","53.442","deg","23.711","°C","100.000","%a.s.","21.016","deg","23.307","°C","1019.000","hPa","0.861","-0.02617","0.00035","0","0","13.56","Humid","22.75","0","51.00","251428.93","SABD0000000001","AAV1.0.0.11","1.1.2.0","PSt7-10","170328-022","9/30/2017 7:09:10 PM","0000-00","0","no battery","V"
"11/03/2018","09:37:54","9","default","550496092","OXY_CH9","13.882","min","247.424","µmol/L","Humid","18.852","deg","84543","µV","26.077","°C","1019.000","hPa","34.1","pmil","0","53.442","deg","23.711","°C","100.000","%a.s.","21.016","deg","23.307","°C","1019.000","hPa","0.861","-0.02617","0.00035","0","0","13.56","Humid","22.75","0","51.00","251436.65","SABD0000000001","AAV1.0.0.11","1.1.2.0","PSt7-10","170328-022","9/30/2017 7:09:10 PM","0000-00","0","no battery","V"
"11/03/2018","09:37:55","9","default","550496092","OXY_CH9","13.899","min","247.562","µmol/L","Humid","18.848","deg","84537","µV","26.071","°C","1019.000","hPa","34.1","pmil","0","53.442","deg","23.711","°C","100.000","%a.s.","21.016","deg","23.307","°C","1019.000","hPa","0.861","-0.02617","0.00035","0","0","13.56","Humid","22.75","0","51.00","251435.21","SABD0000000001","AAV1.0.0.11","1.1.2.0","PSt7-10","170328-022","9/30/2017 7:09:10 PM","0000-00","0","no battery","V"
"11/03/2018","09:37:56","9","default","550496092","OXY_CH9","13.916","min","247.435","µmol/L","Humid","18.849","deg","84527","µV","26.085","°C","1019.000","hPa","34.1","pmil","0","53.442","deg","23.711","°C","100.000","%a.s.","21.016","deg","23.307","°C","1019.000","hPa","0.861","-0.02617","0.00035","0","0","13.56","Humid","22.75","0","51.00","251425.23","SABD0000000001","AAV1.0.0.11","1.1.2.0","PSt7-10","170328-022","9/30/2017 7:09:10 PM","0000-00","0","no battery","V"
"11/03/2018","09:37:57","9","default","550496092","OXY_CH9","13.933","min","247.390","µmol/L","Humid","18.850","deg","84529","µV","26.088","°C","1019.000","hPa","34.1","pmil","0","53.442","deg","23.711","°C","100.000","%a.s.","21.016","deg","23.307","°C","1019.000","hPa","0.861","-0.02617","0.00035","0","0","13.56","Humid","22.75","0","51.00","251433.65","SABD0000000001","AAV1.0.0.11","1.1.2.0","PSt7-10","170328-022","9/30/2017 7:09:10 PM","0000-00","0","no battery","V"
"11/03/2018","09:37:58","9","default","550496092","OXY_CH9","13.949","min","247.378","µmol/L","Humid","18.851","deg","84527","µV","26.087","°C","1019.000","hPa","34.1","pmil","0","53.442","deg","23.711","°C","100.000","%a.s.","21.016","deg","23.307","°C","1019.000","hPa","0.861","-0.02617","0.00035","0","0","13.56","Humid","22.75","0","51.00","251432.99","SABD0000000001","AAV1.0.0.11","1.1.2.0","PSt7-10","170328-022","9/30/2017 7:09:10 PM","0000-00","0","no battery","V"
"11/03/2018","09:37:59","9","default","550496092","OXY_CH9","13.966","min","247.556","µmol/L","Humid","18.846","deg","84526","µV","26.078","°C","1019.000","hPa","34.1","pmil","0","53.442","deg","23.711","°C","100.000","%a.s.","21.016","deg","23.307","°C","1019.000","hPa","0.861","-0.02617","0.00035","0","0","13.56","Humid","22.75","0","51.00","251432.45","SABD0000000001","AAV1.0.0.11","1.1.2.0","PSt7-10","170328-022","9/30/2017 7:09:10 PM","0000-00","0","no battery","V"
"11/03/2018","09:38:00","9","default","550496092","OXY_CH9","13.983","min","247.467","µmol/L","Humid","18.849","deg","84510","µV","26.081","°C","1019.000","hPa","34.1","pmil","0","53.442","deg","23.711","°C","100.000","%a.s.","21.016","deg","23.307","°C","1019.000","hPa","0.861","-0.02617","0.00035","0","0","13.56","Humid","22.75","0","51.00","251426.17","SABD0000000001","AAV1.0.0.11","1.1.2.0","PSt7-10","170328-022","9/30/2017 7:09:10 PM","0000-00","0","no battery","V"
"11/03/2018","09:38:01","9","default","550496092","OXY_CH9","13.999","min","247.564","µmol/L","Humid","18.848","deg","84515","µV","26.071","°C","1019.000","hPa","34.1","pmil","0","53.442","deg","23.711","°C","100.000","%a.s.","21.016","deg","23.307","°C","1019.000","hPa","0.861","-0.02617","0.00035","0","0","13.56","Humid","22.75","0","51.00","251421.61","SABD0000000001","AAV1.0.0.11","1.1.2.0","PSt7-10","170328-022","9/30/2017 7:09:10 PM","0000-00","0","no battery","V"
"11/03/2018","09:38:02","9","default","550496092","OXY_CH9","14.016","min","247.547","µmol/L","Humid","18.848","deg","84508","µV","26.073","°C","1019.000","hPa","34.1","pmil","0","53.442","deg","23.711","°C","100.000","%a.s.","21.016","deg","23.307","°C","1019.000","hPa","0.861","-0.02617","0.00035","0","0","13.56","Humid","22.75","0","51.00","251411.40","SABD0000000001","AAV1.0.0.11","1.1.2.0","PSt7-10","170328-022","9/30/2017 7:09:10 PM","0000-00","0","no battery","V"
"11/03/2018","09:38:03","9","default","550496092","OXY_CH9","14.032","min","247.551","µmol/L","Humid","18.846","deg","84513","µV","26.079","°C","1019.000","hPa","34.1","pmil","0","53.442","deg","23.711","°C","100.000","%a.s.","21.016","deg","23.307","°C","1019.000","hPa","0.861","-0.02617","0.00035","0","0","13.56","Humid","22.75","0","51.00","251412.93","SABD0000000001","AAV1.0.0.11","1.1.2.0","PSt7-10","170328-022","9/30/2017 7:09:10 PM","0000-00","0","no battery","V"
"11/03/2018","09:38:04","9","default","550496092","OXY_CH9","14.049","min","247.520","µmol/L","Humid","18.847","deg","84509","µV","26.080","°C","1019.000","hPa","34.1","pmil","0","53.442","deg","23.711","°C","100.000","%a.s.","21.016","deg","23.307","°C","1019.000","hPa","0.861","-0.02617","0.00035","0","0","13.56","Humid","22.75","0","51.00","251414.65","SABD0000000001","AAV1.0.0.11","1.1.2.0","PSt7-10","170328-022","9/30/2017 7:09:10 PM","0000-00","0","no battery","V"
"11/03/2018","09:38:05","9","default","550496092","OXY_CH9","14.066","min","247.601","µmol/L","Humid","18.848","deg","84501","µV","26.066","°C","1019.000","hPa","34.1","pmil","0","53.442","deg","23.711","°C","100.000","%a.s.","21.016","deg","23.307","°C","1019.000","hPa","0.861","-0.02617","0.00035","0","0","13.56","Humid","22.75","0","51.00","251403.00","SABD0000000001","AAV1.0.0.11","1.1.2.0","PSt7-10","170328-022","9/30/2017 7:09:10 PM","0000-00","0","no battery","V"
"11/03/2018","09:38:06","9","default","550496092","OXY_CH9","14.082","min","247.424","µmol/L","Humid","18.847","deg","84491","µV","26.093","°C","1019.000","hPa","34.1","pmil","0","53.442","deg","23.711","°C","100.000","%a.s.","21.016","deg","23.307","°C","1019.000","hPa","0.861","-0.02617","0.00035","0","0","13.56","Humid","22.75","0","51.00","251398.70","SABD0000000001","AAV1.0.0.11","1.1.2.0","PSt7-10","170328-022","9/30/2017 7:09:10 PM","0000-00","0","no battery","V"
"11/03/2018","09:38:07","9","default","550496092","OXY_CH9","14.099","min","247.497","µmol/L","Humid","18.845","deg","84489","µV","26.090","°C","1019.000","hPa","34.1","pmil","0","53.442","deg","23.711","°C","100.000","%a.s.","21.016","deg","23.307","°C","1019.000","hPa","0.861","-0.02617","0.00035","0","0","13.56","Humid","22.75","0","51.00","251404.58","SABD0000000001","AAV1.0.0.11","1.1.2.0","PSt7-10","170328-022","9/30/2017 7:09:10 PM","0000-00","0","no battery","V"
"11/03/2018","09:38:08","9","default","550496092","OXY_CH9","14.116","min","247.619","µmol/L","Humid","18.841","deg","84490","µV","26.086","°C","1019.000","hPa","34.1","pmil","0","53.442","deg","23.711","°C","100.000","%a.s.","21.016","deg","23.307","°C","1019.000","hPa","0.861","-0.02617","0.00035","0","0","13.56","Humid","22.75","0","51.00","251400.84","SABD0000000001","AAV1.0.0.11","1.1.2.0","PSt7-10","170328-022","9/30/2017 7:09:10 PM","0000-00","0","no battery","V"
"11/03/2018","09:38:09","9","default","550496092","OXY_CH9","14.133","min","247.362","µmol/L","Humid","18.850","deg","84480","µV","26.092","°C","1019.000","hPa","34.1","pmil","0","53.442","deg","23.711","°C","100.000","%a.s.","21.016","deg","23.307","°C","1019.000","hPa","0.861","-0.02617","0.00035","0","0","13.56","Humid","22.75","0","51.00","251398.57","SABD0000000001","AAV1.0.0.11","1.1.2.0","PSt7-10","170328-022","9/30/2017 7:09:10 PM","0000-00","0","no battery","V"
"11/03/2018","09:38:10","9","default","550496092","OXY_CH9","14.149","min","247.541","µmol/L","Humid","18.844","deg","84476","µV","26.087","°C","1019.000","hPa","34.1","pmil","0","53.442","deg","23.711","°C","100.000","%a.s.","21.016","deg","23.307","°C","1019.000","hPa","0.861","-0.02617","0.00035","0","0","13.56","Humid","22.75","0","51.00","251396.50","SABD0000000001","AAV1.0.0.11","1.1.2.0","PSt7-10","170328-022","9/30/2017 7:09:10 PM","0000-00","0","no battery","V"
"11/03/2018","09:38:11","9","default","550496092","OXY_CH9","14.166","min","247.624","µmol/L","Humid","18.840","deg","84476","µV","26.089","°C","1019.000","hPa","34.1","pmil","0","53.442","deg","23.711","°C","100.000","%a.s.","21.016","deg","23.307","°C","1019.000","hPa","0.861","-0.02617","0.00035","0","0","13.56","Humid","22.75","0","51.00","251400.63","SABD0000000001","AAV1.0.0.11","1.1.2.0","PSt7-10","170328-022","9/30/2017 7:09:10 PM","0000-00","0","no battery","V"
"11/03/2018","09:38:12","9","default","550496092","OXY_CH9","14.183","min","247.472","µmol/L","Humid","18.847","deg","84470","µV","26.087","°C","1019.000","hPa","34.1","pmil","0","53.442","deg","23.711","°C","100.000","%a.s.","21.016","deg","23.307","°C","1019.000","hPa","0.861","-0.02617","0.00035","0","0","13.56","Humid","22.75","0","51.00","251405.07","SABD0000000001","AAV1.0.0.11","1.1.2.0","PSt7-10","170328-022","9/30/2017 7:09:10 PM","0000-00","0","no battery","V"
"11/03/2018","09:38:13","9","default","550496092","OXY_CH9","14.199","min","247.609","µmol/L","Humid","18.843","deg","84462","µV","26.081","°C","1019.000","hPa","34.1","pmil","0","53.442","deg","23.711","°C","100.000","%a.s.","21.016","deg","23.307","°C","1019.000","hPa","0.861","-0.02617","0.00035","0","0","13.56","Humid","22.75","0","51.00","251406.50","SABD0000000001","AAV1.0.0.11","1.1.2.0","PSt7-10","170328-022","9/30/2017 7:09:10 PM","0000-00","0","no battery","V"
"11/03/2018","09:38:14","9","default","550496092","OXY_CH9","14.216","min","247.753","µmol/L","Humid","18.840","deg","84464","µV","26.071","°C","1019.000","hPa","34.1","pmil","0","53.442","deg","23.711","°C","100.000","%a.s.","21.016","deg","23.307","°C","1019.000","hPa","0.861","-0.02617","0.00035","0","0","13.56","Humid","22.75","0","51.00","251397.08","SABD0000000001","AAV1.0.0.11","1.1.2.0","PSt7-10","170328-022","9/30/2017 7:09:10 PM","0000-00","0","no battery","V"
"11/03/2018","09:38:15","9","default","550496092","OXY_CH9","14.232","min","247.873","µmol/L","Humid","18.836","deg","84455","µV","26.068","°C","1019.000","hPa","34.1","pmil","0","53.442","deg","23.711","°C","100.000","%a.s.","21.016","deg","23.307","°C","1019.000","hPa","0.861","-0.02617","0.00035","0","0","13.56","Humid","22.75","0","51.00","251395.87","SABD0000000001","AAV1.0.0.11","1.1.2.0","PSt7-10","170328-022","9/30/2017 7:09:10 PM","0000-00","0","no battery","V"
"11/03/2018","09:38:16","9","default","550496092","OXY_CH9","14.249","min","247.663","µmol/L","Humid","18.841","deg","84456","µV","26.080","°C","1019.000","hPa","34.1","pmil","0","53.442","deg","23.711","°C","100.000","%a.s.","21.016","deg","23.307","°C","1019.000","hPa","0.861","-0.02617","0.00035","0","0","13.56","Humid","22.75","0","51.00","251395.55","SABD0000000001","AAV1.0.0.11","1.1.2.0","PSt7-10","170328-022","9/30/2017 7:09:10 PM","0000-00","0","no battery","V"
"11/03/2018","09:38:17","9","default","550496092","OXY_CH9","14.266","min","247.734","µmol/L","Humid","18.838","deg","84457","µV","26.080","°C","1019.000","hPa","34.1","pmil","0","53.442","deg","23.711","°C","100.000","%a.s.","21.016","deg","23.307","°C","1019.000","hPa","0.861","-0.02617","0.00035","0","0","13.56","Humid","22.75","0","51.00","251398.99","SABD0000000001","AAV1.0.0.11","1.1.2.0","PSt7-10","170328-022","9/30/2017 7:09:10 PM","0000-00","0","no battery","V"
"11/03/2018","09:38:18","9","default","550496092","OXY_CH9","14.283","min","247.847","µmol/L","Humid","18.835","deg","84454","µV","26.074","°C","1019.000","hPa","34.1","pmil","0","53.442","deg","23.711","°C","100.000","%a.s.","21.016","deg","23.307","°C","1019.000","hPa","0.861","-0.02617","0.00035","0","0","13.56","Humid","22.75","0","51.00","251403.28","SABD0000000001","AAV1.0.0.11","1.1.2.0","PSt7-10","170328-022","9/30/2017 7:09:10 PM","0000-00","0","no battery","V"
"11/03/2018","09:38:19","9","default","550496092","OXY_CH9","14.299","min","247.856","µmol/L","Humid","18.836","deg","84438","µV","26.070","°C","1019.000","hPa","34.1","pmil","0","53.442","deg","23.711","°C","100.000","%a.s.","21.016","deg","23.307","°C","1019.000","hPa","0.861","-0.02617","0.00035","0","0","13.56","Humid","22.75","0","51.00","251386.72","SABD0000000001","AAV1.0.0.11","1.1.2.0","PSt7-10","170328-022","9/30/2017 7:09:10 PM","0000-00","0","no battery","V"
"11/03/2018","09:38:20","9","default","550496092","OXY_CH9","14.316","min","247.911","µmol/L","Humid","18.834","deg","84437","µV","26.069","°C","1019.000","hPa","34.1","pmil","0","53.442","deg","23.711","°C","100.000","%a.s.","21.016","deg","23.307","°C","1019.000","hPa","0.861","-0.02617","0.00035","0","0","13.56","Humid","22.75","0","51.00","251393.65","SABD0000000001","AAV1.0.0.11","1.1.2.0","PSt7-10","170328-022","9/30/2017 7:09:10 PM","0000-00","0","no battery","V"
"11/03/2018","09:38:21","9","default","550496092","OXY_CH9","14.332","min","247.766","µmol/L","Humid","18.836","deg","84443","µV","26.082","°C","1019.000","hPa","34.1","pmil","0","53.442","deg","23.711","°C","100.000","%a.s.","21.016","deg","23.307","°C","1019.000","hPa","0.861","-0.02617","0.00035","0","0","13.56","Humid","22.75","0","51.00","251393.16","SABD0000000001","AAV1.0.0.11","1.1.2.0","PSt7-10","170328-022","9/30/2017 7:09:10 PM","0000-00","0","no battery","V"
"11/03/2018","09:38:22","9","default","550496092","OXY_CH9","14.349","min","247.886","µmol/L","Humid","18.835","deg","84436","µV","26.069","°C","1019.000","hPa","34.1","pmil","0","53.442","deg","23.711","°C","100.000","%a.s.","21.016","deg","23.307","°C","1019.000","hPa","0.861","-0.02617","0.00035","0","0","13.56","Humid","22.75","0","51.00","251389.91","SABD0000000001","AAV1.0.0.11","1.1.2.0","PSt7-10","170328-022","9/30/2017 7:09:10 PM","0000-00","0","no battery","V"
"11/03/2018","09:38:23","9","default","550496092","OXY_CH9","14.366","min","247.765","µmol/L","Humid","18.839","deg","84429","µV","26.073","°C","1019.000","hPa","34.1","pmil","0","53.442","deg","23.711","°C","100.000","%a.s.","21.016","deg","23.307","°C","1019.000","hPa","0.861","-0.02617","0.00035","0","0","13.56","Humid","22.75","0","51.00","251383.22","SABD0000000001","AAV1.0.0.11","1.1.2.0","PSt7-10","170328-022","9/30/2017 7:09:10 PM","0000-00","0","no battery","V"
"11/03/2018","09:38:24","9","default","550496092","OXY_CH9","14.382","min","247.738","µmol/L","Humid","18.833","deg","84424","µV","26.096","°C","1019.000","hPa","34.1","pmil","0","53.442","deg","23.711","°C","100.000","%a.s.","21.016","deg","23.307","°C","1019.000","hPa","0.861","-0.02617","0.00035","0","0","13.56","Humid","22.75","0","51.00","251385.37","SABD0000000001","AAV1.0.0.11","1.1.2.0","PSt7-10","170328-022","9/30/2017 7:09:10 PM","0000-00","0","no battery","V"
"11/03/2018","09:38:25","9","default","550496092","OXY_CH9","14.399","min","247.632","µmol/L","Humid","18.835","deg","84414","µV","26.104","°C","1019.000","hPa","34.1","pmil","0","53.442","deg","23.711","°C","100.000","%a.s.","21.016","deg","23.307","°C","1019.000","hPa","0.861","-0.02617","0.00035","0","0","13.56","Humid","22.75","0","51.00","251390.09","SABD0000000001","AAV1.0.0.11","1.1.2.0","PSt7-10","170328-022","9/30/2017 7:09:10 PM","0000-00","0","no battery","V"
"11/03/2018","09:38:26","9","default","550496092","OXY_CH9","14.416","min","247.813","µmol/L","Humid","18.835","deg","84415","µV","26.079","°C","1019.000","hPa","34.1","pmil","0","53.442","deg","23.711","°C","100.000","%a.s.","21.016","deg","23.307","°C","1019.000","hPa","0.861","-0.02617","0.00035","0","0","13.56","Humid","22.75","0","51.00","251388.91","SABD0000000001","AAV1.0.0.11","1.1.2.0","PSt7-10","170328-022","9/30/2017 7:09:10 PM","0000-00","0","no battery","V"
"11/03/2018","09:38:27","9","default","550496092","OXY_CH9","14.433","min","247.880","µmol/L","Humid","18.832","deg","84414","µV","26.080","°C","1019.000","hPa","34.1","pmil","0","53.442","deg","23.711","°C","100.000","%a.s.","21.016","deg","23.307","°C","1019.000","hPa","0.861","-0.02617","0.00035","0","0","13.56","Humid","22.75","0","51.00","251381.60","SABD0000000001","AAV1.0.0.11","1.1.2.0","PSt7-10","170328-022","9/30/2017 7:09:10 PM","0000-00","0","no battery","V"
"11/03/2018","09:38:28","9","default","550496092","OXY_CH9","14.449","min","247.871","µmol/L","Humid","18.836","deg","84410","µV","26.068","°C","1019.000","hPa","34.1","pmil","0","53.442","deg","23.711","°C","100.000","%a.s.","21.016","deg","23.307","°C","1019.000","hPa","0.861","-0.02617","0.00035","0","0","13.56","Humid","22.75","0","51.00","251382.60","SABD0000000001","AAV1.0.0.11","1.1.2.0","PSt7-10","170328-022","9/30/2017 7:09:10 PM","0000-00","0","no battery","V"
"11/03/2018","09:38:29","9","default","550496092","OXY_CH9","14.466","min","247.850","µmol/L","Humid","18.831","deg","84396","µV","26.087","°C","1019.000","hPa","34.1","pmil","0","53.442","deg","23.711","°C","100.000","%a.s.","21.016","deg","23.307","°C","1019.000","hPa","0.861","-0.02617","0.00035","0","0","13.56","Humid","22.75","0","51.00","251380.16","SABD0000000001","AAV1.0.0.11","1.1.2.0","PSt7-10","170328-022","9/30/2017 7:09:10 PM","0000-00","0","no battery","V"
"11/03/2018","09:38:30","9","default","550496092","OXY_CH9","14.482","min","247.831","µmol/L","Humid","18.832","deg","84409","µV","26.086","°C","1019.000","hPa","34.1","pmil","0","53.442","deg","23.711","°C","100.000","%a.s.","21.016","deg","23.307","°C","1019.000","hPa","0.861","-0.02617","0.00035","0","0","13.56","Humid","22.75","0","51.00","251377.30","SABD0000000001","AAV1.0.0.11","1.1.2.0","PSt7-10","170328-022","9/30/2017 7:09:10 PM","0000-00","0","no battery","V"
"11/03/2018","09:38:31","9","default","550496092","OXY_CH9","14.499","min","247.946","µmol/L","Humid","18.828","deg","84407","µV","26.084","°C","1019.000","hPa","34.1","pmil","0","53.442","deg","23.711","°C","100.000","%a.s.","21.016","deg","23.307","°C","1019.000","hPa","0.861","-0.02617","0.00035","0","0","13.56","Humid","22.75","0","51.00","251378.64","SABD0000000001","AAV1.0.0.11","1.1.2.0","PSt7-10","170328-022","9/30/2017 7:09:10 PM","0000-00","0","no battery","V"
"11/03/2018","09:38:32","9","default","550496092","OXY_CH9","14.516","min","247.998","µmol/L","Humid","18.831","deg","84400","µV","26.067","°C","1019.000","hPa","34.1","pmil","0","53.442","deg","23.711","°C","100.000","%a.s.","21.016","deg","23.307","°C","1019.000","hPa","0.861","-0.02617","0.00035","0","0","13.56","Humid","22.75","0","51.00","251373.32","SABD0000000001","AAV1.0.0.11","1.1.2.0","PSt7-10","170328-022","9/30/2017 7:09:10 PM","0000-00","0","no battery","V"
"11/03/2018","09:38:33","9","default","550496092","OXY_CH9","14.532","min","247.831","µmol/L","Humid","18.831","deg","84394","µV","26.090","°C","1019.000","hPa","34.1","pmil","0","53.442","deg","23.711","°C","100.000","%a.s.","21.016","deg","23.307","°C","1019.000","hPa","0.861","-0.02617","0.00035","0","0","13.56","Humid","22.75","0","51.00","251376.53","SABD0000000001","AAV1.0.0.11","1.1.2.0","PSt7-10","170328-022","9/30/2017 7:09:10 PM","0000-00","0","no battery","V"
"11/03/2018","09:38:34","9","default","550496092","OXY_CH9","14.549","min","248.030","µmol/L","Humid","18.825","deg","84384","µV","26.082","°C","1019.000","hPa","34.1","pmil","0","53.442","deg","23.711","°C","100.000","%a.s.","21.016","deg","23.307","°C","1019.000","hPa","0.861","-0.02617","0.00035","0","0","13.56","Humid","22.75","0","51.00","251368.55","SABD0000000001","AAV1.0.0.11","1.1.2.0","PSt7-10","170328-022","9/30/2017 7:09:10 PM","0000-00","0","no battery","V"
"11/03/2018","09:38:35","9","default","550496092","OXY_CH9","14.566","min","247.840","µmol/L","Humid","18.830","deg","84390","µV","26.092","°C","1019.000","hPa","34.1","pmil","0","53.442","deg","23.711","°C","100.000","%a.s.","21.016","deg","23.307","°C","1019.000","hPa","0.861","-0.02617","0.00035","0","0","13.56","Humid","22.75","0","51.00","251382.23","SABD0000000001","AAV1.0.0.11","1.1.2.0","PSt7-10","170328-022","9/30/2017 7:09:10 PM","0000-00","0","no battery","V"
"11/03/2018","09:38:36","9","default","550496092","OXY_CH9","14.583","min","247.876","µmol/L","Humid","18.829","deg","84379","µV","26.090","°C","1019.000","hPa","34.1","pmil","0","53.442","deg","23.711","°C","100.000","%a.s.","21.016","deg","23.307","°C","1019.000","hPa","0.861","-0.02617","0.00035","0","0","13.56","Humid","22.75","0","51.00","251365.98","SABD0000000001","AAV1.0.0.11","1.1.2.0","PSt7-10","170328-022","9/30/2017 7:09:10 PM","0000-00","0","no battery","V"
"11/03/2018","09:38:37","9","default","550496092","OXY_CH9","14.599","min","248.015","µmol/L","Humid","18.826","deg","84368","µV","26.081","°C","1019.000","hPa","34.1","pmil","0","53.442","deg","23.711","°C","100.000","%a.s.","21.016","deg","23.307","°C","1019.000","hPa","0.861","-0.02617","0.00035","0","0","13.56","Humid","22.75","0","51.00","251358.82","SABD0000000001","AAV1.0.0.11","1.1.2.0","PSt7-10","170328-022","9/30/2017 7:09:10 PM","0000-00","0","no battery","V"
"11/03/2018","09:38:38","9","default","550496092","OXY_CH9","14.616","min","247.874","µmol/L","Humid","18.830","deg","84377","µV","26.087","°C","1019.000","hPa","34.1","pmil","0","53.442","deg","23.711","°C","100.000","%a.s.","21.016","deg","23.307","°C","1019.000","hPa","0.861","-0.02617","0.00035","0","0","13.56","Humid","22.75","0","51.00","251366.92","SABD0000000001","AAV1.0.0.11","1.1.2.0","PSt7-10","170328-022","9/30/2017 7:09:10 PM","0000-00","0","no battery","V"
"11/03/2018","09:38:39","9","default","550496092","OXY_CH9","14.632","min","248.004","µmol/L","Humid","18.825","deg","84378","µV","26.086","°C","1019.000","hPa","34.1","pmil","0","53.442","deg","23.711","°C","100.000","%a.s.","21.016","deg","23.307","°C","1019.000","hPa","0.861","-0.02617","0.00035","0","0","13.56","Humid","22.75","0","51.00","251366.34","SABD0000000001","AAV1.0.0.11","1.1.2.0","PSt7-10","170328-022","9/30/2017 7:09:10 PM","0000-00","0","no battery","V"
"11/03/2018","09:38:40","9","default","550496092","OXY_CH9","14.649","min","248.047","µmol/L","Humid","18.823","deg","84373","µV","26.086","°C","1019.000","hPa","34.1","pmil","0","53.442","deg","23.711","°C","100.000","%a.s.","21.016","deg","23.307","°C","1019.000","hPa","0.861","-0.02617","0.00035","0","0","13.56","Humid","22.75","0","51.00","251365.86","SABD0000000001","AAV1.0.0.11","1.1.2.0","PSt7-10","170328-022","9/30/2017 7:09:10 PM","0000-00","0","no battery","V"
"11/03/2018","09:38:41","9","default","550496092","OXY_CH9","14.666","min","248.151","µmol/L","Humid","18.825","deg","84372","µV","26.066","°C","1019.000","hPa","34.1","pmil","0","53.442","deg","23.711","°C","100.000","%a.s.","21.016","deg","23.307","°C","1019.000","hPa","0.861","-0.02617","0.00035","0","0","13.56","Humid","22.75","0","51.00","251370.47","SABD0000000001","AAV1.0.0.11","1.1.2.0","PSt7-10","170328-022","9/30/2017 7:09:10 PM","0000-00","0","no battery","V"
"11/03/2018","09:38:42","9","default","550496092","OXY_CH9","14.682","min","248.067","µmol/L","Humid","18.826","deg","84369","µV","26.074","°C","1019.000","hPa","34.1","pmil","0","53.442","deg","23.711","°C","100.000","%a.s.","21.016","deg","23.307","°C","1019.000","hPa","0.861","-0.02617","0.00035","0","0","13.56","Humid","22.75","0","51.00","251372.90","SABD0000000001","AAV1.0.0.11","1.1.2.0","PSt7-10","170328-022","9/30/2017 7:09:10 PM","0000-00","0","no battery","V"
"11/03/2018","09:38:43","9","default","550496092","OXY_CH9","14.699","min","248.079","µmol/L","Humid","18.828","deg","84359","µV","26.066","°C","1019.000","hPa","34.1","pmil","0","53.442","deg","23.711","°C","100.000","%a.s.","21.016","deg","23.307","°C","1019.000","hPa","0.861","-0.02617","0.00035","0","0","13.56","Humid","22.75","0","51.00","251368.76","SABD0000000001","AAV1.0.0.11","1.1.2.0","PSt7-10","170328-022","9/30/2017 7:09:10 PM","0000-00","0","no battery","V"
"11/03/2018","09:38:44","9","default","550496092","OXY_CH9","14.716","min","248.008","µmol/L","Humid","18.819","deg","84352","µV","26.105","°C","1019.000","hPa","34.1","pmil","0","53.442","deg","23.711","°C","100.000","%a.s.","21.016","deg","23.307","°C","1019.000","hPa","0.861","-0.02617","0.00035","0","0","13.56","Humid","22.75","0","51.00","251370.62","SABD0000000001","AAV1.0.0.11","1.1.2.0","PSt7-10","170328-022","9/30/2017 7:09:10 PM","0000-00","0","no battery","V"
"11/03/2018","09:38:45","9","default","550496092","OXY_CH9","14.733","min","248.052","µmol/L","Humid","18.821","deg","84350","µV","26.092","°C","1019.000","hPa","34.1","pmil","0","53.442","deg","23.711","°C","100.000","%a.s.","21.016","deg","23.307","°C","1019.000","hPa","0.861","-0.02617","0.00035","0","0","13.56","Humid","22.75","0","51.00","251361.41","SABD0000000001","AAV1.0.0.11","1.1.2.0","PSt7-10","170328-022","9/30/2017 7:09:10 PM","0000-00","0","no battery","V"
"11/03/2018","09:38:46","9","default","550496092","OXY_CH9","14.749","min","248.137","µmol/L","Humid","18.818","deg","84351","µV","26.090","°C","1019.000","hPa","34.1","pmil","0","53.442","deg","23.711","°C","100.000","%a.s.","21.016","deg","23.307","°C","1019.000","hPa","0.861","-0.02617","0.00035","0","0","13.56","Humid","22.75","0","51.00","251366.24","SABD0000000001","AAV1.0.0.11","1.1.2.0","PSt7-10","170328-022","9/30/2017 7:09:10 PM","0000-00","0","no battery","V"
"11/03/2018","09:38:47","9","default","550496092","OXY_CH9","14.765","min","248.222","µmol/L","Humid","18.818","deg","84355","µV","26.079","°C","1019.000","hPa","34.1","pmil","0","53.442","deg","23.711","°C","100.000","%a.s.","21.016","deg","23.307","°C","1019.000","hPa","0.861","-0.02617","0.00035","0","0","13.56","Humid","22.75","0","51.00","251355.63","SABD0000000001","AAV1.0.0.11","1.1.2.0","PSt7-10","170328-022","9/30/2017 7:09:10 PM","0000-00","0","no battery","V"
"11/03/2018","09:38:48","9","default","550496092","OXY_CH9","14.782","min","248.142","µmol/L","Humid","18.820","deg","84346","µV","26.083","°C","1019.000","hPa","34.1","pmil","0","53.442","deg","23.711","°C","100.000","%a.s.","21.016","deg","23.307","°C","1019.000","hPa","0.861","-0.02617","0.00035","0","0","13.56","Humid","22.75","0","51.00","251361.93","SABD0000000001","AAV1.0.0.11","1.1.2.0","PSt7-10","170328-022","9/30/2017 7:09:10 PM","0000-00","0","no battery","V"
"11/03/2018","09:38:49","9","default","550496092","OXY_CH9","14.799","min","248.151","µmol/L","Humid","18.815","deg","84346","µV","26.098","°C","1019.000","hPa","34.1","pmil","0","53.442","deg","23.711","°C","100.000","%a.s.","21.016","deg","23.307","°C","1019.000","hPa","0.861","-0.02617","0.00035","0","0","13.56","Humid","22.75","0","51.00","251358.31","SABD0000000001","AAV1.0.0.11","1.1.2.0","PSt7-10","170328-022","9/30/2017 7:09:10 PM","0000-00","0","no battery","V"
"11/03/2018","09:38:50","9","default","550496092","OXY_CH9","14.816","min","248.245","µmol/L","Humid","18.817","deg","84336","µV","26.079","°C","1019.000","hPa","34.1","pmil","0","53.442","deg","23.711","°C","100.000","%a.s.","21.016","deg","23.307","°C","1019.000","hPa","0.861","-0.02617","0.00035","0","0","13.56","Humid","22.75","0","51.00","251353.70","SABD0000000001","AAV1.0.0.11","1.1.2.0","PSt7-10","170328-022","9/30/2017 7:09:10 PM","0000-00","0","no battery","V"
"11/03/2018","09:38:51","9","default","550496092","OXY_CH9","14.832","min","248.197","µmol/L","Humid","18.819","deg","84338","µV","26.079","°C","1019.000","hPa","34.1","pmil","0","53.442","deg","23.711","°C","100.000","%a.s.","21.016","deg","23.307","°C","1019.000","hPa","0.861","-0.02617","0.00035","0","0","13.56","Humid","22.75","0","51.00","251361.70","SABD0000000001","AAV1.0.0.11","1.1.2.0","PSt7-10","170328-022","9/30/2017 7:09:10 PM","0000-00","0","no battery","V"
"11/03/2018","09:38:52","9","default","550496092","OXY_CH9","14.849","min","248.136","µmol/L","Humid","18.818","deg","84335","µV","26.090","°C","1019.000","hPa","34.1","pmil","0","53.442","deg","23.711","°C","100.000","%a.s.","21.016","deg","23.307","°C","1019.000","hPa","0.861","-0.02617","0.00035","0","0","13.56","Humid","22.75","0","51.00","251357.97","SABD0000000001","AAV1.0.0.11","1.1.2.0","PSt7-10","170328-022","9/30/2017 7:09:10 PM","0000-00","0","no battery","V"
"11/03/2018","09:38:53","9","default","550496092","OXY_CH9","14.866","min","248.156","µmol/L","Humid","18.817","deg","84326","µV","26.091","°C","1019.000","hPa","34.1","pmil","0","53.442","deg","23.711","°C","100.000","%a.s.","21.016","deg","23.307","°C","1019.000","hPa","0.861","-0.02617","0.00035","0","0","13.56","Humid","22.75","0","51.00","251347.49","SABD0000000001","AAV1.0.0.11","1.1.2.0","PSt7-10","170328-022","9/30/2017 7:09:10 PM","0000-00","0","no battery","V"
"11/03/2018","09:38:54","9","default","550496092","OXY_CH9","14.883","min","248.271","µmol/L","Humid","18.816","deg","84331","µV","26.078","°C","1019.000","hPa","34.1","pmil","0","53.442","deg","23.711","°C","100.000","%a.s.","21.016","deg","23.307","°C","1019.000","hPa","0.861","-0.02617","0.00035","0","0","13.56","Humid","22.75","0","51.00","251351.38","SABD0000000001","AAV1.0.0.11","1.1.2.0","PSt7-10","170328-022","9/30/2017 7:09:10 PM","0000-00","0","no battery","V"
"11/03/2018","09:38:55","9","default","550496092","OXY_CH9","14.899","min","248.133","µmol/L","Humid","18.818","deg","84322","µV","26.091","°C","1019.000","hPa","34.1","pmil","0","53.442","deg","23.711","°C","100.000","%a.s.","21.016","deg","23.307","°C","1019.000","hPa","0.861","-0.02617","0.00035","0","0","13.56","Humid","22.75","0","51.00","251355.30","SABD0000000001","AAV1.0.0.11","1.1.2.0","PSt7-10","170328-022","9/30/2017 7:09:10 PM","0000-00","0","no battery","V"
"11/03/2018","09:38:56","9","default","550496092","OXY_CH9","14.916","min","248.342","µmol/L","Humid","18.812","deg","84317","µV","26.082","°C","1019.000","hPa","34.1","pmil","0","53.442","deg","23.711","°C","100.000","%a.s.","21.016","deg","23.307","°C","1019.000","hPa","0.861","-0.02617","0.00035","0","0","13.56","Humid","22.75","0","51.00","251351.39","SABD0000000001","AAV1.0.0.11","1.1.2.0","PSt7-10","170328-022","9/30/2017 7:09:10 PM","0000-00","0","no battery","V"
"11/03/2018","09:38:57","9","default","550496092","OXY_CH9","14.932","min","248.295","µmol/L","Humid","18.813","deg","84316","µV","26.085","°C","1019.000","hPa","34.1","pmil","0","53.442","deg","23.711","°C","100.000","%a.s.","21.016","deg","23.307","°C","1019.000","hPa","0.861","-0.02617","0.00035","0","0","13.56","Humid","22.75","0","51.00","251344.15","SABD0000000001","AAV1.0.0.11","1.1.2.0","PSt7-10","170328-022","9/30/2017 7:09:10 PM","0000-00","0","no battery","V"
"11/03/2018","09:38:58","9","default","550496092","OXY_CH9","14.949","min","248.347","µmol/L","Humid","18.815","deg","84311","µV","26.071","°C","1019.000","hPa","34.1","pmil","0","53.442","deg","23.711","°C","100.000","%a.s.","21.016","deg","23.307","°C","1019.000","hPa","0.861","-0.02617","0.00035","0","0","13.56","Humid","22.75","0","51.00","251349.32","SABD0000000001","AAV1.0.0.11","1.1.2.0","PSt7-10","170328-022","9/30/2017 7:09:10 PM","0000-00","0","no battery","V"
"11/03/2018","09:38:59","9","default","550496092","OXY_CH9","14.966","min","248.308","µmol/L","Humid","18.815","deg","84308","µV","26.077","°C","1019.000","hPa","34.1","pmil","0","53.442","deg","23.711","°C","100.000","%a.s.","21.016","deg","23.307","°C","1019.000","hPa","0.861","-0.02617","0.00035","0","0","13.56","Humid","22.75","0","51.00","251356.61","SABD0000000001","AAV1.0.0.11","1.1.2.0","PSt7-10","170328-022","9/30/2017 7:09:10 PM","0000-00","0","no battery","V"
"11/03/2018","09:39:00","9","default","550496092","OXY_CH9","14.983","min","248.411","µmol/L","Humid","18.810","deg","84305","µV","26.079","°C","1019.000","hPa","34.1","pmil","0","53.442","deg","23.711","°C","100.000","%a.s.","21.016","deg","23.307","°C","1019.000","hPa","0.861","-0.02617","0.00035","0","0","13.56","Humid","22.75","0","51.00","251348.56","SABD0000000001","AAV1.0.0.11","1.1.2.0","PSt7-10","170328-022","9/30/2017 7:09:10 PM","0000-00","0","no battery","V"
"11/03/2018","09:39:01","9","default","550496092","OXY_CH9","14.999","min","248.275","µmol/L","Humid","18.814","deg","84304","µV","26.084","°C","1019.000","hPa","34.1","pmil","0","53.442","deg","23.711","°C","100.000","%a.s.","21.016","deg","23.307","°C","1019.000","hPa","0.861","-0.02617","0.00035","0","0","13.56","Humid","22.75","0","51.00","251342.42","SABD0000000001","AAV1.0.0.11","1.1.2.0","PSt7-10","170328-022","9/30/2017 7:09:10 PM","0000-00","0","no battery","V"
"11/03/2018","09:39:02","9","default","550496092","OXY_CH9","15.016","min","248.447","µmol/L","Humid","18.808","deg","84304","µV","26.080","°C","1019.000","hPa","34.1","pmil","0","53.442","deg","23.711","°C","100.000","%a.s.","21.016","deg","23.307","°C","1019.000","hPa","0.861","-0.02617","0.00035","0","0","13.56","Humid","22.75","0","51.00","251348.18","SABD0000000001","AAV1.0.0.11","1.1.2.0","PSt7-10","170328-022","9/30/2017 7:09:10 PM","0000-00","0","no battery","V"
"11/03/2018","09:39:03","9","default","550496092","OXY_CH9","15.032","min","248.385","µmol/L","Humid","18.809","deg","84295","µV","26.086","°C","1019.000","hPa","34.1","pmil","0","53.442","deg","23.711","°C","100.000","%a.s.","21.016","deg","23.307","°C","1019.000","hPa","0.861","-0.02617","0.00035","0","0","13.56","Humid","22.75","0","51.00","251342.58","SABD0000000001","AAV1.0.0.11","1.1.2.0","PSt7-10","170328-022","9/30/2017 7:09:10 PM","0000-00","0","no battery","V"
"11/03/2018","09:39:04","9","default","550496092","OXY_CH9","15.049","min","248.359","µmol/L","Humid","18.812","deg","84284","µV","26.079","°C","1019.000","hPa","34.1","pmil","0","53.442","deg","23.711","°C","100.000","%a.s.","21.016","deg","23.307","°C","1019.000","hPa","0.861","-0.02617","0.00035","0","0","13.56","Humid","22.75","0","51.00","251344.85","SABD0000000001","AAV1.0.0.11","1.1.2.0","PSt7-10","170328-022","9/30/2017 7:09:10 PM","0000-00","0","no battery","V"
"11/03/2018","09:39:05","9","default","550496092","OXY_CH9","15.066","min","248.294","µmol/L","Humid","18.810","deg","84284","µV","26.095","°C","1019.000","hPa","34.1","pmil","0","53.442","deg","23.711","°C","100.000","%a.s.","21.016","deg","23.307","°C","1019.000","hPa","0.861","-0.02617","0.00035","0","0","13.56","Humid","22.75","0","51.00","251343.04","SABD0000000001","AAV1.0.0.11","1.1.2.0","PSt7-10","170328-022","9/30/2017 7:09:10 PM","0000-00","0","no battery","V"
"11/03/2018","09:39:06","9","default","550496092","OXY_CH9","15.082","min","248.268","µmol/L","Humid","18.815","deg","84281","µV","26.082","°C","1019.000","hPa","34.1","pmil","0","53.442","deg","23.711","°C","100.000","%a.s.","21.016","deg","23.307","°C","1019.000","hPa","0.861","-0.02617","0.00035","0","0","13.56","Humid","22.75","0","51.00","251348.73","SABD0000000001","AAV1.0.0.11","1.1.2.0","PSt7-10","170328-022","9/30/2017 7:09:10 PM","0000-00","0","no battery","V"
"11/03/2018","09:39:07","9","default","550496092","OXY_CH9","15.099","min","248.251","µmol/L","Humid","18.813","deg","84276","µV","26.091","°C","1019.000","hPa","34.1","pmil","0","53.442","deg","23.711","°C","100.000","%a.s.","21.016","deg","23.307","°C","1019.000","hPa","0.861","-0.02617","0.00035","0","0","13.56","Humid","22.75","0","51.00","251334.78","SABD0000000001","AAV1.0.0.11","1.1.2.0","PSt7-10","170328-022","9/30/2017 7:09:10 PM","0000-00","0","no battery","V"
"11/03/2018","09:39:08","9","default","550496092","OXY_CH9","15.116","min","248.535","µmol/L","Humid","18.803","deg","84276","µV","26.085","°C","1019.000","hPa","34.1","pmil","0","53.442","deg","23.711","°C","100.000","%a.s.","21.016","deg","23.307","°C","1019.000","hPa","0.861","-0.02617","0.00035","0","0","13.56","Humid","22.75","0","51.00","251329.17","SABD0000000001","AAV1.0.0.11","1.1.2.0","PSt7-10","170328-022","9/30/2017 7:09:10 PM","0000-00","0","no battery","V"
"11/03/2018","09:39:09","9","default","550496092","OXY_CH9","15.133","min","248.318","µmol/L","Humid","18.810","deg","84280","µV","26.091","°C","1019.000","hPa","34.1","pmil","0","53.442","deg","23.711","°C","100.000","%a.s.","21.016","deg","23.307","°C","1019.000","hPa","0.861","-0.02617","0.00035","0","0","13.56","Humid","22.75","0","51.00","251351.87","SABD0000000001","AAV1.0.0.11","1.1.2.0","PSt7-10","170328-022","9/30/2017 7:09:10 PM","0000-00","0","no battery","V"
"11/03/2018","09:39:10","9","default","550496092","OXY_CH9","15.149","min","248.338","µmol/L","Humid","18.811","deg","84270","µV","26.086","°C","1019.000","hPa","34.1","pmil","0","53.442","deg","23.711","°C","100.000","%a.s.","21.016","deg","23.307","°C","1019.000","hPa","0.861","-0.02617","0.00035","0","0","13.56","Humid","22.75","0","51.00","251346.51","SABD0000000001","AAV1.0.0.11","1.1.2.0","PSt7-10","170328-022","9/30/2017 7:09:10 PM","0000-00","0","no battery","V"
"11/03/2018","09:39:11","9","default","550496092","OXY_CH9","15.166","min","248.463","µmol/L","Humid","18.804","deg","84273","µV","26.091","°C","1019.000","hPa","34.1","pmil","0","53.442","deg","23.711","°C","100.000","%a.s.","21.016","deg","23.307","°C","1019.000","hPa","0.861","-0.02617","0.00035","0","0","13.56","Humid","22.75","0","51.00","251350.41","SABD0000000001","AAV1.0.0.11","1.1.2.0","PSt7-10","170328-022","9/30/2017 7:09:10 PM","0000-00","0","no battery","V"
"11/03/2018","09:39:12","9","default","550496092","OXY_CH9","15.182","min","248.314","µmol/L","Humid","18.810","deg","84272","µV","26.092","°C","1019.000","hPa","34.1","pmil","0","53.442","deg","23.711","°C","100.000","%a.s.","21.016","deg","23.307","°C","1019.000","hPa","0.861","-0.02617","0.00035","0","0","13.56","Humid","22.75","0","51.00","251340.26","SABD0000000001","AAV1.0.0.11","1.1.2.0","PSt7-10","170328-022","9/30/2017 7:09:10 PM","0000-00","0","no battery","V"
"11/03/2018","09:39:13","9","default","550496092","OXY_CH9","15.199","min","248.462","µmol/L","Humid","18.807","deg","84256","µV","26.082","°C","1019.000","hPa","34.1","pmil","0","53.442","deg","23.711","°C","100.000","%a.s.","21.016","deg","23.307","°C","1019.000","hPa","0.861","-0.02617","0.00035","0","0","13.56","Humid","22.75","0","51.00","251342.58","SABD0000000001","AAV1.0.0.11","1.1.2.0","PSt7-10","170328-022","9/30/2017 7:09:10 PM","0000-00","0","no battery","V"
"11/03/2018","09:39:14","9","default","550496092","OXY_CH9","15.216","min","248.529","µmol/L","Humid","18.805","deg","84254","µV","26.079","°C","1019.000","hPa","34.1","pmil","0","53.442","deg","23.711","°C","100.000","%a.s.","21.016","deg","23.307","°C","1019.000","hPa","0.861","-0.02617","0.00035","0","0","13.56","Humid","22.75","0","51.00","251337.58","SABD0000000001","AAV1.0.0.11","1.1.2.0","PSt7-10","170328-022","9/30/2017 7:09:10 PM","0000-00","0","no battery","V"
"11/03/2018","09:39:15","9","default","550496092","OXY_CH9","15.232","min","248.465","µmol/L","Humid","18.809","deg","84250","µV","26.075","°C","1019.000","hPa","34.1","pmil","0","53.442","deg","23.711","°C","100.000","%a.s.","21.016","deg","23.307","°C","1019.000","hPa","0.861","-0.02617","0.00035","0","0","13.56","Humid","22.75","0","51.00","251334.71","SABD0000000001","AAV1.0.0.11","1.1.2.0","PSt7-10","170328-022","9/30/2017 7:09:10 PM","0000-00","0","no battery","V"
"11/03/2018","09:39:16","9","default","550496092","OXY_CH9","15.249","min","248.463","µmol/L","Humid","18.803","deg","84242","µV","26.095","°C","1019.000","hPa","34.1","pmil","0","53.442","deg","23.711","°C","100.000","%a.s.","21.016","deg","23.307","°C","1019.000","hPa","0.861","-0.02617","0.00035","0","0","13.56","Humid","22.75","0","51.00","251324.31","SABD0000000001","AAV1.0.0.11","1.1.2.0","PSt7-10","170328-022","9/30/2017 7:09:10 PM","0000-00","0","no battery","V"
"11/03/2018","09:39:17","9","default","550496092","OXY_CH9","15.266","min","248.470","µmol/L","Humid","18.803","deg","84240","µV","26.094","°C","1019.000","hPa","34.1","pmil","0","53.442","deg","23.711","°C","100.000","%a.s.","21.016","deg","23.307","°C","1019.000","hPa","0.861","-0.02617","0.00035","0","0","13.56","Humid","22.75","0","51.00","251329.51","SABD0000000001","AAV1.0.0.11","1.1.2.0","PSt7-10","170328-022","9/30/2017 7:09:10 PM","0000-00","0","no battery","V"
"11/03/2018","09:39:18","9","default","550496092","OXY_CH9","15.283","min","248.590","µmol/L","Humid","18.800","deg","84243","µV","26.087","°C","1019.000","hPa","34.1","pmil","0","53.442","deg","23.711","°C","100.000","%a.s.","21.016","deg","23.307","°C","1019.000","hPa","0.861","-0.02617","0.00035","0","0","13.56","Humid","22.75","0","51.00","251332.12","SABD0000000001","AAV1.0.0.11","1.1.2.0","PSt7-10","170328-022","9/30/2017 7:09:10 PM","0000-00","0","no battery","V"
"11/03/2018","09:39:19","9","default","550496092","OXY_CH9","15.300","min","248.483","µmol/L","Humid","18.806","deg","84236","µV","26.082","°C","1019.000","hPa","34.1","pmil","0","53.442","deg","23.711","°C","100.000","%a.s.","21.016","deg","23.307","°C","1019.000","hPa","0.861","-0.02617","0.00035","0","0","13.56","Humid","22.75","0","51.00","251326.69","SABD0000000001","AAV1.0.0.11","1.1.2.0","PSt7-10","170328-022","9/30/2017 7:09:10 PM","0000-00","0","no battery","V"
"11/03/2018","09:39:20","9","default","550496092","OXY_CH9","15.316","min","248.698","µmol/L","Humid","18.798","deg","84235","µV","26.079","°C","1019.000","hPa","34.1","pmil","0","53.442","deg","23.711","°C","100.000","%a.s.","21.016","deg","23.307","°C","1019.000","hPa","0.861","-0.02617","0.00035","0","0","13.56","Humid","22.75","0","51.00","251328.01","SABD0000000001","AAV1.0.0.11","1.1.2.0","PSt7-10","170328-022","9/30/2017 7:09:10 PM","0000-00","0","no battery","V"
"11/03/2018","09:39:21","9","default","550496092","OXY_CH9","15.332","min","248.699","µmol/L","Humid","18.800","deg","84227","µV","26.072","°C","1019.000","hPa","34.1","pmil","0","53.442","deg","23.711","°C","100.000","%a.s.","21.016","deg","23.307","°C","1019.000","hPa","0.861","-0.02617","0.00035","0","0","13.56","Humid","22.75","0","51.00","251324.98","SABD0000000001","AAV1.0.0.11","1.1.2.0","PSt7-10","170328-022","9/30/2017 7:09:10 PM","0000-00","0","no battery","V"
"11/03/2018","09:39:22","9","default","550496092","OXY_CH9","15.349","min","248.461","µmol/L","Humid","18.807","deg","84231","µV","26.082","°C","1019.000","hPa","34.1","pmil","0","53.442","deg","23.711","°C","100.000","%a.s.","21.016","deg","23.307","°C","1019.000","hPa","0.861","-0.02617","0.00035","0","0","13.56","Humid","22.75","0","51.00","251327.49","SABD0000000001","AAV1.0.0.11","1.1.2.0","PSt7-10","170328-022","9/30/2017 7:09:10 PM","0000-00","0","no battery","V"
"11/03/2018","09:39:23","9","default","550496092","OXY_CH9","15.366","min","248.499","µmol/L","Humid","18.799","deg","84228","µV","26.103","°C","1019.000","hPa","34.1","pmil","0","53.442","deg","23.711","°C","100.000","%a.s.","21.016","deg","23.307","°C","1019.000","hPa","0.861","-0.02617","0.00035","0","0","13.56","Humid","22.75","0","51.00","251318.12","SABD0000000001","AAV1.0.0.11","1.1.2.0","PSt7-10","170328-022","9/30/2017 7:09:10 PM","0000-00","0","no battery","V"
"11/03/2018","09:39:24","9","default","550496092","OXY_CH9","15.383","min","248.550","µmol/L","Humid","18.799","deg","84222","µV","26.096","°C","1019.000","hPa","34.1","pmil","0","53.442","deg","23.711","°C","100.000","%a.s.","21.016","deg","23.307","°C","1019.000","hPa","0.861","-0.02617","0.00035","0","0","13.56","Humid","22.75","0","51.00","251330.63","SABD0000000001","AAV1.0.0.11","1.1.2.0","PSt7-10","170328-022","9/30/2017 7:09:10 PM","0000-00","0","no battery","V"
"11/03/2018","09:39:25","9","default","550496092","OXY_CH9","15.399","min","248.583","µmol/L","Humid","18.800","deg","84208","µV","26.088","°C","1019.000","hPa","34.1","pmil","0","53.442","deg","23.711","°C","100.000","%a.s.","21.016","deg","23.307","°C","1019.000","hPa","0.861","-0.02617","0.00035","0","0","13.56","Humid","22.75","0","51.00","251308.07","SABD0000000001","AAV1.0.0.11","1.1.2.0","PSt7-10","170328-022","9/30/2017 7:09:10 PM","0000-00","0","no battery","V"
"11/03/2018","09:39:26","9","default","550496092","OXY_CH9","15.416","min","248.482","µmol/L","Humid","18.801","deg","84218","µV","26.098","°C","1019.000","hPa","34.1","pmil","0","53.442","deg","23.711","°C","100.000","%a.s.","21.016","deg","23.307","°C","1019.000","hPa","0.861","-0.02617","0.00035","0","0","13.56","Humid","22.75","0","51.00","251309.80","SABD0000000001","AAV1.0.0.11","1.1.2.0","PSt7-10","170328-022","9/30/2017 7:09:10 PM","0000-00","0","no battery","V"
"11/03/2018","09:39:27","9","default","550496092","OXY_CH9","15.433","min","248.481","µmol/L","Humid","18.804","deg","84216","µV","26.089","°C","1019.000","hPa","34.1","pmil","0","53.442","deg","23.711","°C","100.000","%a.s.","21.016","deg","23.307","°C","1019.000","hPa","0.861","-0.02617","0.00035","0","0","13.56","Humid","22.75","0","51.00","251314.39","SABD0000000001","AAV1.0.0.11","1.1.2.0","PSt7-10","170328-022","9/30/2017 7:09:10 PM","0000-00","0","no battery","V"
"11/03/2018","09:39:28","9","default","550496092","OXY_CH9","15.449","min","248.634","µmol/L","Humid","18.794","deg","84217","µV","26.101","°C","1019.000","hPa","34.1","pmil","0","53.442","deg","23.711","°C","100.000","%a.s.","21.016","deg","23.307","°C","1019.000","hPa","0.861","-0.02617","0.00035","0","0","13.56","Humid","22.75","0","51.00","251309.79","SABD0000000001","AAV1.0.0.11","1.1.2.0","PSt7-10","170328-022","9/30/2017 7:09:10 PM","0000-00","0","no battery","V"
"11/03/2018","09:39:29","9","default","550496092","OXY_CH9","15.466","min","248.717","µmol/L","Humid","18.796","deg","84208","µV","26.083","°C","1019.000","hPa","34.1","pmil","0","53.442","deg","23.711","°C","100.000","%a.s.","21.016","deg","23.307","°C","1019.000","hPa","0.861","-0.02617","0.00035","0","0","13.56","Humid","22.75","0","51.00","251311.90","SABD0000000001","AAV1.0.0.11","1.1.2.0","PSt7-10","170328-022","9/30/2017 7:09:10 PM","0000-00","0","no battery","V"
"11/03/2018","09:39:30","9","default","550496092","OXY_CH9","15.482","min","248.634","µmol/L","Humid","18.795","deg","84205","µV","26.097","°C","1019.000","hPa","34.1","pmil","0","53.442","deg","23.711","°C","100.000","%a.s.","21.016","deg","23.307","°C","1019.000","hPa","0.861","-0.02617","0.00035","0","0","13.56","Humid","22.75","0","51.00","251318.53","SABD0000000001","AAV1.0.0.11","1.1.2.0","PSt7-10","170328-022","9/30/2017 7:09:10 PM","0000-00","0","no battery","V"
"11/03/2018","09:39:31","9","default","550496092","OXY_CH9","15.499","min","248.597","µmol/L","Humid","18.797","deg","84197","µV","26.096","°C","1019.000","hPa","34.1","pmil","0","53.442","deg","23.711","°C","100.000","%a.s.","21.016","deg","23.307","°C","1019.000","hPa","0.861","-0.02617","0.00035","0","0","13.56","Humid","22.75","0","51.00","251318.63","SABD0000000001","AAV1.0.0.11","1.1.2.0","PSt7-10","170328-022","9/30/2017 7:09:10 PM","0000-00","0","no battery","V"
"11/03/2018","09:39:32","9","default","550496092","OXY_CH9","15.516","min","248.672","µmol/L","Humid","18.794","deg","84192","µV","26.095","°C","1019.000","hPa","34.1","pmil","0","53.442","deg","23.711","°C","100.000","%a.s.","21.016","deg","23.307","°C","1019.000","hPa","0.861","-0.02617","0.00035","0","0","13.56","Humid","22.75","0","51.00","251309.87","SABD0000000001","AAV1.0.0.11","1.1.2.0","PSt7-10","170328-022","9/30/2017 7:09:10 PM","0000-00","0","no battery","V"
"11/03/2018","09:39:33","9","default","550496092","OXY_CH9","15.532","min","248.720","µmol/L","Humid","18.791","deg","84183","µV","26.099","°C","1019.000","hPa","34.1","pmil","0","53.442","deg","23.711","°C","100.000","%a.s.","21.016","deg","23.307","°C","1019.000","hPa","0.861","-0.02617","0.00035","0","0","13.56","Humid","22.75","0","51.00","251310.73","SABD0000000001","AAV1.0.0.11","1.1.2.0","PSt7-10","170328-022","9/30/2017 7:09:10 PM","0000-00","0","no battery","V"
"11/03/2018","09:39:34","9","default","550496092","OXY_CH9","15.549","min","248.704","µmol/L","Humid","18.793","deg","84181","µV","26.094","°C","1019.000","hPa","34.1","pmil","0","53.442","deg","23.711","°C","100.000","%a.s.","21.016","deg","23.307","°C","1019.000","hPa","0.861","-0.02617","0.00035","0","0","13.56","Humid","22.75","0","51.00","251305.25","SABD0000000001","AAV1.0.0.11","1.1.2.0","PSt7-10","170328-022","9/30/2017 7:09:10 PM","0000-00","0","no battery","V"
"11/03/2018","09:39:35","9","default","550496092","OXY_CH9","15.566","min","248.638","µmol/L","Humid","18.795","deg","84178","µV","26.097","°C","1019.000","hPa","34.1","pmil","0","53.442","deg","23.711","°C","100.000","%a.s.","21.016","deg","23.307","°C","1019.000","hPa","0.861","-0.02617","0.00035","0","0","13.56","Humid","22.75","0","51.00","251314.38","SABD0000000001","AAV1.0.0.11","1.1.2.0","PSt7-10","170328-022","9/30/2017 7:09:10 PM","0000-00","0","no battery","V"
"11/03/2018","09:39:36","9","default","550496092","OXY_CH9","15.583","min","248.831","µmol/L","Humid","18.789","deg","84182","µV","26.090","°C","1019.000","hPa","34.1","pmil","0","53.442","deg","23.711","°C","100.000","%a.s.","21.016","deg","23.307","°C","1019.000","hPa","0.861","-0.02617","0.00035","0","0","13.56","Humid","22.75","0","51.00","251305.74","SABD0000000001","AAV1.0.0.11","1.1.2.0","PSt7-10","170328-022","9/30/2017 7:09:10 PM","0000-00","0","no battery","V"
"11/03/2018","09:39:37","9","default","550496092","OXY_CH9","15.599","min","248.770","µmol/L","Humid","18.792","deg","84172","µV","26.088","°C","1019.000","hPa","34.1","pmil","0","53.442","deg","23.711","°C","100.000","%a.s.","21.016","deg","23.307","°C","1019.000","hPa","0.861","-0.02617","0.00035","0","0","13.56","Humid","22.75","0","51.00","251312.53","SABD0000000001","AAV1.0.0.11","1.1.2.0","PSt7-10","170328-022","9/30/2017 7:09:10 PM","0000-00","0","no battery","V"
"11/03/2018","09:39:38","9","default","550496092","OXY_CH9","15.616","min","248.765","µmol/L","Humid","18.792","deg","84167","µV","26.089","°C","1019.000","hPa","34.1","pmil","0","53.442","deg","23.711","°C","100.000","%a.s.","21.016","deg","23.307","°C","1019.000","hPa","0.861","-0.02617","0.00035","0","0","13.56","Humid","22.75","0","51.00","251298.06","SABD0000000001","AAV1.0.0.11","1.1.2.0","PSt7-10","170328-022","9/30/2017 7:09:10 PM","0000-00","0","no battery","V"
"11/03/2018","09:39:39","9","default","550496092","OXY_CH9","15.633","min","248.879","µmol/L","Humid","18.788","deg","84172","µV","26.087","°C","1019.000","hPa","34.1","pmil","0","53.442","deg","23.711","°C","100.000","%a.s.","21.016","deg","23.307","°C","1019.000","hPa","0.861","-0.02617","0.00035","0","0","13.56","Humid","22.75","0","51.00","251307.97","SABD0000000001","AAV1.0.0.11","1.1.2.0","PSt7-10","170328-022","9/30/2017 7:09:10 PM","0000-00","0","no battery","V"
"11/03/2018","09:39:40","9","default","550496092","OXY_CH9","15.649","min","248.916","µmol/L","Humid","18.787","deg","84171","µV","26.085","°C","1019.000","hPa","34.1","pmil","0","53.442","deg","23.711","°C","100.000","%a.s.","21.016","deg","23.307","°C","1019.000","hPa","0.861","-0.02617","0.00035","0","0","13.56","Humid","22.75","0","51.00","251295.19","SABD0000000001","AAV1.0.0.11","1.1.2.0","PSt7-10","170328-022","9/30/2017 7:09:10 PM","0000-00","0","no battery","V"
"11/03/2018","09:39:41","9","default","550496092","OXY_CH9","15.666","min","248.617","µmol/L","Humid","18.792","deg","84164","µV","26.109","°C","1019.000","hPa","34.1","pmil","0","53.442","deg","23.711","°C","100.000","%a.s.","21.016","deg","23.307","°C","1019.000","hPa","0.861","-0.02617","0.00035","0","0","13.56","Humid","22.75","0","51.00","251302.73","SABD0000000001","AAV1.0.0.11","1.1.2.0","PSt7-10","170328-022","9/30/2017 7:09:10 PM","0000-00","0","no battery","V"
"11/03/2018","09:39:42","9","default","550496092","OXY_CH9","15.682","min","248.787","µmol/L","Humid","18.787","deg","84156","µV","26.102","°C","1019.000","hPa","34.1","pmil","0","53.442","deg","23.711","°C","100.000","%a.s.","21.016","deg","23.307","°C","1019.000","hPa","0.861","-0.02617","0.00035","0","0","13.56","Humid","22.75","0","51.00","251301.38","SABD0000000001","AAV1.0.0.11","1.1.2.0","PSt7-10","170328-022","9/30/2017 7:09:10 PM","0000-00","0","no battery","V"
"11/03/2018","09:39:43","9","default","550496092","OXY_CH9","15.699","min","248.674","µmol/L","Humid","18.792","deg","84159","µV","26.102","°C","1019.000","hPa","34.1","pmil","0","53.442","deg","23.711","°C","100.000","%a.s.","21.016","deg","23.307","°C","1019.000","hPa","0.861","-0.02617","0.00035","0","0","13.56","Humid","22.75","0","51.00","251308.12","SABD0000000001","AAV1.0.0.11","1.1.2.0","PSt7-10","170328-022","9/30/2017 7:09:10 PM","0000-00","0","no battery","V"
"11/03/2018","09:39:44","9","default","550496092","OXY_CH9","15.716","min","248.861","µmol/L","Humid","18.784","deg","84160","µV","26.102","°C","1019.000","hPa","34.1","pmil","0","53.442","deg","23.711","°C","100.000","%a.s.","21.016","deg","23.307","°C","1019.000","hPa","0.861","-0.02617","0.00035","0","0","13.56","Humid","22.75","0","51.00","251308.71","SABD0000000001","AAV1.0.0.11","1.1.2.0","PSt7-10","170328-022","9/30/2017 7:09:10 PM","0000-00","0","no battery","V"
"11/03/2018","09:39:45","9","default","550496092","OXY_CH9","15.732","min","248.752","µmol/L","Humid","18.789","deg","84153","µV","26.101","°C","1019.000","hPa","34.1","pmil","0","53.442","deg","23.711","°C","100.000","%a.s.","21.016","deg","23.307","°C","1019.000","hPa","0.861","-0.02617","0.00035","0","0","13.56","Humid","22.75","0","51.00","251300.39","SABD0000000001","AAV1.0.0.11","1.1.2.0","PSt7-10","170328-022","9/30/2017 7:09:10 PM","0000-00","0","no battery","V"
"11/03/2018","09:39:46","9","default","550496092","OXY_CH9","15.749","min","248.900","µmol/L","Humid","18.783","deg","84144","µV","26.100","°C","1019.000","hPa","34.1","pmil","0","53.442","deg","23.711","°C","100.000","%a.s.","21.016","deg","23.307","°C","1019.000","hPa","0.861","-0.02617","0.00035","0","0","13.56","Humid","22.75","0","51.00","251295.45","SABD0000000001","AAV1.0.0.11","1.1.2.0","PSt7-10","170328-022","9/30/2017 7:09:10 PM","0000-00","0","no battery","V"
"11/03/2018","09:39:47","9","default","550496092","OXY_CH9","15.766","min","248.913","µmol/L","Humid","18.782","deg","84152","µV","26.102","°C","1019.000","hPa","34.1","pmil","0","53.442","deg","23.711","°C","100.000","%a.s.","21.016","deg","23.307","°C","1019.000","hPa","0.861","-0.02617","0.00035","0","0","13.56","Humid","22.75","0","51.00","251295.38","SABD0000000001","AAV1.0.0.11","1.1.2.0","PSt7-10","170328-022","9/30/2017 7:09:10 PM","0000-00","0","no battery","V"
"11/03/2018","09:39:48","9","default","550496092","OXY_CH9","15.783","min","248.826","µmol/L","Humid","18.785","deg","84141","µV","26.104","°C","1019.000","hPa","34.1","pmil","0","53.442","deg","23.711","°C","100.000","%a.s.","21.016","deg","23.307","°C","1019.000","hPa","0.861","-0.02617","0.00035","0","0","13.56","Humid","22.75","0","51.00","251293.07","SABD0000000001","AAV1.0.0.11","1.1.2.0","PSt7-10","170328-022","9/30/2017 7:09:10 PM","0000-00","0","no battery","V"
"11/03/2018","09:39:49","9","default","550496092","OXY_CH9","15.799","min","249.000","µmol/L","Humid","18.781","deg","84133","µV","26.093","°C","1019.000","hPa","34.1","pmil","0","53.442","deg","23.711","°C","100.000","%a.s.","21.016","deg","23.307","°C","1019.000","hPa","0.861","-0.02617","0.00035","0","0","13.56","Humid","22.75","0","51.00","251287.41","SABD0000000001","AAV1.0.0.11","1.1.2.0","PSt7-10","170328-022","9/30/2017 7:09:10 PM","0000-00","0","no battery","V"
"11/03/2018","09:39:50","9","default","550496092","OXY_CH9","15.816","min","248.905","µmol/L","Humid","18.785","deg","84131","µV","26.093","°C","1019.000","hPa","34.1","pmil","0","53.442","deg","23.711","°C","100.000","%a.s.","21.016","deg","23.307","°C","1019.000","hPa","0.861","-0.02617","0.00035","0","0","13.56","Humid","22.75","0","51.00","251291.33","SABD0000000001","AAV1.0.0.11","1.1.2.0","PSt7-10","170328-022","9/30/2017 7:09:10 PM","0000-00","0","no battery","V"
"11/03/2018","09:39:51","9","default","550496092","OXY_CH9","15.833","min","248.918","µmol/L","Humid","18.784","deg","84133","µV","26.094","°C","1019.000","hPa","34.1","pmil","0","53.442","deg","23.711","°C","100.000","%a.s.","21.016","deg","23.307","°C","1019.000","hPa","0.861","-0.02617","0.00035","0","0","13.56","Humid","22.75","0","51.00","251292.94","SABD0000000001","AAV1.0.0.11","1.1.2.0","PSt7-10","170328-022","9/30/2017 7:09:10 PM","0000-00","0","no battery","V"
"11/03/2018","09:39:52","9","default","550496092","OXY_CH9","15.849","min","248.996","µmol/L","Humid","18.784","deg","84134","µV","26.084","°C","1019.000","hPa","34.1","pmil","0","53.442","deg","23.711","°C","100.000","%a.s.","21.016","deg","23.307","°C","1019.000","hPa","0.861","-0.02617","0.00035","0","0","13.56","Humid","22.75","0","51.00","251291.77","SABD0000000001","AAV1.0.0.11","1.1.2.0","PSt7-10","170328-022","9/30/2017 7:09:10 PM","0000-00","0","no battery","V"
"11/03/2018","09:39:53","9","default","550496092","OXY_CH9","15.866","min","249.005","µmol/L","Humid","18.782","deg","84121","µV","26.089","°C","1019.000","hPa","34.1","pmil","0","53.442","deg","23.711","°C","100.000","%a.s.","21.016","deg","23.307","°C","1019.000","hPa","0.861","-0.02617","0.00035","0","0","13.56","Humid","22.75","0","51.00","251277.75","SABD0000000001","AAV1.0.0.11","1.1.2.0","PSt7-10","170328-022","9/30/2017 7:09:10 PM","0000-00","0","no battery","V"
"11/03/2018","09:39:54","9","default","550496092","OXY_CH9","15.882","min","248.953","µmol/L","Humid","18.782","deg","84125","µV","26.096","°C","1019.000","hPa","34.1","pmil","0","53.442","deg","23.711","°C","100.000","%a.s.","21.016","deg","23.307","°C","1019.000","hPa","0.861","-0.02617","0.00035","0","0","13.56","Humid","22.75","0","51.00","251286.02","SABD0000000001","AAV1.0.0.11","1.1.2.0","PSt7-10","170328-022","9/30/2017 7:09:10 PM","0000-00","0","no battery","V"
"11/03/2018","09:39:55","9","default","550496092","OXY_CH9","15.899","min","249.056","µmol/L","Humid","18.781","deg","84122","µV","26.085","°C","1019.000","hPa","34.1","pmil","0","53.442","deg","23.711","°C","100.000","%a.s.","21.016","deg","23.307","°C","1019.000","hPa","0.861","-0.02617","0.00035","0","0","13.56","Humid","22.75","0","51.00","251285.39","SABD0000000001","AAV1.0.0.11","1.1.2.0","PSt7-10","170328-022","9/30/2017 7:09:10 PM","0000-00","0","no battery","V"
"11/03/2018","09:39:56","9","default","550496092","OXY_CH9","15.915","min","249.096","µmol/L","Humid","18.777","deg","84107","µV","26.093","°C","1019.000","hPa","34.1","pmil","0","53.442","deg","23.711","°C","100.000","%a.s.","21.016","deg","23.307","°C","1019.000","hPa","0.861","-0.02617","0.00035","0","0","13.56","Humid","22.75","0","51.00","251277.83","SABD0000000001","AAV1.0.0.11","1.1.2.0","PSt7-10","170328-022","9/30/2017 7:09:10 PM","0000-00","0","no battery","V"
"11/03/2018","09:39:57","9","default","550496092","OXY_CH9","15.932","min","248.990","µmol/L","Humid","18.783","deg","84114","µV","26.088","°C","1019.000","hPa","34.1","pmil","0","53.442","deg","23.711","°C","100.000","%a.s.","21.016","deg","23.307","°C","1019.000","hPa","0.861","-0.02617","0.00035","0","0","13.56","Humid","22.75","0","51.00","251281.72","SABD0000000001","AAV1.0.0.11","1.1.2.0","PSt7-10","170328-022","9/30/2017 7:09:10 PM","0000-00","0","no battery","V"
"11/03/2018","09:39:58","9","default","550496092","OXY_CH9","15.949","min","249.119","µmol/L","Humid","18.779","deg","84108","µV","26.083","°C","1019.000","hPa","34.1","pmil","0","53.442","deg","23.711","°C","100.000","%a.s.","21.016","deg","23.307","°C","1019.000","hPa","0.861","-0.02617","0.00035","0","0","13.56","Humid","22.75","0","51.00","251272.25","SABD0000000001","AAV1.0.0.11","1.1.2.0","PSt7-10","170328-022","9/30/2017 7:09:10 PM","0000-00","0","no battery","V"
"11/03/2018","09:39:59","9","default","550496092","OXY_CH9","15.966","min","249.096","µmol/L","Humid","18.778","deg","84101","µV","26.090","°C","1019.000","hPa","34.1","pmil","0","53.442","deg","23.711","°C","100.000","%a.s.","21.016","deg","23.307","°C","1019.000","hPa","0.861","-0.02617","0.00035","0","0","13.56","Humid","22.75","0","51.00","251282.09","SABD0000000001","AAV1.0.0.11","1.1.2.0","PSt7-10","170328-022","9/30/2017 7:09:10 PM","0000-00","0","no battery","V"
"11/03/2018","09:40:00","9","default","550496092","OXY_CH9","15.982","min","249.171","µmol/L","Humid","18.777","deg","84099","µV","26.083","°C","1019.000","hPa","34.1","pmil","0","53.442","deg","23.711","°C","100.000","%a.s.","21.016","deg","23.307","°C","1019.000","hPa","0.861","-0.02617","0.00035","0","0","13.56","Humid","22.75","0","51.00","251277.04","SABD0000000001","AAV1.0.0.11","1.1.2.0","PSt7-10","170328-022","9/30/2017 7:09:10 PM","0000-00","0","no battery","V"
"11/03/2018","09:40:01","9","default","550496092","OXY_CH9","15.999","min","249.189","µmol/L","Humid","18.773","deg","84100","µV","26.093","°C","1019.000","hPa","34.1","pmil","0","53.442","deg","23.711","°C","100.000","%a.s.","21.016","deg","23.307","°C","1019.000","hPa","0.861","-0.02617","0.00035","0","0","13.56","Humid","22.75","0","51.00","251276.67","SABD0000000001","AAV1.0.0.11","1.1.2.0","PSt7-10","170328-022","9/30/2017 7:09:10 PM","0000-00","0","no battery","V"
"11/03/2018","09:40:02","9","default","550496092","OXY_CH9","16.016","min","248.890","µmol/L","Humid","18.782","deg","84096","µV","26.105","°C","1019.000","hPa","34.1","pmil","0","53.442","deg","23.711","°C","100.000","%a.s.","21.016","deg","23.307","°C","1019.000","hPa","0.861","-0.02617","0.00035","0","0","13.56","Humid","22.75","0","51.00","251271.85","SABD0000000001","AAV1.0.0.11","1.1.2.0","PSt7-10","170328-022","9/30/2017 7:09:10 PM","0000-00","0","no battery","V"
"11/03/2018","09:40:03","9","default","550496092","OXY_CH9","16.033","min","249.037","µmol/L","Humid","18.776","deg","84092","µV","26.104","°C","1019.000","hPa","34.1","pmil","0","53.442","deg","23.711","°C","100.000","%a.s.","21.016","deg","23.307","°C","1019.000","hPa","0.861","-0.02617","0.00035","0","0","13.56","Humid","22.75","0","51.00","251268.89","SABD0000000001","AAV1.0.0.11","1.1.2.0","PSt7-10","170328-022","9/30/2017 7:09:10 PM","0000-00","0","no battery","V"
"11/03/2018","09:40:04","9","default","550496092","OXY_CH9","16.049","min","249.108","µmol/L","Humid","18.776","deg","84088","µV","26.095","°C","1019.000","hPa","34.1","pmil","0","53.442","deg","23.711","°C","100.000","%a.s.","21.016","deg","23.307","°C","1019.000","hPa","0.861","-0.02617","0.00035","0","0","13.56","Humid","22.75","0","51.00","251272.29","SABD0000000001","AAV1.0.0.11","1.1.2.0","PSt7-10","170328-022","9/30/2017 7:09:10 PM","0000-00","0","no battery","V"
"11/03/2018","09:40:05","9","default","550496092","OXY_CH9","16.065","min","249.178","µmol/L","Humid","18.774","deg","84087","µV","26.092","°C","1019.000","hPa","34.1","pmil","0","53.442","deg","23.711","°C","100.000","%a.s.","21.016","deg","23.307","°C","1019.000","hPa","0.861","-0.02617","0.00035","0","0","13.56","Humid","22.75","0","51.00","251266.93","SABD0000000001","AAV1.0.0.11","1.1.2.0","PSt7-10","170328-022","9/30/2017 7:09:10 PM","0000-00","0","no battery","V"
"11/03/2018","09:40:06","9","default","550496092","OXY_CH9","16.082","min","249.219","µmol/L","Humid","18.770","deg","84088","µV","26.099","°C","1019.000","hPa","34.1","pmil","0","53.442","deg","23.711","°C","100.000","%a.s.","21.016","deg","23.307","°C","1019.000","hPa","0.861","-0.02617","0.00035","0","0","13.56","Humid","22.75","0","51.00","251271.37","SABD0000000001","AAV1.0.0.11","1.1.2.0","PSt7-10","170328-022","9/30/2017 7:09:10 PM","0000-00","0","no battery","V"
"11/03/2018","09:40:07","9","default","550496092","OXY_CH9","16.099","min","249.098","µmol/L","Humid","18.773","deg","84080","µV","26.106","°C","1019.000","hPa","34.1","pmil","0","53.442","deg","23.711","°C","100.000","%a.s.","21.016","deg","23.307","°C","1019.000","hPa","0.861","-0.02617","0.00035","0","0","13.56","Humid","22.75","0","51.00","251284.62","SABD0000000001","AAV1.0.0.11","1.1.2.0","PSt7-10","170328-022","9/30/2017 7:09:10 PM","0000-00","0","no battery","V"
"11/03/2018","09:40:08","9","default","550496092","OXY_CH9","16.116","min","249.196","µmol/L","Humid","18.774","deg","84081","µV","26.089","°C","1019.000","hPa","34.1","pmil","0","53.442","deg","23.711","°C","100.000","%a.s.","21.016","deg","23.307","°C","1019.000","hPa","0.861","-0.02617","0.00035","0","0","13.56","Humid","22.75","0","51.00","251279.72","SABD0000000001","AAV1.0.0.11","1.1.2.0","PSt7-10","170328-022","9/30/2017 7:09:10 PM","0000-00","0","no battery","V"
"11/03/2018","09:40:09","9","default","550496092","OXY_CH9","16.132","min","249.056","µmol/L","Humid","18.776","deg","84071","µV","26.102","°C","1019.000","hPa","34.1","pmil","0","53.442","deg","23.711","°C","100.000","%a.s.","21.016","deg","23.307","°C","1019.000","hPa","0.861","-0.02617","0.00035","0","0","13.56","Humid","22.75","0","51.00","251271.07","SABD0000000001","AAV1.0.0.11","1.1.2.0","PSt7-10","170328-022","9/30/2017 7:09:10 PM","0000-00","0","no battery","V"
"11/03/2018","09:40:10","9","default","550496092","OXY_CH9","16.149","min","249.124","µmol/L","Humid","18.772","deg","84064","µV","26.106","°C","1019.000","hPa","34.1","pmil","0","53.442","deg","23.711","°C","100.000","%a.s.","21.016","deg","23.307","°C","1019.000","hPa","0.861","-0.02617","0.00035","0","0","13.56","Humid","22.75","0","51.00","251272.00","SABD0000000001","AAV1.0.0.11","1.1.2.0","PSt7-10","170328-022","9/30/2017 7:09:10 PM","0000-00","0","no battery","V"
"11/03/2018","09:40:11","9","default","550496092","OXY_CH9","16.166","min","249.158","µmol/L","Humid","18.771","deg","84066","µV","26.104","°C","1019.000","hPa","34.1","pmil","0","53.442","deg","23.711","°C","100.000","%a.s.","21.016","deg","23.307","°C","1019.000","hPa","0.861","-0.02617","0.00035","0","0","13.56","Humid","22.75","0","51.00","251267.56","SABD0000000001","AAV1.0.0.11","1.1.2.0","PSt7-10","170328-022","9/30/2017 7:09:10 PM","0000-00","0","no battery","V"
"11/03/2018","09:40:12","9","default","550496092","OXY_CH9","16.183","min","249.270","µmol/L","Humid","18.770","deg","84065","µV","26.092","°C","1019.000","hPa","34.1","pmil","0","53.442","deg","23.711","°C","100.000","%a.s.","21.016","deg","23.307","°C","1019.000","hPa","0.861","-0.02617","0.00035","0","0","13.56","Humid","22.75","0","51.00","251275.77","SABD0000000001","AAV1.0.0.11","1.1.2.0","PSt7-10","170328-022","9/30/2017 7:09:10 PM","0000-00","0","no battery","V"
"11/03/2018","09:40:13","9","default","550496092","OXY_CH9","16.199","min","249.215","µmol/L","Humid","18.772","deg","84054","µV","26.093","°C","1019.000","hPa","34.1","pmil","0","53.442","deg","23.711","°C","100.000","%a.s.","21.016","deg","23.307","°C","1019.000","hPa","0.861","-0.02617","0.00035","0","0","13.56","Humid","22.75","0","51.00","251268.53","SABD0000000001","AAV1.0.0.11","1.1.2.0","PSt7-10","170328-022","9/30/2017 7:09:10 PM","0000-00","0","no battery","V"
"11/03/2018","09:40:14","9","default","550496092","OXY_CH9","16.216","min","249.317","µmol/L","Humid","18.770","deg","84047","µV","26.086","°C","1019.000","hPa","34.1","pmil","0","53.442","deg","23.711","°C","100.000","%a.s.","21.016","deg","23.307","°C","1019.000","hPa","0.861","-0.02617","0.00035","0","0","13.56","Humid","22.75","0","51.00","251270.03","SABD0000000001","AAV1.0.0.11","1.1.2.0","PSt7-10","170328-022","9/30/2017 7:09:10 PM","0000-00","0","no battery","V"
"11/03/2018","09:40:15","9","default","550496092","OXY_CH9","16.232","min","249.216","µmol/L","Humid","18.772","deg","84046","µV","26.093","°C","1019.000","hPa","34.1","pmil","0","53.442","deg","23.711","°C","100.000","%a.s.","21.016","deg","23.307","°C","1019.000","hPa","0.861","-0.02617","0.00035","0","0","13.56","Humid","22.75","0","51.00","251269.87","SABD0000000001","AAV1.0.0.11","1.1.2.0","PSt7-10","170328-022","9/30/2017 7:09:10 PM","0000-00","0","no battery","V"
"11/03/2018","09:40:16","9","default","550496092","OXY_CH9","16.249","min","249.352","µmol/L","Humid","18.767","deg","84044","µV","26.091","°C","1019.000","hPa","34.1","pmil","0","53.442","deg","23.711","°C","100.000","%a.s.","21.016","deg","23.307","°C","1019.000","hPa","0.861","-0.02617","0.00035","0","0","13.56","Humid","22.75","0","51.00","251254.36","SABD0000000001","AAV1.0.0.11","1.1.2.0","PSt7-10","170328-022","9/30/2017 7:09:10 PM","0000-00","0","no battery","V"
"11/03/2018","09:40:17","9","default","550496092","OXY_CH9","16.266","min","249.348","µmol/L","Humid","18.771","deg","84053","µV","26.078","°C","1019.000","hPa","34.1","pmil","0","53.442","deg","23.711","°C","100.000","%a.s.","21.016","deg","23.307","°C","1019.000","hPa","0.861","-0.02617","0.00035","0","0","13.56","Humid","22.75","0","51.00","251269.12","SABD0000000001","AAV1.0.0.11","1.1.2.0","PSt7-10","170328-022","9/30/2017 7:09:10 PM","0000-00","0","no battery","V"
"11/03/2018","09:40:18","9","default","550496092","OXY_CH9","16.282","min","249.304","µmol/L","Humid","18.769","deg","84045","µV","26.091","°C","1019.000","hPa","34.1","pmil","0","53.442","deg","23.711","°C","100.000","%a.s.","21.016","deg","23.307","°C","1019.000","hPa","0.861","-0.02617","0.00035","0","0","13.56","Humid","22.75","0","51.00","251254.45","SABD0000000001","AAV1.0.0.11","1.1.2.0","PSt7-10","170328-022","9/30/2017 7:09:10 PM","0000-00","0","no battery","V"
"11/03/2018","09:40:19","9","default","550496092","OXY_CH9","16.299","min","249.348","µmol/L","Humid","18.765","deg","84042","µV","26.098","°C","1019.000","hPa","34.1","pmil","0","53.442","deg","23.711","°C","100.000","%a.s.","21.016","deg","23.307","°C","1019.000","hPa","0.861","-0.02617","0.00035","0","0","13.56","Humid","22.75","0","51.00","251268.01","SABD0000000001","AAV1.0.0.11","1.1.2.0","PSt7-10","170328-022","9/30/2017 7:09:10 PM","0000-00","0","no battery","V"
"11/03/2018","09:40:20","9","default","550496092","OXY_CH9","16.316","min","249.258","µmol/L","Humid","18.765","deg","84038","µV","26.110","°C","1019.000","hPa","34.1","pmil","0","53.442","deg","23.711","°C","100.000","%a.s.","21.016","deg","23.307","°C","1019.000","hPa","0.861","-0.02617","0.00035","0","0","13.56","Humid","22.75","0","51.00","251253.98","SABD0000000001","AAV1.0.0.11","1.1.2.0","PSt7-10","170328-022","9/30/2017 7:09:10 PM","0000-00","0","no battery","V"
"11/03/2018","09:40:21","9","default","550496092","OXY_CH9","16.333","min","249.315","µmol/L","Humid","18.768","deg","84034","µV","26.093","°C","1019.000","hPa","34.1","pmil","0","53.442","deg","23.711","°C","100.000","%a.s.","21.016","deg","23.307","°C","1019.000","hPa","0.861","-0.02617","0.00035","0","0","13.56","Humid","22.75","0","51.00","251268.06","SABD0000000001","AAV1.0.0.11","1.1.2.0","PSt7-10","170328-022","9/30/2017 7:09:10 PM","0000-00","0","no battery","V"
"11/03/2018","09:40:22","9","default","550496092","OXY_CH9","16.349","min","249.398","µmol/L","Humid","18.766","deg","84025","µV","26.088","°C","1019.000","hPa","34.1","pmil","0","53.442","deg","23.711","°C","100.000","%a.s.","21.016","deg","23.307","°C","1019.000","hPa","0.861","-0.02617","0.00035","0","0","13.56","Humid","22.75","0","51.00","251251.50","SABD0000000001","AAV1.0.0.11","1.1.2.0","PSt7-10","170328-022","9/30/2017 7:09:10 PM","0000-00","0","no battery","V"
"11/03/2018","09:40:23","9","default","550496092","OXY_CH9","16.366","min","249.292","µmol/L","Humid","18.765","deg","84019","µV","26.105","°C","1019.000","hPa","34.1","pmil","0","53.442","deg","23.711","°C","100.000","%a.s.","21.016","deg","23.307","°C","1019.000","hPa","0.861","-0.02617","0.00035","0","0","13.56","Humid","22.75","0","51.00","251250.47","SABD0000000001","AAV1.0.0.11","1.1.2.0","PSt7-10","170328-022","9/30/2017 7:09:10 PM","0000-00","0","no battery","V"
"11/03/2018","09:40:24","9","default","550496092","OXY_CH9","16.383","min","249.420","µmol/L","Humid","18.761","deg","84022","µV","26.101","°C","1019.000","hPa","34.1","pmil","0","53.442","deg","23.711","°C","100.000","%a.s.","21.016","deg","23.307","°C","1019.000","hPa","0.861","-0.02617","0.00035","0","0","13.56","Humid","22.75","0","51.00","251253.66","SABD0000000001","AAV1.0.0.11","1.1.2.0","PSt7-10","170328-022","9/30/2017 7:09:10 PM","0000-00","0","no battery","V"
"11/03/2018","09:40:25","9","default","550496092","OXY_CH9","16.400","min","249.487","µmol/L","Humid","18.762","deg","84016","µV","26.089","°C","1019.000","hPa","34.1","pmil","0","53.442","deg","23.711","°C","100.000","%a.s.","21.016","deg","23.307","°C","1019.000","hPa","0.861","-0.02617","0.00035","0","0","13.56","Humid","22.75","0","51.00","251256.52","SABD0000000001","AAV1.0.0.11","1.1.2.0","PSt7-10","170328-022","9/30/2017 7:09:10 PM","0000-00","0","no battery","V"
"11/03/2018","09:42:10","9","default","550496092","OXY_CH9","18.143","min","250.615","µmol/L","Humid","18.716","deg","79265","µV","26.086","°C","1019.000","hPa","34.1","pmil","0","53.442","deg","23.711","°C","100.000","%a.s.","21.016","deg","23.307","°C","1019.000","hPa","0.861","-0.02617","0.00035","0","0","13.56","Humid","22.75","0","51.00","251425.18","SABD0000000001","AAV1.0.0.11","1.1.2.0","PSt7-10","170328-022","9/30/2017 7:09:10 PM","0000-00","0","no battery","V"
"11/03/2018","09:42:11","9","default","550496092","OXY_CH9","18.166","min","250.651","µmol/L","Humid","18.715","deg","79257","µV","26.084","°C","1019.000","hPa","34.1","pmil","0","53.442","deg","23.711","°C","100.000","%a.s.","21.016","deg","23.307","°C","1019.000","hPa","0.861","-0.02617","0.00035","0","0","13.56","Humid","22.75","0","51.00","251382.04","SABD0000000001","AAV1.0.0.11","1.1.2.0","PSt7-10","170328-022","9/30/2017 7:09:10 PM","0000-00","0","no battery","V"
"11/03/2018","09:42:12","9","default","550496092","OXY_CH9","18.183","min","250.711","µmol/L","Humid","18.713","deg","79247","µV","26.083","°C","1019.000","hPa","34.1","pmil","0","53.442","deg","23.711","°C","100.000","%a.s.","21.016","deg","23.307","°C","1019.000","hPa","0.861","-0.02617","0.00035","0","0","13.56","Humid","22.75","0","51.00","251373.65","SABD0000000001","AAV1.0.0.11","1.1.2.0","PSt7-10","170328-022","9/30/2017 7:09:10 PM","0000-00","0","no battery","V"
"11/03/2018","09:42:13","9","default","550496092","OXY_CH9","18.199","min","250.681","µmol/L","Humid","18.715","deg","79234","µV","26.080","°C","1019.000","hPa","34.1","pmil","0","53.442","deg","23.711","°C","100.000","%a.s.","21.016","deg","23.307","°C","1019.000","hPa","0.861","-0.02617","0.00035","0","0","13.56","Humid","22.75","0","51.00","251342.13","SABD0000000001","AAV1.0.0.11","1.1.2.0","PSt7-10","170328-022","9/30/2017 7:09:10 PM","0000-00","0","no battery","V"
"11/03/2018","09:42:14","9","default","550496092","OXY_CH9","18.216","min","250.489","µmol/L","Humid","18.719","deg","79231","µV","26.093","°C","1019.000","hPa","34.1","pmil","0","53.442","deg","23.711","°C","100.000","%a.s.","21.016","deg","23.307","°C","1019.000","hPa","0.861","-0.02617","0.00035","0","0","13.56","Humid","22.75","0","51.00","251346.88","SABD0000000001","AAV1.0.0.11","1.1.2.0","PSt7-10","170328-022","9/30/2017 7:09:10 PM","0000-00","0","no battery","V"
"11/03/2018","09:42:15","9","default","550496092","OXY_CH9","18.233","min","250.417","µmol/L","Humid","18.719","deg","79239","µV","26.103","°C","1019.000","hPa","34.1","pmil","0","53.442","deg","23.711","°C","100.000","%a.s.","21.016","deg","23.307","°C","1019.000","hPa","0.861","-0.02617","0.00035","0","0","13.56","Humid","22.75","0","51.00","251335.52","SABD0000000001","AAV1.0.0.11","1.1.2.0","PSt7-10","170328-022","9/30/2017 7:09:10 PM","0000-00","0","no battery","V"
"11/03/2018","09:42:16","9","default","550496092","OXY_CH9","18.249","min","250.541","µmol/L","Humid","18.719","deg","79225","µV","26.086","°C","1019.000","hPa","34.1","pmil","0","53.442","deg","23.711","°C","100.000","%a.s.","21.016","deg","23.307","°C","1019.000","hPa","0.861","-0.02617","0.00035","0","0","13.56","Humid","22.75","0","51.00","251326.32","SABD0000000001","AAV1.0.0.11","1.1.2.0","PSt7-10","170328-022","9/30/2017 7:09:10 PM","0000-00","0","no battery","V"
"11/03/2018","09:42:17","9","default","550496092","OXY_CH9","18.265","min","250.777","µmol/L","Humid","18.713","deg","79225","µV","26.074","°C","1019.000","hPa","34.1","pmil","0","53.442","deg","23.711","°C","100.000","%a.s.","21.016","deg","23.307","°C","1019.000","hPa","0.861","-0.02617","0.00035","0","0","13.56","Humid","22.75","0","51.00","251316.68","SABD0000000001","AAV1.0.0.11","1.1.2.0","PSt7-10","170328-022","9/30/2017 7:09:10 PM","0000-00","0","no battery","V"
"11/03/2018","09:42:18","9","default","550496092","OXY_CH9","18.282","min","250.620","µmol/L","Humid","18.714","deg","79227","µV","26.092","°C","1019.000","hPa","34.1","pmil","0","53.442","deg","23.711","°C","100.000","%a.s.","21.016","deg","23.307","°C","1019.000","hPa","0.861","-0.02617","0.00035","0","0","13.56","Humid","22.75","0","51.00","251303.19","SABD0000000001","AAV1.0.0.11","1.1.2.0","PSt7-10","170328-022","9/30/2017 7:09:10 PM","0000-00","0","no battery","V"
"11/03/2018","09:42:19","9","default","550496092","OXY_CH9","18.299","min","250.583","µmol/L","Humid","18.715","deg","79223","µV","26.094","°C","1019.000","hPa","34.1","pmil","0","53.442","deg","23.711","°C","100.000","%a.s.","21.016","deg","23.307","°C","1019.000","hPa","0.861","-0.02617","0.00035","0","0","13.56","Humid","22.75","0","51.00","251309.76","SABD0000000001","AAV1.0.0.11","1.1.2.0","PSt7-10","170328-022","9/30/2017 7:09:10 PM","0000-00","0","no battery","V"
"11/03/2018","09:42:20","9","default","550496092","OXY_CH9","18.316","min","250.595","µmol/L","Humid","18.715","deg","79230","µV","26.092","°C","1019.000","hPa","34.1","pmil","0","53.442","deg","23.711","°C","100.000","%a.s.","21.016","deg","23.307","°C","1019.000","hPa","0.861","-0.02617","0.00035","0","0","13.56","Humid","22.75","0","51.00","251313.68","SABD0000000001","AAV1.0.0.11","1.1.2.0","PSt7-10","170328-022","9/30/2017 7:09:10 PM","0000-00","0","no battery","V"
"11/03/2018","09:42:21","9","default","550496092","OXY_CH9","18.333","min","250.537","µmol/L","Humid","18.720","deg","79225","µV","26.084","°C","1019.000","hPa","34.1","pmil","0","53.442","deg","23.711","°C","100.000","%a.s.","21.016","deg","23.307","°C","1019.000","hPa","0.861","-0.02617","0.00035","0","0","13.56","Humid","22.75","0","51.00","251303.04","SABD0000000001","AAV1.0.0.11","1.1.2.0","PSt7-10","170328-022","9/30/2017 7:09:10 PM","0000-00","0","no battery","V"
"11/03/2018","09:42:22","9","default","550496092","OXY_CH9","18.349","min","250.695","µmol/L","Humid","18.713","deg","79222","µV","26.085","°C","1019.000","hPa","34.1","pmil","0","53.442","deg","23.711","°C","100.000","%a.s.","21.016","deg","23.307","°C","1019.000","hPa","0.861","-0.02617","0.00035","0","0","13.56","Humid","22.75","0","51.00","251304.94","SABD0000000001","AAV1.0.0.11","1.1.2.0","PSt7-10","170328-022","9/30/2017 7:09:10 PM","0000-00","0","no battery","V"
"11/03/2018","09:42:23","9","default","550496092","OXY_CH9","18.366","min","250.564","µmol/L","Humid","18.718","deg","79213","µV","26.086","°C","1019.000","hPa","34.1","pmil","0","53.442","deg","23.711","°C","100.000","%a.s.","21.016","deg","23.307","°C","1019.000","hPa","0.861","-0.02617","0.00035","0","0","13.56","Humid","22.75","0","51.00","251305.89","SABD0000000001","AAV1.0.0.11","1.1.2.0","PSt7-10","170328-022","9/30/2017 7:09:10 PM","0000-00","0","no battery","V"
"11/03/2018","09:42:24","9","default","550496092","OXY_CH9","18.382","min","250.580","µmol/L","Humid","18.719","deg","79222","µV","26.081","°C","1019.000","hPa","34.1","pmil","0","53.442","deg","23.711","°C","100.000","%a.s.","21.016","deg","23.307","°C","1019.000","hPa","0.861","-0.02617","0.00035","0","0","13.56","Humid","22.75","0","51.00","251306.03","SABD0000000001","AAV1.0.0.11","1.1.2.0","PSt7-10","170328-022","9/30/2017 7:09:10 PM","0000-00","0","no battery","V"
"11/03/2018","09:42:25","9","default","550496092","OXY_CH9","18.399","min","250.626","µmol/L","Humid","18.715","deg","79223","µV","26.088","°C","1019.000","hPa","34.1","pmil","0","53.442","deg","23.711","°C","100.000","%a.s.","21.016","deg","23.307","°C","1019.000","hPa","0.861","-0.02617","0.00035","0","0","13.56","Humid","22.75","0","51.00","251301.48","SABD0000000001","AAV1.0.0.11","1.1.2.0","PSt7-10","170328-022","9/30/2017 7:09:10 PM","0000-00","0","no battery","V"
"11/03/2018","09:42:26","9","default","550496092","OXY_CH9","18.416","min","250.602","µmol/L","Humid","18.717","deg","79215","µV","26.085","°C","1019.000","hPa","34.1","pmil","0","53.442","deg","23.711","°C","100.000","%a.s.","21.016","deg","23.307","°C","1019.000","hPa","0.861","-0.02617","0.00035","0","0","13.56","Humid","22.75","0","51.00","251290.14","SABD0000000001","AAV1.0.0.11","1.1.2.0","PSt7-10","170328-022","9/30/2017 7:09:10 PM","0000-00","0","no battery","V"
"11/03/2018","09:42:27","9","default","550496092","OXY_CH9","18.432","min","250.529","µmol/L","Humid","18.716","deg","79213","µV","26.098","°C","1019.000","hPa","34.1","pmil","0","53.442","deg","23.711","°C","100.000","%a.s.","21.016","deg","23.307","°C","1019.000","hPa","0.861","-0.02617","0.00035","0","0","13.56","Humid","22.75","0","51.00","251291.97","SABD0000000001","AAV1.0.0.11","1.1.2.0","PSt7-10","170328-022","9/30/2017 7:09:10 PM","0000-00","0","no battery","V"
"11/03/2018","09:42:28","9","default","550496092","OXY_CH9","18.449","min","250.625","µmol/L","Humid","18.718","deg","79214","µV","26.078","°C","1019.000","hPa","34.1","pmil","0","53.442","deg","23.711","°C","100.000","%a.s.","21.016","deg","23.307","°C","1019.000","hPa","0.861","-0.02617","0.00035","0","0","13.56","Humid","22.75","0","51.00","251296.61","SABD0000000001","AAV1.0.0.11","1.1.2.0","PSt7-10","170328-022","9/30/2017 7:09:10 PM","0000-00","0","no battery","V"
"11/03/2018","09:42:29","9","default","550496092","OXY_CH9","18.466","min","250.623","µmol/L","Humid","18.720","deg","79218","µV","26.072","°C","1019.000","hPa","34.1","pmil","0","53.442","deg","23.711","°C","100.000","%a.s.","21.016","deg","23.307","°C","1019.000","hPa","0.861","-0.02617","0.00035","0","0","13.56","Humid","22.75","0","51.00","251285.52","SABD0000000001","AAV1.0.0.11","1.1.2.0","PSt7-10","170328-022","9/30/2017 7:09:10 PM","0000-00","0","no battery","V"
"11/03/2018","09:42:30","9","default","550496092","OXY_CH9","18.483","min","250.559","µmol/L","Humid","18.716","deg","79210","µV","26.094","°C","1019.000","hPa","34.1","pmil","0","53.442","deg","23.711","°C","100.000","%a.s.","21.016","deg","23.307","°C","1019.000","hPa","0.861","-0.02617","0.00035","0","0","13.56","Humid","22.75","0","51.00","251284.60","SABD0000000001","AAV1.0.0.11","1.1.2.0","PSt7-10","170328-022","9/30/2017 7:09:10 PM","0000-00","0","no battery","V"
"11/03/2018","09:42:31","9","default","550496092","OXY_CH9","18.499","min","250.654","µmol/L","Humid","18.718","deg","79217","µV","26.074","°C","1019.000","hPa","34.1","pmil","0","53.442","deg","23.711","°C","100.000","%a.s.","21.016","deg","23.307","°C","1019.000","hPa","0.861","-0.02617","0.00035","0","0","13.56","Humid","22.75","0","51.00","251287.89","SABD0000000001","AAV1.0.0.11","1.1.2.0","PSt7-10","170328-022","9/30/2017 7:09:10 PM","0000-00","0","no battery","V"
"11/03/2018","09:42:32","9","default","550496092","OXY_CH9","18.516","min","250.546","µmol/L","Humid","18.718","deg","79205","µV","26.089","°C","1019.000","hPa","34.1","pmil","0","53.442","deg","23.711","°C","100.000","%a.s.","21.016","deg","23.307","°C","1019.000","hPa","0.861","-0.02617","0.00035","0","0","13.56","Humid","22.75","0","51.00","251284.82","SABD0000000001","AAV1.0.0.11","1.1.2.0","PSt7-10","170328-022","9/30/2017 7:09:10 PM","0000-00","0","no battery","V"
"11/03/2018","09:42:33","9","default","550496092","OXY_CH9","18.533","min","250.495","µmol/L","Humid","18.716","deg","79217","µV","26.102","°C","1019.000","hPa","34.1","pmil","0","53.442","deg","23.711","°C","100.000","%a.s.","21.016","deg","23.307","°C","1019.000","hPa","0.861","-0.02617","0.00035","0","0","13.56","Humid","22.75","0","51.00","251283.06","SABD0000000001","AAV1.0.0.11","1.1.2.0","PSt7-10","170328-022","9/30/2017 7:09:10 PM","0000-00","0","no battery","V"
"11/03/2018","09:42:34","9","default","550496092","OXY_CH9","18.549","min","250.376","µmol/L","Humid","18.719","deg","79220","µV","26.109","°C","1019.000","hPa","34.1","pmil","0","53.442","deg","23.711","°C","100.000","%a.s.","21.016","deg","23.307","°C","1019.000","hPa","0.861","-0.02617","0.00035","0","0","13.56","Humid","22.75","0","51.00","251278.97","SABD0000000001","AAV1.0.0.11","1.1.2.0","PSt7-10","170328-022","9/30/2017 7:09:10 PM","0000-00","0","no battery","V"
"11/03/2018","09:42:35","9","default","550496092","OXY_CH9","18.566","min","250.540","µmol/L","Humid","18.715","deg","79212","µV","26.099","°C","1019.000","hPa","34.1","pmil","0","53.442","deg","23.711","°C","100.000","%a.s.","21.016","deg","23.307","°C","1019.000","hPa","0.861","-0.02617","0.00035","0","0","13.56","Humid","22.75","0","51.00","251288.55","SABD0000000001","AAV1.0.0.11","1.1.2.0","PSt7-10","170328-022","9/30/2017 7:09:10 PM","0000-00","0","no battery","V"
"11/03/2018","09:42:36","9","default","550496092","OXY_CH9","18.582","min","250.537","µmol/L","Humid","18.719","deg","79215","µV","26.087","°C","1019.000","hPa","34.1","pmil","0","53.442","deg","23.711","°C","100.000","%a.s.","21.016","deg","23.307","°C","1019.000","hPa","0.861","-0.02617","0.00035","0","0","13.56","Humid","22.75","0","51.00","251279.56","SABD0000000001","AAV1.0.0.11","1.1.2.0","PSt7-10","170328-022","9/30/2017 7:09:10 PM","0000-00","0","no battery","V"
"11/03/2018","09:42:37","9","default","550496092","OXY_CH9","18.599","min","250.527","µmol/L","Humid","18.718","deg","79205","µV","26.091","°C","1019.000","hPa","34.1","pmil","0","53.442","deg","23.711","°C","100.000","%a.s.","21.016","deg","23.307","°C","1019.000","hPa","0.861","-0.02617","0.00035","0","0","13.56","Humid","22.75","0","51.00","251274.74","SABD0000000001","AAV1.0.0.11","1.1.2.0","PSt7-10","170328-022","9/30/2017 7:09:10 PM","0000-00","0","no battery","V"
"11/03/2018","09:42:38","9","default","550496092","OXY_CH9","18.616","min","250.536","µmol/L","Humid","18.715","deg","79214","µV","26.100","°C","1019.000","hPa","34.1","pmil","0","53.442","deg","23.711","°C","100.000","%a.s.","21.016","deg","23.307","°C","1019.000","hPa","0.861","-0.02617","0.00035","0","0","13.56","Humid","22.75","0","51.00","251269.70","SABD0000000001","AAV1.0.0.11","1.1.2.0","PSt7-10","170328-022","9/30/2017 7:09:10 PM","0000-00","0","no battery","V"
"11/03/2018","09:42:39","9","default","550496092","OXY_CH9","18.633","min","250.482","µmol/L","Humid","18.718","deg","79209","µV","26.097","°C","1019.000","hPa","34.1","pmil","0","53.442","deg","23.711","°C","100.000","%a.s.","21.016","deg","23.307","°C","1019.000","hPa","0.861","-0.02617","0.00035","0","0","13.56","Humid","22.75","0","51.00","251276.67","SABD0000000001","AAV1.0.0.11","1.1.2.0","PSt7-10","170328-022","9/30/2017 7:09:10 PM","0000-00","0","no battery","V"
"11/03/2018","09:42:40","9","default","550496092","OXY_CH9","18.649","min","250.458","µmol/L","Humid","18.719","deg","79208","µV","26.098","°C","1019.000","hPa","34.1","pmil","0","53.442","deg","23.711","°C","100.000","%a.s.","21.016","deg","23.307","°C","1019.000","hPa","0.861","-0.02617","0.00035","0","0","13.56","Humid","22.75","0","51.00","251270.61","SABD0000000001","AAV1.0.0.11","1.1.2.0","PSt7-10","170328-022","9/30/2017 7:09:10 PM","0000-00","0","no battery","V"
"11/03/2018","09:42:41","9","default","550496092","OXY_CH9","18.666","min","250.403","µmol/L","Humid","18.721","deg","79208","µV","26.098","°C","1019.000","hPa","34.1","pmil","0","53.442","deg","23.711","°C","100.000","%a.s.","21.016","deg","23.307","°C","1019.000","hPa","0.861","-0.02617","0.00035","0","0","13.56","Humid","22.75","0","51.00","251271.91","SABD0000000001","AAV1.0.0.11","1.1.2.0","PSt7-10","170328-022","9/30/2017 7:09:10 PM","0000-00","0","no battery","V"
"11/03/2018","09:42:42","9","default","550496092","OXY_CH9","18.682","min","250.523","µmol/L","Humid","18.717","deg","79211","µV","26.095","°C","1019.000","hPa","34.1","pmil","0","53.442","deg","23.711","°C","100.000","%a.s.","21.016","deg","23.307","°C","1019.000","hPa","0.861","-0.02617","0.00035","0","0","13.56","Humid","22.75","0","51.00","251258.96","SABD0000000001","AAV1.0.0.11","1.1.2.0","PSt7-10","170328-022","9/30/2017 7:09:10 PM","0000-00","0","no battery","V"
"11/03/2018","09:42:43","9","default","550496092","OXY_CH9","18.699","min","250.518","µmol/L","Humid","18.718","deg","79213","µV","26.093","°C","1019.000","hPa","34.1","pmil","0","53.442","deg","23.711","°C","100.000","%a.s.","21.016","deg","23.307","°C","1019.000","hPa","0.861","-0.02617","0.00035","0","0","13.56","Humid","22.75","0","51.00","251266.96","SABD0000000001","AAV1.0.0.11","1.1.2.0","PSt7-10","170328-022","9/30/2017 7:09:10 PM","0000-00","0","no battery","V"
"11/03/2018","09:42:44","9","default","550496092","OXY_CH9","18.716","min","250.549","µmol/L","Humid","18.715","deg","79204","µV","26.098","°C","1019.000","hPa","34.1","pmil","0","53.442","deg","23.711","°C","100.000","%a.s.","21.016","deg","23.307","°C","1019.000","hPa","0.861","-0.02617","0.00035","0","0","13.56","Humid","22.75","0","51.00","251257.63","SABD0000000001","AAV1.0.0.11","1.1.2.0","PSt7-10","170328-022","9/30/2017 7:09:10 PM","0000-00","0","no battery","V"
"11/03/2018","09:42:45","9","default","550496092","OXY_CH9","18.732","min","250.591","µmol/L","Humid","18.715","deg","79203","µV","26.093","°C","1019.000","hPa","34.1","pmil","0","53.442","deg","23.711","°C","100.000","%a.s.","21.016","deg","23.307","°C","1019.000","hPa","0.861","-0.02617","0.00035","0","0","13.56","Humid","22.75","0","51.00","251257.57","SABD0000000001","AAV1.0.0.11","1.1.2.0","PSt7-10","170328-022","9/30/2017 7:09:10 PM","0000-00","0","no battery","V"
"11/03/2018","09:42:46","9","default","550496092","OXY_CH9","18.749","min","250.474","µmol/L","Humid","18.722","deg","79210","µV","26.086","°C","1019.000","hPa","34.1","pmil","0","53.442","deg","23.711","°C","100.000","%a.s.","21.016","deg","23.307","°C","1019.000","hPa","0.861","-0.02617","0.00035","0","0","13.56","Humid","22.75","0","51.00","251254.58","SABD0000000001","AAV1.0.0.11","1.1.2.0","PSt7-10","170328-022","9/30/2017 7:09:10 PM","0000-00","0","no battery","V"
"11/03/2018","09:42:47","9","default","550496092","OXY_CH9","18.766","min","250.559","µmol/L","Humid","18.719","deg","79210","µV","26.084","°C","1019.000","hPa","34.1","pmil","0","53.442","deg","23.711","°C","100.000","%a.s.","21.016","deg","23.307","°C","1019.000","hPa","0.861","-0.02617","0.00035","0","0","13.56","Humid","22.75","0","51.00","251253.82","SABD0000000001","AAV1.0.0.11","1.1.2.0","PSt7-10","170328-022","9/30/2017 7:09:10 PM","0000-00","0","no battery","V"
"11/03/2018","09:42:48","9","default","550496092","OXY_CH9","18.783","min","250.644","µmol/L","Humid","18.718","deg","79205","µV","26.076","°C","1019.000","hPa","34.1","pmil","0","53.442","deg","23.711","°C","100.000","%a.s.","21.016","deg","23.307","°C","1019.000","hPa","0.861","-0.02617","0.00035","0","0","13.56","Humid","22.75","0","51.00","251257.55","SABD0000000001","AAV1.0.0.11","1.1.2.0","PSt7-10","170328-022","9/30/2017 7:09:10 PM","0000-00","0","no battery","V"
"11/03/2018","09:42:49","9","default","550496092","OXY_CH9","18.800","min","250.537","µmol/L","Humid","18.722","deg","79207","µV","26.077","°C","1019.000","hPa","34.1","pmil","0","53.442","deg","23.711","°C","100.000","%a.s.","21.016","deg","23.307","°C","1019.000","hPa","0.861","-0.02617","0.00035","0","0","13.56","Humid","22.75","0","51.00","251266.18","SABD0000000001","AAV1.0.0.11","1.1.2.0","PSt7-10","170328-022","9/30/2017 7:09:10 PM","0000-00","0","no battery","V"
"11/03/2018","09:42:50","9","default","550496092","OXY_CH9","18.815","min","250.583","µmol/L","Humid","18.717","deg","79206","µV","26.087","°C","1019.000","hPa","34.1","pmil","0","53.442","deg","23.711","°C","100.000","%a.s.","21.016","deg","23.307","°C","1019.000","hPa","0.861","-0.02617","0.00035","0","0","13.56","Humid","22.75","0","51.00","251263.86","SABD0000000001","AAV1.0.0.11","1.1.2.0","PSt7-10","170328-022","9/30/2017 7:09:10 PM","0000-00","0","no battery","V"
"11/03/2018","09:42:51","9","default","550496092","OXY_CH9","18.832","min","250.527","µmol/L","Humid","18.719","deg","79207","µV","26.088","°C","1019.000","hPa","34.1","pmil","0","53.442","deg","23.711","°C","100.000","%a.s.","21.016","deg","23.307","°C","1019.000","hPa","0.861","-0.02617","0.00035","0","0","13.56","Humid","22.75","0","51.00","251249.87","SABD0000000001","AAV1.0.0.11","1.1.2.0","PSt7-10","170328-022","9/30/2017 7:09:10 PM","0000-00","0","no battery","V"
"11/03/2018","09:42:52","9","default","550496092","OXY_CH9","18.849","min","250.515","µmol/L","Humid","18.719","deg","79207","µV","26.090","°C","1019.000","hPa","34.1","pmil","0","53.442","deg","23.711","°C","100.000","%a.s.","21.016","deg","23.307","°C","1019.000","hPa","0.861","-0.02617","0.00035","0","0","13.56","Humid","22.75","0","51.00","251251.50","SABD0000000001","AAV1.0.0.11","1.1.2.0","PSt7-10","170328-022","9/30/2017 7:09:10 PM","0000-00","0","no battery","V"
"11/03/2018","09:42:53","9","default","550496092","OXY_CH9","18.866","min","250.263","µmol/L","Humid","18.721","deg","79207","µV","26.117","°C","1019.000","hPa","34.1","pmil","0","53.442","deg","23.711","°C","100.000","%a.s.","21.016","deg","23.307","°C","1019.000","hPa","0.861","-0.02617","0.00035","0","0","13.56","Humid","22.75","0","51.00","251256.51","SABD0000000001","AAV1.0.0.11","1.1.2.0","PSt7-10","170328-022","9/30/2017 7:09:10 PM","0000-00","0","no battery","V"
"11/03/2018","09:42:54","9","default","550496092","OXY_CH9","18.882","min","250.495","µmol/L","Humid","18.718","deg","79210","µV","26.096","°C","1019.000","hPa","34.1","pmil","0","53.442","deg","23.711","°C","100.000","%a.s.","21.016","deg","23.307","°C","1019.000","hPa","0.861","-0.02617","0.00035","0","0","13.56","Humid","22.75","0","51.00","251247.07","SABD0000000001","AAV1.0.0.11","1.1.2.0","PSt7-10","170328-022","9/30/2017 7:09:10 PM","0000-00","0","no battery","V"
"11/03/2018","09:42:55","9","default","550496092","OXY_CH9","18.899","min","250.602","µmol/L","Humid","18.716","deg","79212","µV","26.088","°C","1019.000","hPa","34.1","pmil","0","53.442","deg","23.711","°C","100.000","%a.s.","21.016","deg","23.307","°C","1019.000","hPa","0.861","-0.02617","0.00035","0","0","13.56","Humid","22.75","0","51.00","251249.99","SABD0000000001","AAV1.0.0.11","1.1.2.0","PSt7-10","170328-022","9/30/2017 7:09:10 PM","0000-00","0","no battery","V"
"11/03/2018","09:42:56","9","default","550496092","OXY_CH9","18.916","min","250.440","µmol/L","Humid","18.721","deg","79195","µV","26.093","°C","1019.000","hPa","34.1","pmil","0","53.442","deg","23.711","°C","100.000","%a.s.","21.016","deg","23.307","°C","1019.000","hPa","0.861","-0.02617","0.00035","0","0","13.56","Humid","22.75","0","51.00","251247.95","SABD0000000001","AAV1.0.0.11","1.1.2.0","PSt7-10","170328-022","9/30/2017 7:09:10 PM","0000-00","0","no battery","V"
"11/03/2018","09:42:57","9","default","550496092","OXY_CH9","18.933","min","250.389","µmol/L","Humid","18.722","deg","79210","µV","26.097","°C","1019.000","hPa","34.1","pmil","0","53.442","deg","23.711","°C","100.000","%a.s.","21.016","deg","23.307","°C","1019.000","hPa","0.861","-0.02617","0.00035","0","0","13.56","Humid","22.75","0","51.00","251245.36","SABD0000000001","AAV1.0.0.11","1.1.2.0","PSt7-10","170328-022","9/30/2017 7:09:10 PM","0000-00","0","no battery","V"
"11/03/2018","09:42:58","9","default","550496092","OXY_CH9","18.949","min","250.343","µmol/L","Humid","18.722","deg","79206","µV","26.103","°C","1019.000","hPa","34.1","pmil","0","53.442","deg","23.711","°C","100.000","%a.s.","21.016","deg","23.307","°C","1019.000","hPa","0.861","-0.02617","0.00035","0","0","13.56","Humid","22.75","0","51.00","251256.22","SABD0000000001","AAV1.0.0.11","1.1.2.0","PSt7-10","170328-022","9/30/2017 7:09:10 PM","0000-00","0","no battery","V"
"11/03/2018","09:42:59","9","default","550496092","OXY_CH9","18.966","min","250.778","µmol/L","Humid","18.710","deg","79210","µV","26.084","°C","1019.000","hPa","34.1","pmil","0","53.442","deg","23.711","°C","100.000","%a.s.","21.016","deg","23.307","°C","1019.000","hPa","0.861","-0.02617","0.00035","0","0","13.56","Humid","22.75","0","51.00","251241.09","SABD0000000001","AAV1.0.0.11","1.1.2.0","PSt7-10","170328-022","9/30/2017 7:09:10 PM","0000-00","0","no battery","V"
"11/03/2018","09:43:00","9","default","550496092","OXY_CH9","18.982","min","250.611","µmol/L","Humid","18.717","deg","79210","µV","26.083","°C","1019.000","hPa","34.1","pmil","0","53.442","deg","23.711","°C","100.000","%a.s.","21.016","deg","23.307","°C","1019.000","hPa","0.861","-0.02617","0.00035","0","0","13.56","Humid","22.75","0","51.00","251235.95","SABD0000000001","AAV1.0.0.11","1.1.2.0","PSt7-10","170328-022","9/30/2017 7:09:10 PM","0000-00","0","no battery","V"
"11/03/2018","09:43:01","9","default","550496092","OXY_CH9","18.999","min","250.478","µmol/L","Humid","18.720","deg","79206","µV","26.092","°C","1019.000","hPa","34.1","pmil","0","53.442","deg","23.711","°C","100.000","%a.s.","21.016","deg","23.307","°C","1019.000","hPa","0.861","-0.02617","0.00035","0","0","13.56","Humid","22.75","0","51.00","251238.30","SABD0000000001","AAV1.0.0.11","1.1.2.0","PSt7-10","170328-022","9/30/2017 7:09:10 PM","0000-00","0","no battery","V"
"11/03/2018","09:43:02","9","default","550496092","OXY_CH9","19.016","min","250.397","µmol/L","Humid","18.722","deg","79211","µV","26.096","°C","1019.000","hPa","34.1","pmil","0","53.442","deg","23.711","°C","100.000","%a.s.","21.016","deg","23.307","°C","1019.000","hPa","0.861","-0.02617","0.00035","0","0","13.56","Humid","22.75","0","51.00","251238.47","SABD0000000001","AAV1.0.0.11","1.1.2.0","PSt7-10","170328-022","9/30/2017 7:09:10 PM","0000-00","0","no battery","V"
"11/03/2018","09:43:03","9","default","550496092","OXY_CH9","19.032","min","250.599","µmol/L","Humid","18.716","deg","79217","µV","26.088","°C","1019.000","hPa","34.1","pmil","0","53.442","deg","23.711","°C","100.000","%a.s.","21.016","deg","23.307","°C","1019.000","hPa","0.861","-0.02617","0.00035","0","0","13.56","Humid","22.75","0","51.00","251241.58","SABD0000000001","AAV1.0.0.11","1.1.2.0","PSt7-10","170328-022","9/30/2017 7:09:10 PM","0000-00","0","no battery","V"
"11/03/2018","09:43:04","9","default","550496092","OXY_CH9","19.049","min","250.660","µmol/L","Humid","18.715","deg","79215","µV","26.083","°C","1019.000","hPa","34.1","pmil","0","53.442","deg","23.711","°C","100.000","%a.s.","21.016","deg","23.307","°C","1019.000","hPa","0.861","-0.02617","0.00035","0","0","13.56","Humid","22.75","0","51.00","251234.38","SABD0000000001","AAV1.0.0.11","1.1.2.0","PSt7-10","170328-022","9/30/2017 7:09:10 PM","0000-00","0","no battery","V"
"11/03/2018","09:43:05","9","default","550496092","OXY_CH9","19.066","min","250.449","µmol/L","Humid","18.721","deg","79207","µV","26.092","°C","1019.000","hPa","34.1","pmil","0","53.442","deg","23.711","°C","100.000","%a.s.","21.016","deg","23.307","°C","1019.000","hPa","0.861","-0.02617","0.00035","0","0","13.56","Humid","22.75","0","51.00","251233.07","SABD0000000001","AAV1.0.0.11","1.1.2.0","PSt7-10","170328-022","9/30/2017 7:09:10 PM","0000-00","0","no battery","V"
"11/03/2018","09:43:06","9","default","550496092","OXY_CH9","19.083","min","250.554","µmol/L","Humid","18.717","deg","79207","µV","26.091","°C","1019.000","hPa","34.1","pmil","0","53.442","deg","23.711","°C","100.000","%a.s.","21.016","deg","23.307","°C","1019.000","hPa","0.861","-0.02617","0.00035","0","0","13.56","Humid","22.75","0","51.00","251235.26","SABD0000000001","AAV1.0.0.11","1.1.2.0","PSt7-10","170328-022","9/30/2017 7:09:10 PM","0000-00","0","no battery","V"
"11/03/2018","09:43:07","9","default","550496092","OXY_CH9","19.099","min","250.550","µmol/L","Humid","18.720","deg","79207","µV","26.082","°C","1019.000","hPa","34.1","pmil","0","53.442","deg","23.711","°C","100.000","%a.s.","21.016","deg","23.307","°C","1019.000","hPa","0.861","-0.02617","0.00035","0","0","13.56","Humid","22.75","0","51.00","251222.83","SABD0000000001","AAV1.0.0.11","1.1.2.0","PSt7-10","170328-022","9/30/2017 7:09:10 PM","0000-00","0","no battery","V"
"11/03/2018","09:43:08","9","default","550496092","OXY_CH9","19.116","min","250.540","µmol/L","Humid","18.720","deg","79214","µV","26.083","°C","1019.000","hPa","34.1","pmil","0","53.442","deg","23.711","°C","100.000","%a.s.","21.016","deg","23.307","°C","1019.000","hPa","0.861","-0.02617","0.00035","0","0","13.56","Humid","22.75","0","51.00","251223.83","SABD0000000001","AAV1.0.0.11","1.1.2.0","PSt7-10","170328-022","9/30/2017 7:09:10 PM","0000-00","0","no battery","V"
"11/03/2018","09:43:09","9","default","550496092","OXY_CH9","19.133","min","250.636","µmol/L","Humid","18.715","deg","79214","µV","26.087","°C","1019.000","hPa","34.1","pmil","0","53.442","deg","23.711","°C","100.000","%a.s.","21.016","deg","23.307","°C","1019.000","hPa","0.861","-0.02617","0.00035","0","0","13.56","Humid","22.75","0","51.00","251216.93","SABD0000000001","AAV1.0.0.11","1.1.2.0","PSt7-10","170328-022","9/30/2017 7:09:10 PM","0000-00","0","no battery","V"
"11/03/2018","09:43:10","9","default","550496092","OXY_CH9","19.149","min","250.646","µmol/L","Humid","18.715","deg","79214","µV","26.085","°C","1019.000","hPa","34.1","pmil","0","53.442","deg","23.711","°C","100.000","%a.s.","21.016","deg","23.307","°C","1019.000","hPa","0.861","-0.02617","0.00035","0","0","13.56","Humid","22.75","0","51.00","251215.82","SABD0000000001","AAV1.0.0.11","1.1.2.0","PSt7-10","170328-022","9/30/2017 7:09:10 PM","0000-00","0","no battery","V"
"11/03/2018","09:43:11","9","default","550496092","OXY_CH9","19.165","min","250.502","µmol/L","Humid","18.718","deg","79212","µV","26.095","°C","1019.000","hPa","34.1","pmil","0","53.442","deg","23.711","°C","100.000","%a.s.","21.016","deg","23.307","°C","1019.000","hPa","0.861","-0.02617","0.00035","0","0","13.56","Humid","22.75","0","51.00","251219.18","SABD0000000001","AAV1.0.0.11","1.1.2.0","PSt7-10","170328-022","9/30/2017 7:09:10 PM","0000-00","0","no battery","V"
"11/03/2018","09:43:12","9","default","550496092","OXY_CH9","19.182","min","250.455","µmol/L","Humid","18.720","deg","79215","µV","26.095","°C","1019.000","hPa","34.1","pmil","0","53.442","deg","23.711","°C","100.000","%a.s.","21.016","deg","23.307","°C","1019.000","hPa","0.861","-0.02617","0.00035","0","0","13.56","Humid","22.75","0","51.00","251223.47","SABD0000000001","AAV1.0.0.11","1.1.2.0","PSt7-10","170328-022","9/30/2017 7:09:10 PM","0000-00","0","no battery","V"
"11/03/2018","09:43:13","9","default","550496092","OXY_CH9","19.199","min","250.334","µmol/L","Humid","18.726","deg","79213","µV","26.091","°C","1019.000","hPa","34.1","pmil","0","53.442","deg","23.711","°C","100.000","%a.s.","21.016","deg","23.307","°C","1019.000","hPa","0.861","-0.02617","0.00035","0","0","13.56","Humid","22.75","0","51.00","251216.59","SABD0000000001","AAV1.0.0.11","1.1.2.0","PSt7-10","170328-022","9/30/2017 7:09:10 PM","0000-00","0","no battery","V"
"11/03/2018","09:43:14","9","default","550496092","OXY_CH9","19.216","min","250.425","µmol/L","Humid","18.718","deg","79219","µV","26.105","°C","1019.000","hPa","34.1","pmil","0","53.442","deg","23.711","°C","100.000","%a.s.","21.016","deg","23.307","°C","1019.000","hPa","0.861","-0.02617","0.00035","0","0","13.56","Humid","22.75","0","51.00","251204.14","SABD0000000001","AAV1.0.0.11","1.1.2.0","PSt7-10","170328-022","9/30/2017 7:09:10 PM","0000-00","0","no battery","V"
"11/03/2018","09:43:15","9","default","550496092","OXY_CH9","19.233","min","250.626","µmol/L","Humid","18.716","deg","79221","µV","26.085","°C","1019.000","hPa","34.1","pmil","0","53.442","deg","23.711","°C","100.000","%a.s.","21.016","deg","23.307","°C","1019.000","hPa","0.861","-0.02617","0.00035","0","0","13.56","Humid","22.75","0","51.00","251217.11","SABD0000000001","AAV1.0.0.11","1.1.2.0","PSt7-10","170328-022","9/30/2017 7:09:10 PM","0000-00","0","no battery","V"
"11/03/2018","09:43:16","9","default","550496092","OXY_CH9","19.249","min","250.468","µmol/L","Humid","18.719","deg","79210","µV","26.096","°C","1019.000","hPa","34.1","pmil","0","53.442","deg","23.711","°C","100.000","%a.s.","21.016","deg","23.307","°C","1019.000","hPa","0.861","-0.02617","0.00035","0","0","13.56","Humid","22.75","0","51.00","251209.18","SABD0000000001","AAV1.0.0.11","1.1.2.0","PSt7-10","170328-022","9/30/2017 7:09:10 PM","0000-00","0","no battery","V"
"11/03/2018","09:43:17","9","default","550496092","OXY_CH9","19.266","min","250.626","µmol/L","Humid","18.716","deg","79218","µV","26.085","°C","1019.000","hPa","34.1","pmil","0","53.442","deg","23.711","°C","100.000","%a.s.","21.016","deg","23.307","°C","1019.000","hPa","0.861","-0.02617","0.00035","0","0","13.56","Humid","22.75","0","51.00","251209.53","SABD0000000001","AAV1.0.0.11","1.1.2.0","PSt7-10","170328-022","9/30/2017 7:09:10 PM","0000-00","0","no battery","V"
"11/03/2018","09:43:18","9","default","550496092","OXY_CH9","19.282","min","250.507","µmol/L","Humid","18.719","deg","79216","µV","26.091","°C","1019.000","hPa","34.1","pmil","0","53.442","deg","23.711","°C","100.000","%a.s.","21.016","deg","23.307","°C","1019.000","hPa","0.861","-0.02617","0.00035","0","0","13.56","Humid","22.75","0","51.00","251212.16","SABD0000000001","AAV1.0.0.11","1.1.2.0","PSt7-10","170328-022","9/30/2017 7:09:10 PM","0000-00","0","no battery","V"
"11/03/2018","09:43:19","9","default","550496092","OXY_CH9","19.299","min","250.588","µmol/L","Humid","18.716","deg","79213","µV","26.090","°C","1019.000","hPa","34.1","pmil","0","53.442","deg","23.711","°C","100.000","%a.s.","21.016","deg","23.307","°C","1019.000","hPa","0.861","-0.02617","0.00035","0","0","13.56","Humid","22.75","0","51.00","251217.84","SABD0000000001","AAV1.0.0.11","1.1.2.0","PSt7-10","170328-022","9/30/2017 7:09:10 PM","0000-00","0","no battery","V"
"11/03/2018","09:43:20","9","default","550496092","OXY_CH9","19.316","min","250.643","µmol/L","Humid","18.716","deg","79213","µV","26.082","°C","1019.000","hPa","34.1","pmil","0","53.442","deg","23.711","°C","100.000","%a.s.","21.016","deg","23.307","°C","1019.000","hPa","0.861","-0.02617","0.00035","0","0","13.56","Humid","22.75","0","51.00","251218.51","SABD0000000001","AAV1.0.0.11","1.1.2.0","PSt7-10","170328-022","9/30/2017 7:09:10 PM","0000-00","0","no battery","V"
"11/03/2018","09:43:21","9","default","550496092","OXY_CH9","19.332","min","250.365","µmol/L","Humid","18.723","deg","79218","µV","26.097","°C","1019.000","hPa","34.1","pmil","0","53.442","deg","23.711","°C","100.000","%a.s.","21.016","deg","23.307","°C","1019.000","hPa","0.861","-0.02617","0.00035","0","0","13.56","Humid","22.75","0","51.00","251204.39","SABD0000000001","AAV1.0.0.11","1.1.2.0","PSt7-10","170328-022","9/30/2017 7:09:10 PM","0000-00","0","no battery","V"
"11/03/2018","09:43:22","9","default","550496092","OXY_CH9","19.349","min","250.571","µmol/L","Humid","18.717","deg","79222","µV","26.089","°C","1019.000","hPa","34.1","pmil","0","53.442","deg","23.711","°C","100.000","%a.s.","21.016","deg","23.307","°C","1019.000","hPa","0.861","-0.02617","0.00035","0","0","13.56","Humid","22.75","0","51.00","251210.38","SABD0000000001","AAV1.0.0.11","1.1.2.0","PSt7-10","170328-022","9/30/2017 7:09:10 PM","0000-00","0","no battery","V"
"11/03/2018","09:43:23","9","default","550496092","OXY_CH9","19.366","min","250.508","µmol/L","Humid","18.720","deg","79212","µV","26.088","°C","1019.000","hPa","34.1","pmil","0","53.442","deg","23.711","°C","100.000","%a.s.","21.016","deg","23.307","°C","1019.000","hPa","0.861","-0.02617","0.00035","0","0","13.56","Humid","22.75","0","51.00","251203.20","SABD0000000001","AAV1.0.0.11","1.1.2.0","PSt7-10","170328-022","9/30/2017 7:09:10 PM","0000-00","0","no battery","V"
"11/03/2018","09:43:24","9","default","550496092","OXY_CH9","19.383","min","250.508","µmol/L","Humid","18.720","deg","79207","µV","26.088","°C","1019.000","hPa","34.1","pmil","0","53.442","deg","23.711","°C","100.000","%a.s.","21.016","deg","23.307","°C","1019.000","hPa","0.861","-0.02617","0.00035","0","0","13.56","Humid","22.75","0","51.00","251218.10","SABD0000000001","AAV1.0.0.11","1.1.2.0","PSt7-10","170328-022","9/30/2017 7:09:10 PM","0000-00","0","no battery","V"
"11/03/2018","09:43:25","9","default","550496092","OXY_CH9","19.399","min","250.483","µmol/L","Humid","18.721","deg","79211","µV","26.088","°C","1019.000","hPa","34.1","pmil","0","53.442","deg","23.711","°C","100.000","%a.s.","21.016","deg","23.307","°C","1019.000","hPa","0.861","-0.02617","0.00035","0","0","13.56","Humid","22.75","0","51.00","251207.91","SABD0000000001","AAV1.0.0.11","1.1.2.0","PSt7-10","170328-022","9/30/2017 7:09:10 PM","0000-00","0","no battery","V"
"11/03/2018","09:43:26","9","default","550496092","OXY_CH9","19.416","min","250.652","µmol/L","Humid","18.718","deg","79210","µV","26.075","°C","1019.000","hPa","34.1","pmil","0","53.442","deg","23.711","°C","100.000","%a.s.","21.016","deg","23.307","°C","1019.000","hPa","0.861","-0.02617","0.00035","0","0","13.56","Humid","22.75","0","51.00","251204.62","SABD0000000001","AAV1.0.0.11","1.1.2.0","PSt7-10","170328-022","9/30/2017 7:09:10 PM","0000-00","0","no battery","V"
"11/03/2018","09:43:27","9","default","550496092","OXY_CH9","19.432","min","250.458","µmol/L","Humid","18.723","deg","79213","µV","26.084","°C","1019.000","hPa","34.1","pmil","0","53.442","deg","23.711","°C","100.000","%a.s.","21.016","deg","23.307","°C","1019.000","hPa","0.861","-0.02617","0.00035","0","0","13.56","Humid","22.75","0","51.00","251196.28","SABD0000000001","AAV1.0.0.11","1.1.2.0","PSt7-10","170328-022","9/30/2017 7:09:10 PM","0000-00","0","no battery","V"
"11/03/2018","09:43:28","9","default","550496092","OXY_CH9","19.449","min","250.581","µmol/L","Humid","18.717","deg","79202","µV","26.087","°C","1019.000","hPa","34.1","pmil","0","53.442","deg","23.711","°C","100.000","%a.s.","21.016","deg","23.307","°C","1019.000","hPa","0.861","-0.02617","0.00035","0","0","13.56","Humid","22.75","0","51.00","251198.03","SABD0000000001","AAV1.0.0.11","1.1.2.0","PSt7-10","170328-022","9/30/2017 7:09:10 PM","0000-00","0","no battery","V"
"11/03/2018","09:43:29","9","default","550496092","OXY_CH9","19.466","min","250.610","µmol/L","Humid","18.719","deg","79206","µV","26.077","°C","1019.000","hPa","34.1","pmil","0","53.442","deg","23.711","°C","100.000","%a.s.","21.016","deg","23.307","°C","1019.000","hPa","0.861","-0.02617","0.00035","0","0","13.56","Humid","22.75","0","51.00","251207.75","SABD0000000001","AAV1.0.0.11","1.1.2.0","PSt7-10","170328-022","9/30/2017 7:09:10 PM","0000-00","0","no battery","V"
"11/03/2018","09:43:30","9","default","550496092","OXY_CH9","19.483","min","250.545","µmol/L","Humid","18.722","deg","79211","µV","26.076","°C","1019.000","hPa","34.1","pmil","0","53.442","deg","23.711","°C","100.000","%a.s.","21.016","deg","23.307","°C","1019.000","hPa","0.861","-0.02617","0.00035","0","0","13.56","Humid","22.75","0","51.00","251195.69","SABD0000000001","AAV1.0.0.11","1.1.2.0","PSt7-10","170328-022","9/30/2017 7:09:10 PM","0000-00","0","no battery","V"
"11/03/2018","09:43:31","9","default","550496092","OXY_CH9","19.499","min","250.388","µmol/L","Humid","18.720","deg","79207","µV","26.104","°C","1019.000","hPa","34.1","pmil","0","53.442","deg","23.711","°C","100.000","%a.s.","21.016","deg","23.307","°C","1019.000","hPa","0.861","-0.02617","0.00035","0","0","13.56","Humid","22.75","0","51.00","251190.20","SABD0000000001","AAV1.0.0.11","1.1.2.0","PSt7-10","170328-022","9/30/2017 7:09:10 PM","0000-00","0","no battery","V"
"11/03/2018","09:43:32","9","default","550496092","OXY_CH9","19.516","min","250.463","µmol/L","Humid","18.720","deg","79207","µV","26.094","°C","1019.000","hPa","34.1","pmil","0","53.442","deg","23.711","°C","100.000","%a.s.","21.016","deg","23.307","°C","1019.000","hPa","0.861","-0.02617","0.00035","0","0","13.56","Humid","22.75","0","51.00","251187.74","SABD0000000001","AAV1.0.0.11","1.1.2.0","PSt7-10","170328-022","9/30/2017 7:09:10 PM","0000-00","0","no battery","V"
"11/03/2018","09:43:33","9","default","550496092","OXY_CH9","19.533","min","250.430","µmol/L","Humid","18.723","deg","79212","µV","26.088","°C","1019.000","hPa","34.1","pmil","0","53.442","deg","23.711","°C","100.000","%a.s.","21.016","deg","23.307","°C","1019.000","hPa","0.861","-0.02617","0.00035","0","0","13.56","Humid","22.75","0","51.00","251201.25","SABD0000000001","AAV1.0.0.11","1.1.2.0","PSt7-10","170328-022","9/30/2017 7:09:10 PM","0000-00","0","no battery","V"
"11/03/2018","09:43:34","9","default","550496092","OXY_CH9","19.549","min","250.582","µmol/L","Humid","18.717","deg","79212","µV","26.087","°C","1019.000","hPa","34.1","pmil","0","53.442","deg","23.711","°C","100.000","%a.s.","21.016","deg","23.307","°C","1019.000","hPa","0.861","-0.02617","0.00035","0","0","13.56","Humid","22.75","0","51.00","251189.83","SABD0000000001","AAV1.0.0.11","1.1.2.0","PSt7-10","170328-022","9/30/2017 7:09:10 PM","0000-00","0","no battery","V"
"11/03/2018","09:43:35","9","default","550496092","OXY_CH9","19.566","min","250.582","µmol/L","Humid","18.717","deg","79204","µV","26.087","°C","1019.000","hPa","34.1","pmil","0","53.442","deg","23.711","°C","100.000","%a.s.","21.016","deg","23.307","°C","1019.000","hPa","0.861","-0.02617","0.00035","0","0","13.56","Humid","22.75","0","51.00","251189.73","SABD0000000001","AAV1.0.0.11","1.1.2.0","PSt7-10","170328-022","9/30/2017 7:09:10 PM","0000-00","0","no battery","V"
"11/03/2018","09:43:36","9","default","550496092","OXY_CH9","19.582","min","250.384","µmol/L","Humid","18.721","deg","79200","µV","26.101","°C","1019.000","hPa","34.1","pmil","0","53.442","deg","23.711","°C","100.000","%a.s.","21.016","deg","23.307","°C","1019.000","hPa","0.861","-0.02617","0.00035","0","0","13.56","Humid","22.75","0","51.00","251187.74","SABD0000000001","AAV1.0.0.11","1.1.2.0","PSt7-10","170328-022","9/30/2017 7:09:10 PM","0000-00","0","no battery","V"
"11/03/2018","09:43:37","9","default","550496092","OXY_CH9","19.599","min","250.422","µmol/L","Humid","18.720","deg","79217","µV","26.099","°C","1019.000","hPa","34.1","pmil","0","53.442","deg","23.711","°C","100.000","%a.s.","21.016","deg","23.307","°C","1019.000","hPa","0.861","-0.02617","0.00035","0","0","13.56","Humid","22.75","0","51.00","251196.78","SABD0000000001","AAV1.0.0.11","1.1.2.0","PSt7-10","170328-022","9/30/2017 7:09:10 PM","0000-00","0","no battery","V"
"11/03/2018","09:43:38","9","default","550496092","OXY_CH9","19.616","min","250.581","µmol/L","Humid","18.720","deg","79205","µV","26.078","°C","1019.000","hPa","34.1","pmil","0","53.442","deg","23.711","°C","100.000","%a.s.","21.016","deg","23.307","°C","1019.000","hPa","0.861","-0.02617","0.00035","0","0","13.56","Humid","22.75","0","51.00","251187.31","SABD0000000001","AAV1.0.0.11","1.1.2.0","PSt7-10","170328-022","9/30/2017 7:09:10 PM","0000-00","0","no battery","V"
"11/03/2018","09:43:39","9","default","550496092","OXY_CH9","19.632","min","250.500","µmol/L","Humid","18.717","deg","79211","µV","26.098","°C","1019.000","hPa","34.1","pmil","0","53.442","deg","23.711","°C","100.000","%a.s.","21.016","deg","23.307","°C","1019.000","hPa","0.861","-0.02617","0.00035","0","0","13.56","Humid","22.75","0","51.00","251184.29","SABD0000000001","AAV1.0.0.11","1.1.2.0","PSt7-10","170328-022","9/30/2017 7:09:10 PM","0000-00","0","no battery","V"
"11/03/2018","09:43:40","9","default","550496092","OXY_CH9","19.649","min","250.406","µmol/L","Humid","18.721","deg","79211","µV","26.098","°C","1019.000","hPa","34.1","pmil","0","53.442","deg","23.711","°C","100.000","%a.s.","21.016","deg","23.307","°C","1019.000","hPa","0.861","-0.02617","0.00035","0","0","13.56","Humid","22.75","0","51.00","251177.83","SABD0000000001","AAV1.0.0.11","1.1.2.0","PSt7-10","170328-022","9/30/2017 7:09:10 PM","0000-00","0","no battery","V"
"11/03/2018","09:43:41","9","default","550496092","OXY_CH9","19.666","min","250.626","µmol/L","Humid","18.717","deg","79210","µV","26.081","°C","1019.000","hPa","34.1","pmil","0","53.442","deg","23.711","°C","100.000","%a.s.","21.016","deg","23.307","°C","1019.000","hPa","0.861","-0.02617","0.00035","0","0","13.56","Humid","22.75","0","51.00","251180.59","SABD0000000001","AAV1.0.0.11","1.1.2.0","PSt7-10","170328-022","9/30/2017 7:09:10 PM","0000-00","0","no battery","V"
"11/03/2018","09:43:42","9","default","550496092","OXY_CH9","19.683","min","250.422","µmol/L","Humid","18.717","deg","79215","µV","26.109","°C","1019.000","hPa","34.1","pmil","0","53.442","deg","23.711","°C","100.000","%a.s.","21.016","deg","23.307","°C","1019.000","hPa","0.861","-0.02617","0.00035","0","0","13.56","Humid","22.75","0","51.00","251170.58","SABD0000000001","AAV1.0.0.11","1.1.2.0","PSt7-10","170328-022","9/30/2017 7:09:10 PM","0000-00","0","no battery","V"
"11/03/2018","09:43:43","9","default","550496092","OXY_CH9","19.699","min","250.485","µmol/L","Humid","18.721","deg","79210","µV","26.087","°C","1019.000","hPa","34.1","pmil","0","53.442","deg","23.711","°C","100.000","%a.s.","21.016","deg","23.307","°C","1019.000","hPa","0.861","-0.02617","0.00035","0","0","13.56","Humid","22.75","0","51.00","251174.14","SABD0000000001","AAV1.0.0.11","1.1.2.0","PSt7-10","170328-022","9/30/2017 7:09:10 PM","0000-00","0","no battery","V"
"11/03/2018","09:43:44","9","default","550496092","OXY_CH9","19.716","min","250.439","µmol/L","Humid","18.721","deg","79215","µV","26.094","°C","1019.000","hPa","34.1","pmil","0","53.442","deg","23.711","°C","100.000","%a.s.","21.016","deg","23.307","°C","1019.000","hPa","0.861","-0.02617","0.00035","0","0","13.56","Humid","22.75","0","51.00","251175.72","SABD0000000001","AAV1.0.0.11","1.1.2.0","PSt7-10","170328-022","9/30/2017 7:09:10 PM","0000-00","0","no battery","V"
"11/03/2018","09:43:45","9","default","550496092","OXY_CH9","19.733","min","250.305","µmol/L","Humid","18.728","deg","79212","µV","26.089","°C","1019.000","hPa","34.1","pmil","0","53.442","deg","23.711","°C","100.000","%a.s.","21.016","deg","23.307","°C","1019.000","hPa","0.861","-0.02617","0.00035","0","0","13.56","Humid","22.75","0","51.00","251173.15","SABD0000000001","AAV1.0.0.11","1.1.2.0","PSt7-10","170328-022","9/30/2017 7:09:10 PM","0000-00","0","no battery","V"
"11/03/2018","09:43:46","9","default","550496092","OXY_CH9","19.749","min","250.424","µmol/L","Humid","18.723","deg","79207","µV","26.089","°C","1019.000","hPa","34.1","pmil","0","53.442","deg","23.711","°C","100.000","%a.s.","21.016","deg","23.307","°C","1019.000","hPa","0.861","-0.02617","0.00035","0","0","13.56","Humid","22.75","0","51.00","251179.11","SABD0000000001","AAV1.0.0.11","1.1.2.0","PSt7-10","170328-022","9/30/2017 7:09:10 PM","0000-00","0","no battery","V"
"11/03/2018","09:43:47","9","default","550496092","OXY_CH9","19.766","min","250.558","µmol/L","Humid","18.720","deg","79218","µV","26.081","°C","1019.000","hPa","34.1","pmil","0","53.442","deg","23.711","°C","100.000","%a.s.","21.016","deg","23.307","°C","1019.000","hPa","0.861","-0.02617","0.00035","0","0","13.56","Humid","22.75","0","51.00","251180.41","SABD0000000001","AAV1.0.0.11","1.1.2.0","PSt7-10","170328-022","9/30/2017 7:09:10 PM","0000-00","0","no battery","V"
"11/03/2018","09:43:48","9","default","550496092","OXY_CH9","19.782","min","250.535","µmol/L","Humid","18.722","deg","79211","µV","26.077","°C","1019.000","hPa","34.1","pmil","0","53.442","deg","23.711","°C","100.000","%a.s.","21.016","deg","23.307","°C","1019.000","hPa","0.861","-0.02617","0.00035","0","0","13.56","Humid","22.75","0","51.00","251175.26","SABD0000000001","AAV1.0.0.11","1.1.2.0","PSt7-10","170328-022","9/30/2017 7:09:10 PM","0000-00","0","no battery","V"
"11/03/2018","09:43:49","9","default","550496092","OXY_CH9","19.799","min","250.500","µmol/L","Humid","18.724","deg","79220","µV","26.076","°C","1019.000","hPa","34.1","pmil","0","53.442","deg","23.711","°C","100.000","%a.s.","21.016","deg","23.307","°C","1019.000","hPa","0.861","-0.02617","0.00035","0","0","13.56","Humid","22.75","0","51.00","251171.41","SABD0000000001","AAV1.0.0.11","1.1.2.0","PSt7-10","170328-022","9/30/2017 7:09:10 PM","0000-00","0","no battery","V"
"11/03/2018","09:43:50","9","default","550496092","OXY_CH9","19.816","min","250.408","µmol/L","Humid","18.720","deg","79216","µV","26.101","°C","1019.000","hPa","34.1","pmil","0","53.442","deg","23.711","°C","100.000","%a.s.","21.016","deg","23.307","°C","1019.000","hPa","0.861","-0.02617","0.00035","0","0","13.56","Humid","22.75","0","51.00","251167.77","SABD0000000001","AAV1.0.0.11","1.1.2.0","PSt7-10","170328-022","9/30/2017 7:09:10 PM","0000-00","0","no battery","V"
"11/03/2018","09:43:51","9","default","550496092","OXY_CH9","19.833","min","250.412","µmol/L","Humid","18.723","deg","79217","µV","26.091","°C","1019.000","hPa","34.1","pmil","0","53.442","deg","23.711","°C","100.000","%a.s.","21.016","deg","23.307","°C","1019.000","hPa","0.861","-0.02617","0.00035","0","0","13.56","Humid","22.75","0","51.00","251167.73","SABD0000000001","AAV1.0.0.11","1.1.2.0","PSt7-10","170328-022","9/30/2017 7:09:10 PM","0000-00","0","no battery","V"
"11/03/2018","09:43:52","9","default","550496092","OXY_CH9","19.850","min","250.392","µmol/L","Humid","18.724","deg","79221","µV","26.090","°C","1019.000","hPa","34.1","pmil","0","53.442","deg","23.711","°C","100.000","%a.s.","21.016","deg","23.307","°C","1019.000","hPa","0.861","-0.02617","0.00035","0","0","13.56","Humid","22.75","0","51.00","251165.98","SABD0000000001","AAV1.0.0.11","1.1.2.0","PSt7-10","170328-022","9/30/2017 7:09:10 PM","0000-00","0","no battery","V"
"11/03/2018","09:43:53","9","default","550496092","OXY_CH9","19.866","min","250.430","µmol/L","Humid","18.721","deg","79214","µV","26.095","°C","1019.000","hPa","34.1","pmil","0","53.442","deg","23.711","°C","100.000","%a.s.","21.016","deg","23.307","°C","1019.000","hPa","0.861","-0.02617","0.00035","0","0","13.56","Humid","22.75","0","51.00","251158.99","SABD0000000001","AAV1.0.0.11","1.1.2.0","PSt7-10","170328-022","9/30/2017 7:09:10 PM","0000-00","0","no battery","V"
"11/03/2018","09:43:54","9","default","550496092","OXY_CH9","19.882","min","250.239","µmol/L","Humid","18.725","deg","79223","µV","26.107","°C","1019.000","hPa","34.1","pmil","0","53.442","deg","23.711","°C","100.000","%a.s.","21.016","deg","23.307","°C","1019.000","hPa","0.861","-0.02617","0.00035","0","0","13.56","Humid","22.75","0","51.00","251163.24","SABD0000000001","AAV1.0.0.11","1.1.2.0","PSt7-10","170328-022","9/30/2017 7:09:10 PM","0000-00","0","no battery","V"
"11/03/2018","09:43:55","9","default","550496092","OXY_CH9","19.899","min","250.440","µmol/L","Humid","18.723","deg","79222","µV","26.087","°C","1019.000","hPa","34.1","pmil","0","53.442","deg","23.711","°C","100.000","%a.s.","21.016","deg","23.307","°C","1019.000","hPa","0.861","-0.02617","0.00035","0","0","13.56","Humid","22.75","0","51.00","251161.20","SABD0000000001","AAV1.0.0.11","1.1.2.0","PSt7-10","170328-022","9/30/2017 7:09:10 PM","0000-00","0","no battery","V"
"11/03/2018","09:43:56","9","default","550496092","OXY_CH9","19.916","min","250.439","µmol/L","Humid","18.724","deg","79225","µV","26.084","°C","1019.000","hPa","34.1","pmil","0","53.442","deg","23.711","°C","100.000","%a.s.","21.016","deg","23.307","°C","1019.000","hPa","0.861","-0.02617","0.00035","0","0","13.56","Humid","22.75","0","51.00","251163.71","SABD0000000001","AAV1.0.0.11","1.1.2.0","PSt7-10","170328-022","9/30/2017 7:09:10 PM","0000-00","0","no battery","V"
"11/03/2018","09:43:57","9","default","550496092","OXY_CH9","19.932","min","250.487","µmol/L","Humid","18.722","deg","79221","µV","26.084","°C","1019.000","hPa","34.1","pmil","0","53.442","deg","23.711","°C","100.000","%a.s.","21.016","deg","23.307","°C","1019.000","hPa","0.861","-0.02617","0.00035","0","0","13.56","Humid","22.75","0","51.00","251156.14","SABD0000000001","AAV1.0.0.11","1.1.2.0","PSt7-10","170328-022","9/30/2017 7:09:10 PM","0000-00","0","no battery","V"
"11/03/2018","09:43:58","9","default","550496092","OXY_CH9","19.949","min","250.468","µmol/L","Humid","18.724","deg","79224","µV","26.080","°C","1019.000","hPa","34.1","pmil","0","53.442","deg","23.711","°C","100.000","%a.s.","21.016","deg","23.307","°C","1019.000","hPa","0.861","-0.02617","0.00035","0","0","13.56","Humid","22.75","0","51.00","251162.94","SABD0000000001","AAV1.0.0.11","1.1.2.0","PSt7-10","170328-022","9/30/2017 7:09:10 PM","0000-00","0","no battery","V"
"11/03/2018","09:43:59","9","default","550496092","OXY_CH9","19.966","min","250.359","µmol/L","Humid","18.722","deg","79223","µV","26.101","°C","1019.000","hPa","34.1","pmil","0","53.442","deg","23.711","°C","100.000","%a.s.","21.016","deg","23.307","°C","1019.000","hPa","0.861","-0.02617","0.00035","0","0","13.56","Humid","22.75","0","51.00","251152.58","SABD0000000001","AAV1.0.0.11","1.1.2.0","PSt7-10","170328-022","9/30/2017 7:09:10 PM","0000-00","0","no battery","V"
"11/03/2018","09:44:00","9","default","550496092","OXY_CH9","19.983","min","250.399","µmol/L","Humid","18.724","deg","79228","µV","26.089","°C","1019.000","hPa","34.1","pmil","0","53.442","deg","23.711","°C","100.000","%a.s.","21.016","deg","23.307","°C","1019.000","hPa","0.861","-0.02617","0.00035","0","0","13.56","Humid","22.75","0","51.00","251161.23","SABD0000000001","AAV1.0.0.11","1.1.2.0","PSt7-10","170328-022","9/30/2017 7:09:10 PM","0000-00","0","no battery","V"
"11/03/2018","09:44:01","9","default","550496092","OXY_CH9","19.999","min","250.482","µmol/L","Humid","18.724","deg","79229","µV","26.078","°C","1019.000","hPa","34.1","pmil","0","53.442","deg","23.711","°C","100.000","%a.s.","21.016","deg","23.307","°C","1019.000","hPa","0.861","-0.02617","0.00035","0","0","13.56","Humid","22.75","0","51.00","251150.45","SABD0000000001","AAV1.0.0.11","1.1.2.0","PSt7-10","170328-022","9/30/2017 7:09:10 PM","0000-00","0","no battery","V"
"11/03/2018","09:44:02","9","default","550496092","OXY_CH9","20.016","min","250.611","µmol/L","Humid","18.719","deg","79228","µV","26.077","°C","1019.000","hPa","34.1","pmil","0","53.442","deg","23.711","°C","100.000","%a.s.","21.016","deg","23.307","°C","1019.000","hPa","0.861","-0.02617","0.00035","0","0","13.56","Humid","22.75","0","51.00","251151.97","SABD0000000001","AAV1.0.0.11","1.1.2.0","PSt7-10","170328-022","9/30/2017 7:09:10 PM","0000-00","0","no battery","V"
"11/03/2018","09:44:03","9","default","550496092","OXY_CH9","20.032","min","250.365","µmol/L","Humid","18.724","deg","79219","µV","26.094","°C","1019.000","hPa","34.1","pmil","0","53.442","deg","23.711","°C","100.000","%a.s.","21.016","deg","23.307","°C","1019.000","hPa","0.861","-0.02617","0.00035","0","0","13.56","Humid","22.75","0","51.00","251149.89","SABD0000000001","AAV1.0.0.11","1.1.2.0","PSt7-10","170328-022","9/30/2017 7:09:10 PM","0000-00","0","no battery","V"
"11/03/2018","09:44:04","9","default","550496092","OXY_CH9","20.049","min","250.448","µmol/L","Humid","18.725","deg","79228","µV","26.079","°C","1019.000","hPa","34.1","pmil","0","53.442","deg","23.711","°C","100.000","%a.s.","21.016","deg","23.307","°C","1019.000","hPa","0.861","-0.02617","0.00035","0","0","13.56","Humid","22.75","0","51.00","251151.91","SABD0000000001","AAV1.0.0.11","1.1.2.0","PSt7-10","170328-022","9/30/2017 7:09:10 PM","0000-00","0","no battery","V"
"11/03/2018","09:44:05","9","default","550496092","OXY_CH9","20.066","min","250.444","µmol/L","Humid","18.723","deg","79219","µV","26.086","°C","1019.000","hPa","34.1","pmil","0","53.442","deg","23.711","°C","100.000","%a.s.","21.016","deg","23.307","°C","1019.000","hPa","0.861","-0.02617","0.00035","0","0","13.56","Humid","22.75","0","51.00","251149.61","SABD0000000001","AAV1.0.0.11","1.1.2.0","PSt7-10","170328-022","9/30/2017 7:09:10 PM","0000-00","0","no battery","V"
"11/03/2018","09:44:06","9","default","550496092","OXY_CH9","20.082","min","250.467","µmol/L","Humid","18.725","deg","79223","µV","26.077","°C","1019.000","hPa","34.1","pmil","0","53.442","deg","23.711","°C","100.000","%a.s.","21.016","deg","23.307","°C","1019.000","hPa","0.861","-0.02617","0.00035","0","0","13.56","Humid","22.75","0","51.00","251148.88","SABD0000000001","AAV1.0.0.11","1.1.2.0","PSt7-10","170328-022","9/30/2017 7:09:10 PM","0000-00","0","no battery","V"
"11/03/2018","09:44:07","9","default","550496092","OXY_CH9","20.099","min","250.478","µmol/L","Humid","18.722","deg","79220","µV","26.085","°C","1019.000","hPa","34.1","pmil","0","53.442","deg","23.711","°C","100.000","%a.s.","21.016","deg","23.307","°C","1019.000","hPa","0.861","-0.02617","0.00035","0","0","13.56","Humid","22.75","0","51.00","251149.95","SABD0000000001","AAV1.0.0.11","1.1.2.0","PSt7-10","170328-022","9/30/2017 7:09:10 PM","0000-00","0","no battery","V"
"11/03/2018","09:44:08","9","default","550496092","OXY_CH9","20.116","min","250.475","µmol/L","Humid","18.723","deg","79216","µV","26.082","°C","1019.000","hPa","34.1","pmil","0","53.442","deg","23.711","°C","100.000","%a.s.","21.016","deg","23.307","°C","1019.000","hPa","0.861","-0.02617","0.00035","0","0","13.56","Humid","22.75","0","51.00","251144.62","SABD0000000001","AAV1.0.0.11","1.1.2.0","PSt7-10","170328-022","9/30/2017 7:09:10 PM","0000-00","0","no battery","V"
"11/03/2018","09:44:09","9","default","550496092","OXY_CH9","20.133","min","250.326","µmol/L","Humid","18.723","deg","79218","µV","26.102","°C","1019.000","hPa","34.1","pmil","0","53.442","deg","23.711","°C","100.000","%a.s.","21.016","deg","23.307","°C","1019.000","hPa","0.861","-0.02617","0.00035","0","0","13.56","Humid","22.75","0","51.00","251152.07","SABD0000000001","AAV1.0.0.11","1.1.2.0","PSt7-10","170328-022","9/30/2017 7:09:10 PM","0000-00","0","no battery","V"
"11/03/2018","09:44:10","9","default","550496092","OXY_CH9","20.149","min","250.383","µmol/L","Humid","18.724","deg","79220","µV","26.091","°C","1019.000","hPa","34.1","pmil","0","53.442","deg","23.711","°C","100.000","%a.s.","21.016","deg","23.307","°C","1019.000","hPa","0.861","-0.02617","0.00035","0","0","13.56","Humid","22.75","0","51.00","251140.50","SABD0000000001","AAV1.0.0.11","1.1.2.0","PSt7-10","170328-022","9/30/2017 7:09:10 PM","0000-00","0","no battery","V"
"11/03/2018","09:44:11","9","default","550496092","OXY_CH9","20.166","min","250.491","µmol/L","Humid","18.719","deg","79220","µV","26.093","°C","1019.000","hPa","34.1","pmil","0","53.442","deg","23.711","°C","100.000","%a.s.","21.016","deg","23.307","°C","1019.000","hPa","0.861","-0.02617","0.00035","0","0","13.56","Humid","22.75","0","51.00","251134.69","SABD0000000001","AAV1.0.0.11","1.1.2.0","PSt7-10","170328-022","9/30/2017 7:09:10 PM","0000-00","0","no battery","V"
"11/03/2018","09:44:12","9","default","550496092","OXY_CH9","20.182","min","250.220","µmol/L","Humid","18.728","deg","79221","µV","26.100","°C","1019.000","hPa","34.1","pmil","0","53.442","deg","23.711","°C","100.000","%a.s.","21.016","deg","23.307","°C","1019.000","hPa","0.861","-0.02617","0.00035","0","0","13.56","Humid","22.75","0","51.00","251147.32","SABD0000000001","AAV1.0.0.11","1.1.2.0","PSt7-10","170328-022","9/30/2017 7:09:10 PM","0000-00","0","no battery","V"
"11/03/2018","09:44:13","9","default","550496092","OXY_CH9","20.199","min","250.489","µmol/L","Humid","18.723","deg","79221","µV","26.080","°C","1019.000","hPa","34.1","pmil","0","53.442","deg","23.711","°C","100.000","%a.s.","21.016","deg","23.307","°C","1019.000","hPa","0.861","-0.02617","0.00035","0","0","13.56","Humid","22.75","0","51.00","251138.75","SABD0000000001","AAV1.0.0.11","1.1.2.0","PSt7-10","170328-022","9/30/2017 7:09:10 PM","0000-00","0","no battery","V"
"11/03/2018","09:44:14","9","default","550496092","OXY_CH9","20.216","min","250.402","µmol/L","Humid","18.726","deg","79215","µV","26.082","°C","1019.000","hPa","34.1","pmil","0","53.442","deg","23.711","°C","100.000","%a.s.","21.016","deg","23.307","°C","1019.000","hPa","0.861","-0.02617","0.00035","0","0","13.56","Humid","22.75","0","51.00","251140.47","SABD0000000001","AAV1.0.0.11","1.1.2.0","PSt7-10","170328-022","9/30/2017 7:09:10 PM","0000-00","0","no battery","V"
"11/03/2018","09:44:15","9","default","550496092","OXY_CH9","20.232","min","250.311","µmol/L","Humid","18.726","deg","79221","µV","26.095","°C","1019.000","hPa","34.1","pmil","0","53.442","deg","23.711","°C","100.000","%a.s.","21.016","deg","23.307","°C","1019.000","hPa","0.861","-0.02617","0.00035","0","0","13.56","Humid","22.75","0","51.00","251129.77","SABD0000000001","AAV1.0.0.11","1.1.2.0","PSt7-10","170328-022","9/30/2017 7:09:10 PM","0000-00","0","no battery","V"
"11/03/2018","09:44:16","9","default","550496092","OXY_CH9","20.249","min","250.381","µmol/L","Humid","18.725","deg","79221","µV","26.088","°C","1019.000","hPa","34.1","pmil","0","53.442","deg","23.711","°C","100.000","%a.s.","21.016","deg","23.307","°C","1019.000","hPa","0.861","-0.02617","0.00035","0","0","13.56","Humid","22.75","0","51.00","251145.11","SABD0000000001","AAV1.0.0.11","1.1.2.0","PSt7-10","170328-022","9/30/2017 7:09:10 PM","0000-00","0","no battery","V"
"11/03/2018","09:44:17","9","default","550496092","OXY_CH9","20.266","min","250.523","µmol/L","Humid","18.721","deg","79218","µV","26.082","°C","1019.000","hPa","34.1","pmil","0","53.442","deg","23.711","°C","100.000","%a.s.","21.016","deg","23.307","°C","1019.000","hPa","0.861","-0.02617","0.00035","0","0","13.56","Humid","22.75","0","51.00","251133.08","SABD0000000001","AAV1.0.0.11","1.1.2.0","PSt7-10","170328-022","9/30/2017 7:09:10 PM","0000-00","0","no battery","V"
"11/03/2018","09:44:18","9","default","550496092","OXY_CH9","20.283","min","250.352","µmol/L","Humid","18.726","deg","79221","µV","26.089","°C","1019.000","hPa","34.1","pmil","0","53.442","deg","23.711","°C","100.000","%a.s.","21.016","deg","23.307","°C","1019.000","hPa","0.861","-0.02617","0.00035","0","0","13.56","Humid","22.75","0","51.00","251140.47","SABD0000000001","AAV1.0.0.11","1.1.2.0","PSt7-10","170328-022","9/30/2017 7:09:10 PM","0000-00","0","no battery","V"
"11/03/2018","09:44:19","9","default","550496092","OXY_CH9","20.299","min","250.482","µmol/L","Humid","18.722","deg","79222","µV","26.084","°C","1019.000","hPa","34.1","pmil","0","53.442","deg","23.711","°C","100.000","%a.s.","21.016","deg","23.307","°C","1019.000","hPa","0.861","-0.02617","0.00035","0","0","13.56","Humid","22.75","0","51.00","251133.98","SABD0000000001","AAV1.0.0.11","1.1.2.0","PSt7-10","170328-022","9/30/2017 7:09:10 PM","0000-00","0","no battery","V"
"11/03/2018","09:44:20","9","default","550496092","OXY_CH9","20.316","min","250.343","µmol/L","Humid","18.726","deg","79225","µV","26.090","°C","1019.000","hPa","34.1","pmil","0","53.442","deg","23.711","°C","100.000","%a.s.","21.016","deg","23.307","°C","1019.000","hPa","0.861","-0.02617","0.00035","0","0","13.56","Humid","22.75","0","51.00","251135.78","SABD0000000001","AAV1.0.0.11","1.1.2.0","PSt7-10","170328-022","9/30/2017 7:09:10 PM","0000-00","0","no battery","V"
"11/03/2018","09:44:21","9","default","550496092","OXY_CH9","20.332","min","250.473","µmol/L","Humid","18.724","deg","79220","µV","26.079","°C","1019.000","hPa","34.1","pmil","0","53.442","deg","23.711","°C","100.000","%a.s.","21.016","deg","23.307","°C","1019.000","hPa","0.861","-0.02617","0.00035","0","0","13.56","Humid","22.75","0","51.00","251131.26","SABD0000000001","AAV1.0.0.11","1.1.2.0","PSt7-10","170328-022","9/30/2017 7:09:10 PM","0000-00","0","no battery","V"
"11/03/2018","09:44:22","9","default","550496092","OXY_CH9","20.349","min","250.442","µmol/L","Humid","18.725","deg","79226","µV","26.080","°C","1019.000","hPa","34.1","pmil","0","53.442","deg","23.711","°C","100.000","%a.s.","21.016","deg","23.307","°C","1019.000","hPa","0.861","-0.02617","0.00035","0","0","13.56","Humid","22.75","0","51.00","251122.37","SABD0000000001","AAV1.0.0.11","1.1.2.0","PSt7-10","170328-022","9/30/2017 7:09:10 PM","0000-00","0","no battery","V"
"11/03/2018","09:44:23","9","default","550496092","OXY_CH9","20.366","min","250.530","µmol/L","Humid","18.720","deg","79228","µV","26.085","°C","1019.000","hPa","34.1","pmil","0","53.442","deg","23.711","°C","100.000","%a.s.","21.016","deg","23.307","°C","1019.000","hPa","0.861","-0.02617","0.00035","0","0","13.56","Humid","22.75","0","51.00","251143.40","SABD0000000001","AAV1.0.0.11","1.1.2.0","PSt7-10","170328-022","9/30/2017 7:09:10 PM","0000-00","0","no battery","V"
"11/03/2018","09:44:24","9","default","550496092","OXY_CH9","20.383","min","250.403","µmol/L","Humid","18.724","deg","79211","µV","26.089","°C","1019.000","hPa","34.1","pmil","0","53.442","deg","23.711","°C","100.000","%a.s.","21.016","deg","23.307","°C","1019.000","hPa","0.861","-0.02617","0.00035","0","0","13.56","Humid","22.75","0","51.00","251123.61","SABD0000000001","AAV1.0.0.11","1.1.2.0","PSt7-10","170328-022","9/30/2017 7:09:10 PM","0000-00","0","no battery","V"
"11/03/2018","09:44:25","9","default","550496092","OXY_CH9","20.399","min","250.341","µmol/L","Humid","18.725","deg","79213","µV","26.094","°C","1019.000","hPa","34.1","pmil","0","53.442","deg","23.711","°C","100.000","%a.s.","21.016","deg","23.307","°C","1019.000","hPa","0.861","-0.02617","0.00035","0","0","13.56","Humid","22.75","0","51.00","251130.24","SABD0000000001","AAV1.0.0.11","1.1.2.0","PSt7-10","170328-022","9/30/2017 7:09:10 PM","0000-00","0","no battery","V"
"11/03/2018","09:44:26","9","default","550496092","OXY_CH9","20.416","min","250.403","µmol/L","Humid","18.727","deg","79229","µV","26.079","°C","1019.000","hPa","34.1","pmil","0","53.442","deg","23.711","°C","100.000","%a.s.","21.016","deg","23.307","°C","1019.000","hPa","0.861","-0.02617","0.00035","0","0","13.56","Humid","22.75","0","51.00","251124.11","SABD0000000001","AAV1.0.0.11","1.1.2.0","PSt7-10","170328-022","9/30/2017 7:09:10 PM","0000-00","0","no battery","V"
"11/03/2018","09:44:27","9","default","550496092","OXY_CH9","20.432","min","250.386","µmol/L","Humid","18.728","deg","79223","µV","26.078","°C","1019.000","hPa","34.1","pmil","0","53.442","deg","23.711","°C","100.000","%a.s.","21.016","deg","23.307","°C","1019.000","hPa","0.861","-0.02617","0.00035","0","0","13.56","Humid","22.75","0","51.00","251126.79","SABD0000000001","AAV1.0.0.11","1.1.2.0","PSt7-10","170328-022","9/30/2017 7:09:10 PM","0000-00","0","no battery","V"
"11/03/2018","09:44:28","9","default","550496092","OXY_CH9","20.449","min","250.296","µmol/L","Humid","18.727","deg","79218","µV","26.093","°C","1019.000","hPa","34.1","pmil","0","53.442","deg","23.711","°C","100.000","%a.s.","21.016","deg","23.307","°C","1019.000","hPa","0.861","-0.02617","0.00035","0","0","13.56","Humid","22.75","0","51.00","251130.92","SABD0000000001","AAV1.0.0.11","1.1.2.0","PSt7-10","170328-022","9/30/2017 7:09:10 PM","0000-00","0","no battery","V"
"11/03/2018","09:44:29","9","default","550496092","OXY_CH9","20.466","min","250.261","µmol/L","Humid","18.728","deg","79218","µV","26.095","°C","1019.000","hPa","34.1","pmil","0","53.442","deg","23.711","°C","100.000","%a.s.","21.016","deg","23.307","°C","1019.000","hPa","0.861","-0.02617","0.00035","0","0","13.56","Humid","22.75","0","51.00","251135.29","SABD0000000001","AAV1.0.0.11","1.1.2.0","PSt7-10","170328-022","9/30/2017 7:09:10 PM","0000-00","0","no battery","V"
"11/03/2018","09:44:30","9","default","550496092","OXY_CH9","20.482","min","250.377","µmol/L","Humid","18.724","deg","79218","µV","26.092","°C","1019.000","hPa","34.1","pmil","0","53.442","deg","23.711","°C","100.000","%a.s.","21.016","deg","23.307","°C","1019.000","hPa","0.861","-0.02617","0.00035","0","0","13.56","Humid","22.75","0","51.00","251126.14","SABD0000000001","AAV1.0.0.11","1.1.2.0","PSt7-10","170328-022","9/30/2017 7:09:10 PM","0000-00","0","no battery","V"
"11/03/2018","09:44:31","9","default","550496092","OXY_CH9","20.499","min","250.262","µmol/L","Humid","18.727","deg","79221","µV","26.098","°C","1019.000","hPa","34.1","pmil","0","53.442","deg","23.711","°C","100.000","%a.s.","21.016","deg","23.307","°C","1019.000","hPa","0.861","-0.02617","0.00035","0","0","13.56","Humid","22.75","0","51.00","251135.92","SABD0000000001","AAV1.0.0.11","1.1.2.0","PSt7-10","170328-022","9/30/2017 7:09:10 PM","0000-00","0","no battery","V"
"11/03/2018","09:44:32","9","default","550496092","OXY_CH9","20.516","min","250.289","µmol/L","Humid","18.730","deg","79219","µV","26.085","°C","1019.000","hPa","34.1","pmil","0","53.442","deg","23.711","°C","100.000","%a.s.","21.016","deg","23.307","°C","1019.000","hPa","0.861","-0.02617","0.00035","0","0","13.56","Humid","22.75","0","51.00","251115.67","SABD0000000001","AAV1.0.0.11","1.1.2.0","PSt7-10","170328-022","9/30/2017 7:09:10 PM","0000-00","0","no battery","V"
"11/03/2018","09:44:33","9","default","550496092","OXY_CH9","20.533","min","250.418","µmol/L","Humid","18.726","deg","79223","µV","26.080","°C","1019.000","hPa","34.1","pmil","0","53.442","deg","23.711","°C","100.000","%a.s.","21.016","deg","23.307","°C","1019.000","hPa","0.861","-0.02617","0.00035","0","0","13.56","Humid","22.75","0","51.00","251119.51","SABD0000000001","AAV1.0.0.11","1.1.2.0","PSt7-10","170328-022","9/30/2017 7:09:10 PM","0000-00","0","no battery","V"
"11/03/2018","09:44:34","9","default","550496092","OXY_CH9","20.550","min","250.492","µmol/L","Humid","18.720","deg","79219","µV","26.090","°C","1019.000","hPa","34.1","pmil","0","53.442","deg","23.711","°C","100.000","%a.s.","21.016","deg","23.307","°C","1019.000","hPa","0.861","-0.02617","0.00035","0","0","13.56","Humid","22.75","0","51.00","251122.66","SABD0000000001","AAV1.0.0.11","1.1.2.0","PSt7-10","170328-022","9/30/2017 7:09:10 PM","0000-00","0","no battery","V"
"11/03/2018","09:44:35","9","default","550496092","OXY_CH9","20.565","min","250.361","µmol/L","Humid","18.726","deg","79216","µV","26.088","°C","1019.000","hPa","34.1","pmil","0","53.442","deg","23.711","°C","100.000","%a.s.","21.016","deg","23.307","°C","1019.000","hPa","0.861","-0.02617","0.00035","0","0","13.56","Humid","22.75","0","51.00","251111.07","SABD0000000001","AAV1.0.0.11","1.1.2.0","PSt7-10","170328-022","9/30/2017 7:09:10 PM","0000-00","0","no battery","V"
"11/03/2018","09:44:36","9","default","550496092","OXY_CH9","20.582","min","250.306","µmol/L","Humid","18.728","deg","79213","µV","26.089","°C","1019.000","hPa","34.1","pmil","0","53.442","deg","23.711","°C","100.000","%a.s.","21.016","deg","23.307","°C","1019.000","hPa","0.861","-0.02617","0.00035","0","0","13.56","Humid","22.75","0","51.00","251112.50","SABD0000000001","AAV1.0.0.11","1.1.2.0","PSt7-10","170328-022","9/30/2017 7:09:10 PM","0000-00","0","no battery","V"
"11/03/2018","09:44:37","9","default","550496092","OXY_CH9","20.599","min","250.429","µmol/L","Humid","18.723","deg","79216","µV","26.088","°C","1019.000","hPa","34.1","pmil","0","53.442","deg","23.711","°C","100.000","%a.s.","21.016","deg","23.307","°C","1019.000","hPa","0.861","-0.02617","0.00035","0","0","13.56","Humid","22.75","0","51.00","251116.62","SABD0000000001","AAV1.0.0.11","1.1.2.0","PSt7-10","170328-022","9/30/2017 7:09:10 PM","0000-00","0","no battery","V"
"11/03/2018","09:44:38","9","default","550496092","OXY_CH9","20.616","min","250.152","µmol/L","Humid","18.732","deg","79221","µV","26.096","°C","1019.000","hPa","34.1","pmil","0","53.442","deg","23.711","°C","100.000","%a.s.","21.016","deg","23.307","°C","1019.000","hPa","0.861","-0.02617","0.00035","0","0","13.56","Humid","22.75","0","51.00","251119.72","SABD0000000001","AAV1.0.0.11","1.1.2.0","PSt7-10","170328-022","9/30/2017 7:09:10 PM","0000-00","0","no battery","V"
"11/03/2018","09:44:39","9","default","550496092","OXY_CH9","20.633","min","250.172","µmol/L","Humid","18.731","deg","79222","µV","26.097","°C","1019.000","hPa","34.1","pmil","0","53.442","deg","23.711","°C","100.000","%a.s.","21.016","deg","23.307","°C","1019.000","hPa","0.861","-0.02617","0.00035","0","0","13.56","Humid","22.75","0","51.00","251129.86","SABD0000000001","AAV1.0.0.11","1.1.2.0","PSt7-10","170328-022","9/30/2017 7:09:10 PM","0000-00","0","no battery","V"
"11/03/2018","09:44:40","9","default","550496092","OXY_CH9","20.649","min","250.421","µmol/L","Humid","18.727","deg","79221","µV","26.076","°C","1019.000","hPa","34.1","pmil","0","53.442","deg","23.711","°C","100.000","%a.s.","21.016","deg","23.307","°C","1019.000","hPa","0.861","-0.02617","0.00035","0","0","13.56","Humid","22.75","0","51.00","251114.18","SABD0000000001","AAV1.0.0.11","1.1.2.0","PSt7-10","170328-022","9/30/2017 7:09:10 PM","0000-00","0","no battery","V"
"11/03/2018","09:44:41","9","default","550496092","OXY_CH9","20.666","min","250.366","µmol/L","Humid","18.731","deg","79217","µV","26.071","°C","1019.000","hPa","34.1","pmil","0","53.442","deg","23.711","°C","100.000","%a.s.","21.016","deg","23.307","°C","1019.000","hPa","0.861","-0.02617","0.00035","0","0","13.56","Humid","22.75","0","51.00","251123.44","SABD0000000001","AAV1.0.0.11","1.1.2.0","PSt7-10","170328-022","9/30/2017 7:09:10 PM","0000-00","0","no battery","V"
"11/03/2018","09:44:42","9","default","550496092","OXY_CH9","20.683","min","250.222","µmol/L","Humid","18.732","deg","79218","µV","26.087","°C","1019.000","hPa","34.1","pmil","0","53.442","deg","23.711","°C","100.000","%a.s.","21.016","deg","23.307","°C","1019.000","hPa","0.861","-0.02617","0.00035","0","0","13.56","Humid","22.75","0","51.00","251116.58","SABD0000000001","AAV1.0.0.11","1.1.2.0","PSt7-10","170328-022","9/30/2017 7:09:10 PM","0000-00","0","no battery","V"
"11/03/2018","09:44:43","9","default","550496092","OXY_CH9","20.699","min","250.363","µmol/L","Humid","18.727","deg","79216","µV","26.084","°C","1019.000","hPa","34.1","pmil","0","53.442","deg","23.711","°C","100.000","%a.s.","21.016","deg","23.307","°C","1019.000","hPa","0.861","-0.02617","0.00035","0","0","13.56","Humid","22.75","0","51.00","251116.07","SABD0000000001","AAV1.0.0.11","1.1.2.0","PSt7-10","170328-022","9/30/2017 7:09:10 PM","0000-00","0","no battery","V"
"11/03/2018","09:44:44","9","default","550496092","OXY_CH9","20.715","min","250.232","µmol/L","Humid","18.733","deg","79218","µV","26.082","°C","1019.000","hPa","34.1","pmil","0","53.442","deg","23.711","°C","100.000","%a.s.","21.016","deg","23.307","°C","1019.000","hPa","0.861","-0.02617","0.00035","0","0","13.56","Humid","22.75","0","51.00","251119.81","SABD0000000001","AAV1.0.0.11","1.1.2.0","PSt7-10","170328-022","9/30/2017 7:09:10 PM","0000-00","0","no battery","V"
"11/03/2018","09:44:45","9","default","550496092","OXY_CH9","20.732","min","250.383","µmol/L","Humid","18.729","deg","79218","µV","26.075","°C","1019.000","hPa","34.1","pmil","0","53.442","deg","23.711","°C","100.000","%a.s.","21.016","deg","23.307","°C","1019.000","hPa","0.861","-0.02617","0.00035","0","0","13.56","Humid","22.75","0","51.00","251107.39","SABD0000000001","AAV1.0.0.11","1.1.2.0","PSt7-10","170328-022","9/30/2017 7:09:10 PM","0000-00","0","no battery","V"
"11/03/2018","09:44:46","9","default","550496092","OXY_CH9","20.749","min","250.401","µmol/L","Humid","18.723","deg","79220","µV","26.092","°C","1019.000","hPa","34.1","pmil","0","53.442","deg","23.711","°C","100.000","%a.s.","21.016","deg","23.307","°C","1019.000","hPa","0.861","-0.02617","0.00035","0","0","13.56","Humid","22.75","0","51.00","251110.63","SABD0000000001","AAV1.0.0.11","1.1.2.0","PSt7-10","170328-022","9/30/2017 7:09:10 PM","0000-00","0","no battery","V"
"11/03/2018","09:44:47","9","default","550496092","OXY_CH9","20.766","min","250.335","µmol/L","Humid","18.725","deg","79221","µV","26.095","°C","1019.000","hPa","34.1","pmil","0","53.442","deg","23.711","°C","100.000","%a.s.","21.016","deg","23.307","°C","1019.000","hPa","0.861","-0.02617","0.00035","0","0","13.56","Humid","22.75","0","51.00","251107.71","SABD0000000001","AAV1.0.0.11","1.1.2.0","PSt7-10","170328-022","9/30/2017 7:09:10 PM","0000-00","0","no battery","V"
"11/03/2018","09:44:48","9","default","550496092","OXY_CH9","20.783","min","250.285","µmol/L","Humid","18.726","deg","79217","µV","26.098","°C","1019.000","hPa","34.1","pmil","0","53.442","deg","23.711","°C","100.000","%a.s.","21.016","deg","23.307","°C","1019.000","hPa","0.861","-0.02617","0.00035","0","0","13.56","Humid","22.75","0","51.00","251111.91","SABD0000000001","AAV1.0.0.11","1.1.2.0","PSt7-10","170328-022","9/30/2017 7:09:10 PM","0000-00","0","no battery","V"
"11/03/2018","09:44:49","9","default","550496092","OXY_CH9","20.799","min","250.282","µmol/L","Humid","18.726","deg","79210","µV","26.098","°C","1019.000","hPa","34.1","pmil","0","53.442","deg","23.711","°C","100.000","%a.s.","21.016","deg","23.307","°C","1019.000","hPa","0.861","-0.02617","0.00035","0","0","13.56","Humid","22.75","0","51.00","251106.11","SABD0000000001","AAV1.0.0.11","1.1.2.0","PSt7-10","170328-022","9/30/2017 7:09:10 PM","0000-00","0","no battery","V"
"11/03/2018","09:44:50","9","default","550496092","OXY_CH9","20.816","min","250.439","µmol/L","Humid","18.724","deg","79213","µV","26.084","°C","1019.000","hPa","34.1","pmil","0","53.442","deg","23.711","°C","100.000","%a.s.","21.016","deg","23.307","°C","1019.000","hPa","0.861","-0.02617","0.00035","0","0","13.56","Humid","22.75","0","51.00","251111.05","SABD0000000001","AAV1.0.0.11","1.1.2.0","PSt7-10","170328-022","9/30/2017 7:09:10 PM","0000-00","0","no battery","V"
"11/03/2018","09:44:51","9","default","550496092","OXY_CH9","20.833","min","250.265","µmol/L","Humid","18.730","deg","79206","µV","26.088","°C","1019.000","hPa","34.1","pmil","0","53.442","deg","23.711","°C","100.000","%a.s.","21.016","deg","23.307","°C","1019.000","hPa","0.861","-0.02617","0.00035","0","0","13.56","Humid","22.75","0","51.00","251103.65","SABD0000000001","AAV1.0.0.11","1.1.2.0","PSt7-10","170328-022","9/30/2017 7:09:10 PM","0000-00","0","no battery","V"
"11/03/2018","09:44:52","9","default","550496092","OXY_CH9","20.849","min","250.319","µmol/L","Humid","18.727","deg","79215","µV","26.090","°C","1019.000","hPa","34.1","pmil","0","53.442","deg","23.711","°C","100.000","%a.s.","21.016","deg","23.307","°C","1019.000","hPa","0.861","-0.02617","0.00035","0","0","13.56","Humid","22.75","0","51.00","251094.98","SABD0000000001","AAV1.0.0.11","1.1.2.0","PSt7-10","170328-022","9/30/2017 7:09:10 PM","0000-00","0","no battery","V"
"11/03/2018","09:44:53","9","default","550496092","OXY_CH9","20.865","min","250.055","µmol/L","Humid","18.735","deg","79217","µV","26.100","°C","1019.000","hPa","34.1","pmil","0","53.442","deg","23.711","°C","100.000","%a.s.","21.016","deg","23.307","°C","1019.000","hPa","0.861","-0.02617","0.00035","0","0","13.56","Humid","22.75","0","51.00","251102.19","SABD0000000001","AAV1.0.0.11","1.1.2.0","PSt7-10","170328-022","9/30/2017 7:09:10 PM","0000-00","0","no battery","V"
"11/03/2018","09:44:54","9","default","550496092","OXY_CH9","20.882","min","250.334","µmol/L","Humid","18.729","deg","79208","µV","26.082","°C","1019.000","hPa","34.1","pmil","0","53.442","deg","23.711","°C","100.000","%a.s.","21.016","deg","23.307","°C","1019.000","hPa","0.861","-0.02617","0.00035","0","0","13.56","Humid","22.75","0","51.00","251097.25","SABD0000000001","AAV1.0.0.11","1.1.2.0","PSt7-10","170328-022","9/30/2017 7:09:10 PM","0000-00","0","no battery","V"
"11/03/2018","09:44:55","9","default","550496092","OXY_CH9","20.899","min","250.273","µmol/L","Humid","18.731","deg","79216","µV","26.083","°C","1019.000","hPa","34.1","pmil","0","53.442","deg","23.711","°C","100.000","%a.s.","21.016","deg","23.307","°C","1019.000","hPa","0.861","-0.02617","0.00035","0","0","13.56","Humid","22.75","0","51.00","251112.06","SABD0000000001","AAV1.0.0.11","1.1.2.0","PSt7-10","170328-022","9/30/2017 7:09:10 PM","0000-00","0","no battery","V"
"11/03/2018","09:44:56","9","default","550496092","OXY_CH9","20.916","min","250.208","µmol/L","Humid","18.727","deg","79210","µV","26.105","°C","1019.000","hPa","34.1","pmil","0","53.442","deg","23.711","°C","100.000","%a.s.","21.016","deg","23.307","°C","1019.000","hPa","0.861","-0.02617","0.00035","0","0","13.56","Humid","22.75","0","51.00","251112.50","SABD0000000001","AAV1.0.0.11","1.1.2.0","PSt7-10","170328-022","9/30/2017 7:09:10 PM","0000-00","0","no battery","V"
"11/03/2018","09:44:57","9","default","550496092","OXY_CH9","20.933","min","250.244","µmol/L","Humid","18.729","deg","79205","µV","26.094","°C","1019.000","hPa","34.1","pmil","0","53.442","deg","23.711","°C","100.000","%a.s.","21.016","deg","23.307","°C","1019.000","hPa","0.861","-0.02617","0.00035","0","0","13.56","Humid","22.75","0","51.00","251104.84","SABD0000000001","AAV1.0.0.11","1.1.2.0","PSt7-10","170328-022","9/30/2017 7:09:10 PM","0000-00","0","no battery","V"
"11/03/2018","09:44:58","9","default","550496092","OXY_CH9","20.949","min","250.316","µmol/L","Humid","18.726","deg","79209","µV","26.094","°C","1019.000","hPa","34.1","pmil","0","53.442","deg","23.711","°C","100.000","%a.s.","21.016","deg","23.307","°C","1019.000","hPa","0.861","-0.02617","0.00035","0","0","13.56","Humid","22.75","0","51.00","251096.60","SABD0000000001","AAV1.0.0.11","1.1.2.0","PSt7-10","170328-022","9/30/2017 7:09:10 PM","0000-00","0","no battery","V"
"11/03/2018","09:44:59","9","default","550496092","OXY_CH9","20.966","min","250.307","µmol/L","Humid","18.726","deg","79203","µV","26.095","°C","1019.000","hPa","34.1","pmil","0","53.442","deg","23.711","°C","100.000","%a.s.","21.016","deg","23.307","°C","1019.000","hPa","0.861","-0.02617","0.00035","0","0","13.56","Humid","22.75","0","51.00","251097.06","SABD0000000001","AAV1.0.0.11","1.1.2.0","PSt7-10","170328-022","9/30/2017 7:09:10 PM","0000-00","0","no battery","V"
"11/03/2018","09:45:00","9","default","550496092","OXY_CH9","20.983","min","250.245","µmol/L","Humid","18.731","deg","79207","µV","26.087","°C","1019.000","hPa","34.1","pmil","0","53.442","deg","23.711","°C","100.000","%a.s.","21.016","deg","23.307","°C","1019.000","hPa","0.861","-0.02617","0.00035","0","0","13.56","Humid","22.75","0","51.00","251095.52","SABD0000000001","AAV1.0.0.11","1.1.2.0","PSt7-10","170328-022","9/30/2017 7:09:10 PM","0000-00","0","no battery","V"
"11/03/2018","09:45:01","9","default","550496092","OXY_CH9","20.999","min","250.133","µmol/L","Humid","18.736","deg","79208","µV","26.086","°C","1019.000","hPa","34.1","pmil","0","53.442","deg","23.711","°C","100.000","%a.s.","21.016","deg","23.307","°C","1019.000","hPa","0.861","-0.02617","0.00035","0","0","13.56","Humid","22.75","0","51.00","251090.61","SABD0000000001","AAV1.0.0.11","1.1.2.0","PSt7-10","170328-022","9/30/2017 7:09:10 PM","0000-00","0","no battery","V"
"11/03/2018","09:45:02","9","default","550496092","OXY_CH9","21.016","min","250.340","µmol/L","Humid","18.726","deg","79207","µV","26.091","°C","1019.000","hPa","34.1","pmil","0","53.442","deg","23.711","°C","100.000","%a.s.","21.016","deg","23.307","°C","1019.000","hPa","0.861","-0.02617","0.00035","0","0","13.56","Humid","22.75","0","51.00","251096.77","SABD0000000001","AAV1.0.0.11","1.1.2.0","PSt7-10","170328-022","9/30/2017 7:09:10 PM","0000-00","0","no battery","V"
"11/03/2018","09:45:03","9","default","550496092","OXY_CH9","21.032","min","250.124","µmol/L","Humid","18.734","deg","79208","µV","26.094","°C","1019.000","hPa","34.1","pmil","0","53.442","deg","23.711","°C","100.000","%a.s.","21.016","deg","23.307","°C","1019.000","hPa","0.861","-0.02617","0.00035","0","0","13.56","Humid","22.75","0","51.00","251095.30","SABD0000000001","AAV1.0.0.11","1.1.2.0","PSt7-10","170328-022","9/30/2017 7:09:10 PM","0000-00","0","no battery","V"
"11/03/2018","09:45:04","9","default","550496092","OXY_CH9","21.049","min","250.257","µmol/L","Humid","18.732","deg","79196","µV","26.082","°C","1019.000","hPa","34.1","pmil","0","53.442","deg","23.711","°C","100.000","%a.s.","21.016","deg","23.307","°C","1019.000","hPa","0.861","-0.02617","0.00035","0","0","13.56","Humid","22.75","0","51.00","251094.39","SABD0000000001","AAV1.0.0.11","1.1.2.0","PSt7-10","170328-022","9/30/2017 7:09:10 PM","0000-00","0","no battery","V"
"11/03/2018","09:45:05","9","default","550496092","OXY_CH9","21.066","min","250.248","µmol/L","Humid","18.732","deg","79205","µV","26.084","°C","1019.000","hPa","34.1","pmil","0","53.442","deg","23.711","°C","100.000","%a.s.","21.016","deg","23.307","°C","1019.000","hPa","0.861","-0.02617","0.00035","0","0","13.56","Humid","22.75","0","51.00","251089.28","SABD0000000001","AAV1.0.0.11","1.1.2.0","PSt7-10","170328-022","9/30/2017 7:09:10 PM","0000-00","0","no battery","V"
"11/03/2018","09:45:06","9","default","550496092","OXY_CH9","21.083","min","250.072","µmol/L","Humid","18.733","deg","79199","µV","26.104","°C","1019.000","hPa","34.1","pmil","0","53.442","deg","23.711","°C","100.000","%a.s.","21.016","deg","23.307","°C","1019.000","hPa","0.861","-0.02617","0.00035","0","0","13.56","Humid","22.75","0","51.00","251085.88","SABD0000000001","AAV1.0.0.11","1.1.2.0","PSt7-10","170328-022","9/30/2017 7:09:10 PM","0000-00","0","no battery","V"
"11/03/2018","09:45:07","9","default","550496092","OXY_CH9","21.099","min","250.147","µmol/L","Humid","18.730","deg","79203","µV","26.104","°C","1019.000","hPa","34.1","pmil","0","53.442","deg","23.711","°C","100.000","%a.s.","21.016","deg","23.307","°C","1019.000","hPa","0.861","-0.02617","0.00035","0","0","13.56","Humid","22.75","0","51.00","251084.45","SABD0000000001","AAV1.0.0.11","1.1.2.0","PSt7-10","170328-022","9/30/2017 7:09:10 PM","0000-00","0","no battery","V"
"11/03/2018","09:45:08","9","default","550496092","OXY_CH9","21.116","min","250.245","µmol/L","Humid","18.731","deg","79205","µV","26.087","°C","1019.000","hPa","34.1","pmil","0","53.442","deg","23.711","°C","100.000","%a.s.","21.016","deg","23.307","°C","1019.000","hPa","0.861","-0.02617","0.00035","0","0","13.56","Humid","22.75","0","51.00","251081.76","SABD0000000001","AAV1.0.0.11","1.1.2.0","PSt7-10","170328-022","9/30/2017 7:09:10 PM","0000-00","0","no battery","V"
"11/03/2018","09:45:09","9","default","550496092","OXY_CH9","21.132","min","250.246","µmol/L","Humid","18.731","deg","79197","µV","26.087","°C","1019.000","hPa","34.1","pmil","0","53.442","deg","23.711","°C","100.000","%a.s.","21.016","deg","23.307","°C","1019.000","hPa","0.861","-0.02617","0.00035","0","0","13.56","Humid","22.75","0","51.00","251089.70","SABD0000000001","AAV1.0.0.11","1.1.2.0","PSt7-10","170328-022","9/30/2017 7:09:10 PM","0000-00","0","no battery","V"
"11/03/2018","09:45:10","9","default","550496092","OXY_CH9","21.149","min","250.248","µmol/L","Humid","18.730","deg","79199","µV","26.090","°C","1019.000","hPa","34.1","pmil","0","53.442","deg","23.711","°C","100.000","%a.s.","21.016","deg","23.307","°C","1019.000","hPa","0.861","-0.02617","0.00035","0","0","13.56","Humid","22.75","0","51.00","251097.13","SABD0000000001","AAV1.0.0.11","1.1.2.0","PSt7-10","170328-022","9/30/2017 7:09:10 PM","0000-00","0","no battery","V"
"11/03/2018","09:45:11","9","default","550496092","OXY_CH9","21.166","min","250.040","µmol/L","Humid","18.736","deg","79197","µV","26.099","°C","1019.000","hPa","34.1","pmil","0","53.442","deg","23.711","°C","100.000","%a.s.","21.016","deg","23.307","°C","1019.000","hPa","0.861","-0.02617","0.00035","0","0","13.56","Humid","22.75","0","51.00","251086.60","SABD0000000001","AAV1.0.0.11","1.1.2.0","PSt7-10","170328-022","9/30/2017 7:09:10 PM","0000-00","0","no battery","V"
"11/03/2018","09:45:12","9","default","550496092","OXY_CH9","21.182","min","250.306","µmol/L","Humid","18.732","deg","79206","µV","26.076","°C","1019.000","hPa","34.1","pmil","0","53.442","deg","23.711","°C","100.000","%a.s.","21.016","deg","23.307","°C","1019.000","hPa","0.861","-0.02617","0.00035","0","0","13.56","Humid","22.75","0","51.00","251088.87","SABD0000000001","AAV1.0.0.11","1.1.2.0","PSt7-10","170328-022","9/30/2017 7:09:10 PM","0000-00","0","no battery","V"
"11/03/2018","09:45:13","9","default","550496092","OXY_CH9","21.199","min","250.150","µmol/L","Humid","18.736","deg","79194","µV","26.084","°C","1019.000","hPa","34.1","pmil","0","53.442","deg","23.711","°C","100.000","%a.s.","21.016","deg","23.307","°C","1019.000","hPa","0.861","-0.02617","0.00035","0","0","13.56","Humid","22.75","0","51.00","251078.83","SABD0000000001","AAV1.0.0.11","1.1.2.0","PSt7-10","170328-022","9/30/2017 7:09:10 PM","0000-00","0","no battery","V"
"11/03/2018","09:45:14","9","default","550496092","OXY_CH9","21.216","min","250.036","µmol/L","Humid","18.736","deg","79191","µV","26.099","°C","1019.000","hPa","34.1","pmil","0","53.442","deg","23.711","°C","100.000","%a.s.","21.016","deg","23.307","°C","1019.000","hPa","0.861","-0.02617","0.00035","0","0","13.56","Humid","22.75","0","51.00","251076.69","SABD0000000001","AAV1.0.0.11","1.1.2.0","PSt7-10","170328-022","9/30/2017 7:09:10 PM","0000-00","0","no battery","V"
"11/03/2018","09:45:15","9","default","550496092","OXY_CH9","21.233","min","250.205","µmol/L","Humid","18.734","deg","79198","µV","26.083","°C","1019.000","hPa","34.1","pmil","0","53.442","deg","23.711","°C","100.000","%a.s.","21.016","deg","23.307","°C","1019.000","hPa","0.861","-0.02617","0.00035","0","0","13.56","Humid","22.75","0","51.00","251075.03","SABD0000000001","AAV1.0.0.11","1.1.2.0","PSt7-10","170328-022","9/30/2017 7:09:10 PM","0000-00","0","no battery","V"
"11/03/2018","09:45:16","9","default","550496092","OXY_CH9","21.250","min","250.157","µmol/L","Humid","18.734","deg","79196","µV","26.089","°C","1019.000","hPa","34.1","pmil","0","53.442","deg","23.711","°C","100.000","%a.s.","21.016","deg","23.307","°C","1019.000","hPa","0.861","-0.02617","0.00035","0","0","13.56","Humid","22.75","0","51.00","251071.05","SABD0000000001","AAV1.0.0.11","1.1.2.0","PSt7-10","170328-022","9/30/2017 7:09:10 PM","0000-00","0","no battery","V"
"11/03/2018","09:45:17","9","default","550496092","OXY_CH9","21.265","min","250.131","µmol/L","Humid","18.732","deg","79199","µV","26.099","°C","1019.000","hPa","34.1","pmil","0","53.442","deg","23.711","°C","100.000","%a.s.","21.016","deg","23.307","°C","1019.000","hPa","0.861","-0.02617","0.00035","0","0","13.56","Humid","22.75","0","51.00","251070.00","SABD0000000001","AAV1.0.0.11","1.1.2.0","PSt7-10","170328-022","9/30/2017 7:09:10 PM","0000-00","0","no battery","V"
"11/03/2018","09:45:18","9","default","550496092","OXY_CH9","21.282","min","250.281","µmol/L","Humid","18.730","deg","79190","µV","26.086","°C","1019.000","hPa","34.1","pmil","0","53.442","deg","23.711","°C","100.000","%a.s.","21.016","deg","23.307","°C","1019.000","hPa","0.861","-0.02617","0.00035","0","0","13.56","Humid","22.75","0","51.00","251074.36","SABD0000000001","AAV1.0.0.11","1.1.2.0","PSt7-10","170328-022","9/30/2017 7:09:10 PM","0000-00","0","no battery","V"
"11/03/2018","09:45:19","9","default","550496092","OXY_CH9","21.299","min","250.211","µmol/L","Humid","18.734","deg","79197","µV","26.082","°C","1019.000","hPa","34.1","pmil","0","53.442","deg","23.711","°C","100.000","%a.s.","21.016","deg","23.307","°C","1019.000","hPa","0.861","-0.02617","0.00035","0","0","13.56","Humid","22.75","0","51.00","251079.31","SABD0000000001","AAV1.0.0.11","1.1.2.0","PSt7-10","170328-022","9/30/2017 7:09:10 PM","0000-00","0","no battery","V"
"11/03/2018","09:45:20","9","default","550496092","OXY_CH9","21.316","min","250.350","µmol/L","Humid","18.728","deg","79198","µV","26.083","°C","1019.000","hPa","34.1","pmil","0","53.442","deg","23.711","°C","100.000","%a.s.","21.016","deg","23.307","°C","1019.000","hPa","0.861","-0.02617","0.00035","0","0","13.56","Humid","22.75","0","51.00","251065.10","SABD0000000001","AAV1.0.0.11","1.1.2.0","PSt7-10","170328-022","9/30/2017 7:09:10 PM","0000-00","0","no battery","V"
"11/03/2018","09:45:21","9","default","550496092","OXY_CH9","21.333","min","250.303","µmol/L","Humid","18.730","deg","79194","µV","26.083","°C","1019.000","hPa","34.1","pmil","0","53.442","deg","23.711","°C","100.000","%a.s.","21.016","deg","23.307","°C","1019.000","hPa","0.861","-0.02617","0.00035","0","0","13.56","Humid","22.75","0","51.00","251059.91","SABD0000000001","AAV1.0.0.11","1.1.2.0","PSt7-10","170328-022","9/30/2017 7:09:10 PM","0000-00","0","no battery","V"
"11/03/2018","09:45:22","9","default","550496092","OXY_CH9","21.349","min","250.190","µmol/L","Humid","18.731","deg","79193","µV","26.095","°C","1019.000","hPa","34.1","pmil","0","53.442","deg","23.711","°C","100.000","%a.s.","21.016","deg","23.307","°C","1019.000","hPa","0.861","-0.02617","0.00035","0","0","13.56","Humid","22.75","0","51.00","251063.44","SABD0000000001","AAV1.0.0.11","1.1.2.0","PSt7-10","170328-022","9/30/2017 7:09:10 PM","0000-00","0","no battery","V"
"11/03/2018","09:45:23","9","default","550496092","OXY_CH9","21.366","min","250.284","µmol/L","Humid","18.731","deg","79195","µV","26.082","°C","1019.000","hPa","34.1","pmil","0","53.442","deg","23.711","°C","100.000","%a.s.","21.016","deg","23.307","°C","1019.000","hPa","0.861","-0.02617","0.00035","0","0","13.56","Humid","22.75","0","51.00","251072.76","SABD0000000001","AAV1.0.0.11","1.1.2.0","PSt7-10","170328-022","9/30/2017 7:09:10 PM","0000-00","0","no battery","V"
"11/03/2018","09:45:24","9","default","550496092","OXY_CH9","21.383","min","250.251","µmol/L","Humid","18.732","deg","79193","µV","26.083","°C","1019.000","hPa","34.1","pmil","0","53.442","deg","23.711","°C","100.000","%a.s.","21.016","deg","23.307","°C","1019.000","hPa","0.861","-0.02617","0.00035","0","0","13.56","Humid","22.75","0","51.00","251059.15","SABD0000000001","AAV1.0.0.11","1.1.2.0","PSt7-10","170328-022","9/30/2017 7:09:10 PM","0000-00","0","no battery","V"
"11/03/2018","09:45:25","9","default","550496092","OXY_CH9","21.399","min","250.013","µmol/L","Humid","18.739","deg","79198","µV","26.092","°C","1019.000","hPa","34.1","pmil","0","53.442","deg","23.711","°C","100.000","%a.s.","21.016","deg","23.307","°C","1019.000","hPa","0.861","-0.02617","0.00035","0","0","13.56","Humid","22.75","0","51.00","251068.51","SABD0000000001","AAV1.0.0.11","1.1.2.0","PSt7-10","170328-022","9/30/2017 7:09:10 PM","0000-00","0","no battery","V"
"11/03/2018","09:45:26","9","default","550496092","OXY_CH9","21.415","min","250.162","µmol/L","Humid","18.732","deg","79201","µV","26.095","°C","1019.000","hPa","34.1","pmil","0","53.442","deg","23.711","°C","100.000","%a.s.","21.016","deg","23.307","°C","1019.000","hPa","0.861","-0.02617","0.00035","0","0","13.56","Humid","22.75","0","51.00","251063.03","SABD0000000001","AAV1.0.0.11","1.1.2.0","PSt7-10","170328-022","9/30/2017 7:09:10 PM","0000-00","0","no battery","V"
"11/03/2018","09:45:27","9","default","550496092","OXY_CH9","21.432","min","250.285","µmol/L","Humid","18.725","deg","79201","µV","26.101","°C","1019.000","hPa","34.1","pmil","0","53.442","deg","23.711","°C","100.000","%a.s.","21.016","deg","23.307","°C","1019.000","hPa","0.861","-0.02617","0.00035","0","0","13.56","Humid","22.75","0","51.00","251067.70","SABD0000000001","AAV1.0.0.11","1.1.2.0","PSt7-10","170328-022","9/30/2017 7:09:10 PM","0000-00","0","no battery","V"
"11/03/2018","09:45:28","9","default","550496092","OXY_CH9","21.449","min","250.147","µmol/L","Humid","18.733","deg","79191","µV","26.094","°C","1019.000","hPa","34.1","pmil","0","53.442","deg","23.711","°C","100.000","%a.s.","21.016","deg","23.307","°C","1019.000","hPa","0.861","-0.02617","0.00035","0","0","13.56","Humid","22.75","0","51.00","251074.00","SABD0000000001","AAV1.0.0.11","1.1.2.0","PSt7-10","170328-022","9/30/2017 7:09:10 PM","0000-00","0","no battery","V"
"11/03/2018","09:45:29","9","default","550496092","OXY_CH9","21.466","min","250.159","µmol/L","Humid","18.732","deg","79195","µV","26.096","°C","1019.000","hPa","34.1","pmil","0","53.442","deg","23.711","°C","100.000","%a.s.","21.016","deg","23.307","°C","1019.000","hPa","0.861","-0.02617","0.00035","0","0","13.56","Humid","22.75","0","51.00","251067.27","SABD0000000001","AAV1.0.0.11","1.1.2.0","PSt7-10","170328-022","9/30/2017 7:09:10 PM","0000-00","0","no battery","V"
"11/03/2018","09:45:30","9","default","550496092","OXY_CH9","21.483","min","250.254","µmol/L","Humid","18.729","deg","79195","µV","26.092","°C","1019.000","hPa","34.1","pmil","0","53.442","deg","23.711","°C","100.000","%a.s.","21.016","deg","23.307","°C","1019.000","hPa","0.861","-0.02617","0.00035","0","0","13.56","Humid","22.75","0","51.00","251063.62","SABD0000000001","AAV1.0.0.11","1.1.2.0","PSt7-10","170328-022","9/30/2017 7:09:10 PM","0000-00","0","no battery","V"
"11/03/2018","09:45:31","9","default","550496092","OXY_CH9","21.499","min","250.061","µmol/L","Humid","18.738","deg","79192","µV","26.089","°C","1019.000","hPa","34.1","pmil","0","53.442","deg","23.711","°C","100.000","%a.s.","21.016","deg","23.307","°C","1019.000","hPa","0.861","-0.02617","0.00035","0","0","13.56","Humid","22.75","0","51.00","251056.34","SABD0000000001","AAV1.0.0.11","1.1.2.0","PSt7-10","170328-022","9/30/2017 7:09:10 PM","0000-00","0","no battery","V"
"11/03/2018","09:45:32","9","default","550496092","OXY_CH9","21.516","min","250.208","µmol/L","Humid","18.731","deg","79198","µV","26.092","°C","1019.000","hPa","34.1","pmil","0","53.442","deg","23.711","°C","100.000","%a.s.","21.016","deg","23.307","°C","1019.000","hPa","0.861","-0.02617","0.00035","0","0","13.56","Humid","22.75","0","51.00","251066.67","SABD0000000001","AAV1.0.0.11","1.1.2.0","PSt7-10","170328-022","9/30/2017 7:09:10 PM","0000-00","0","no battery","V"
"11/03/2018","09:45:33","9","default","550496092","OXY_CH9","21.533","min","250.187","µmol/L","Humid","18.735","deg","79201","µV","26.082","°C","1019.000","hPa","34.1","pmil","0","53.442","deg","23.711","°C","100.000","%a.s.","21.016","deg","23.307","°C","1019.000","hPa","0.861","-0.02617","0.00035","0","0","13.56","Humid","22.75","0","51.00","251059.90","SABD0000000001","AAV1.0.0.11","1.1.2.0","PSt7-10","170328-022","9/30/2017 7:09:10 PM","0000-00","0","no battery","V"
"11/03/2018","09:45:34","9","default","550496092","OXY_CH9","21.549","min","250.170","µmol/L","Humid","18.735","deg","79203","µV","26.084","°C","1019.000","hPa","34.1","pmil","0","53.442","deg","23.711","°C","100.000","%a.s.","21.016","deg","23.307","°C","1019.000","hPa","0.861","-0.02617","0.00035","0","0","13.56","Humid","22.75","0","51.00","251056.68","SABD0000000001","AAV1.0.0.11","1.1.2.0","PSt7-10","170328-022","9/30/2017 7:09:10 PM","0000-00","0","no battery","V"
"11/03/2018","09:45:35","9","default","550496092","OXY_CH9","21.566","min","250.190","µmol/L","Humid","18.732","deg","79197","µV","26.091","°C","1019.000","hPa","34.1","pmil","0","53.442","deg","23.711","°C","100.000","%a.s.","21.016","deg","23.307","°C","1019.000","hPa","0.861","-0.02617","0.00035","0","0","13.56","Humid","22.75","0","51.00","251051.39","SABD0000000001","AAV1.0.0.11","1.1.2.0","PSt7-10","170328-022","9/30/2017 7:09:10 PM","0000-00","0","no battery","V"
"11/03/2018","09:45:36","9","default","550496092","OXY_CH9","21.582","min","250.170","µmol/L","Humid","18.734","deg","79197","µV","26.088","°C","1019.000","hPa","34.1","pmil","0","53.442","deg","23.711","°C","100.000","%a.s.","21.016","deg","23.307","°C","1019.000","hPa","0.861","-0.02617","0.00035","0","0","13.56","Humid","22.75","0","51.00","251051.12","SABD0000000001","AAV1.0.0.11","1.1.2.0","PSt7-10","170328-022","9/30/2017 7:09:10 PM","0000-00","0","no battery","V"
"11/03/2018","09:45:37","9","default","550496092","OXY_CH9","21.599","min","250.217","µmol/L","Humid","18.733","deg","79195","µV","26.084","°C","1019.000","hPa","34.1","pmil","0","53.442","deg","23.711","°C","100.000","%a.s.","21.016","deg","23.307","°C","1019.000","hPa","0.861","-0.02617","0.00035","0","0","13.56","Humid","22.75","0","51.00","251059.23","SABD0000000001","AAV1.0.0.11","1.1.2.0","PSt7-10","170328-022","9/30/2017 7:09:10 PM","0000-00","0","no battery","V"
"11/03/2018","09:45:38","9","default","550496092","OXY_CH9","21.616","min","250.099","µmol/L","Humid","18.736","deg","79195","µV","26.091","°C","1019.000","hPa","34.1","pmil","0","53.442","deg","23.711","°C","100.000","%a.s.","21.016","deg","23.307","°C","1019.000","hPa","0.861","-0.02617","0.00035","0","0","13.56","Humid","22.75","0","51.00","251049.96","SABD0000000001","AAV1.0.0.11","1.1.2.0","PSt7-10","170328-022","9/30/2017 7:09:10 PM","0000-00","0","no battery","V"
"11/03/2018","09:45:39","9","default","550496092","OXY_CH9","21.633","min","250.178","µmol/L","Humid","18.733","deg","79198","µV","26.090","°C","1019.000","hPa","34.1","pmil","0","53.442","deg","23.711","°C","100.000","%a.s.","21.016","deg","23.307","°C","1019.000","hPa","0.861","-0.02617","0.00035","0","0","13.56","Humid","22.75","0","51.00","251050.80","SABD0000000001","AAV1.0.0.11","1.1.2.0","PSt7-10","170328-022","9/30/2017 7:09:10 PM","0000-00","0","no battery","V"
"11/03/2018","09:45:40","9","default","550496092","OXY_CH9","21.649","min","250.174","µmol/L","Humid","18.732","deg","79200","µV","26.094","°C","1019.000","hPa","34.1","pmil","0","53.442","deg","23.711","°C","100.000","%a.s.","21.016","deg","23.307","°C","1019.000","hPa","0.861","-0.02617","0.00035","0","0","13.56","Humid","22.75","0","51.00","251048.29","SABD0000000001","AAV1.0.0.11","1.1.2.0","PSt7-10","170328-022","9/30/2017 7:09:10 PM","0000-00","0","no battery","V"
"11/03/2018","09:45:41","9","default","550496092","OXY_CH9","21.666","min","250.152","µmol/L","Humid","18.735","deg","79194","µV","26.087","°C","1019.000","hPa","34.1","pmil","0","53.442","deg","23.711","°C","100.000","%a.s.","21.016","deg","23.307","°C","1019.000","hPa","0.861","-0.02617","0.00035","0","0","13.56","Humid","22.75","0","51.00","251050.63","SABD0000000001","AAV1.0.0.11","1.1.2.0","PSt7-10","170328-022","9/30/2017 7:09:10 PM","0000-00","0","no battery","V"
"11/03/2018","09:45:42","9","default","550496092","OXY_CH9","21.682","min","250.256","µmol/L","Humid","18.732","deg","79198","µV","26.082","°C","1019.000","hPa","34.1","pmil","0","53.442","deg","23.711","°C","100.000","%a.s.","21.016","deg","23.307","°C","1019.000","hPa","0.861","-0.02617","0.00035","0","0","13.56","Humid","22.75","0","51.00","251051.22","SABD0000000001","AAV1.0.0.11","1.1.2.0","PSt7-10","170328-022","9/30/2017 7:09:10 PM","0000-00","0","no battery","V"
"11/03/2018","09:45:43","9","default","550496092","OXY_CH9","21.699","min","250.248","µmol/L","Humid","18.737","deg","79193","µV","26.067","°C","1019.000","hPa","34.1","pmil","0","53.442","deg","23.711","°C","100.000","%a.s.","21.016","deg","23.307","°C","1019.000","hPa","0.861","-0.02617","0.00035","0","0","13.56","Humid","22.75","0","51.00","251043.99","SABD0000000001","AAV1.0.0.11","1.1.2.0","PSt7-10","170328-022","9/30/2017 7:09:10 PM","0000-00","0","no battery","V"
"11/03/2018","09:45:44","9","default","550496092","OXY_CH9","21.716","min","249.986","µmol/L","Humid","18.740","deg","79188","µV","26.093","°C","1019.000","hPa","34.1","pmil","0","53.442","deg","23.711","°C","100.000","%a.s.","21.016","deg","23.307","°C","1019.000","hPa","0.861","-0.02617","0.00035","0","0","13.56","Humid","22.75","0","51.00","251046.09","SABD0000000001","AAV1.0.0.11","1.1.2.0","PSt7-10","170328-022","9/30/2017 7:09:10 PM","0000-00","0","no battery","V"
"11/03/2018","09:45:45","9","default","550496092","OXY_CH9","21.732","min","250.098","µmol/L","Humid","18.735","deg","79193","µV","26.094","°C","1019.000","hPa","34.1","pmil","0","53.442","deg","23.711","°C","100.000","%a.s.","21.016","deg","23.307","°C","1019.000","hPa","0.861","-0.02617","0.00035","0","0","13.56","Humid","22.75","0","51.00","251062.04","SABD0000000001","AAV1.0.0.11","1.1.2.0","PSt7-10","170328-022","9/30/2017 7:09:10 PM","0000-00","0","no battery","V"
"11/03/2018","09:45:46","9","default","550496092","OXY_CH9","21.749","min","250.140","µmol/L","Humid","18.737","deg","79188","µV","26.082","°C","1019.000","hPa","34.1","pmil","0","53.442","deg","23.711","°C","100.000","%a.s.","21.016","deg","23.307","°C","1019.000","hPa","0.861","-0.02617","0.00035","0","0","13.56","Humid","22.75","0","51.00","251048.92","SABD0000000001","AAV1.0.0.11","1.1.2.0","PSt7-10","170328-022","9/30/2017 7:09:10 PM","0000-00","0","no battery","V"
"11/03/2018","09:45:47","9","default","550496092","OXY_CH9","21.766","min","250.158","µmol/L","Humid","18.736","deg","79194","µV","26.083","°C","1019.000","hPa","34.1","pmil","0","53.442","deg","23.711","°C","100.000","%a.s.","21.016","deg","23.307","°C","1019.000","hPa","0.861","-0.02617","0.00035","0","0","13.56","Humid","22.75","0","51.00","251054.29","SABD0000000001","AAV1.0.0.11","1.1.2.0","PSt7-10","170328-022","9/30/2017 7:09:10 PM","0000-00","0","no battery","V"
"11/03/2018","09:45:48","9","default","550496092","OXY_CH9","21.783","min","250.227","µmol/L","Humid","18.734","deg","79188","µV","26.080","°C","1019.000","hPa","34.1","pmil","0","53.442","deg","23.711","°C","100.000","%a.s.","21.016","deg","23.307","°C","1019.000","hPa","0.861","-0.02617","0.00035","0","0","13.56","Humid","22.75","0","51.00","251044.46","SABD0000000001","AAV1.0.0.11","1.1.2.0","PSt7-10","170328-022","9/30/2017 7:09:10 PM","0000-00","0","no battery","V"
"11/03/2018","09:45:49","9","default","550496092","OXY_CH9","21.799","min","250.064","µmol/L","Humid","18.732","deg","79184","µV","26.108","°C","1019.000","hPa","34.1","pmil","0","53.442","deg","23.711","°C","100.000","%a.s.","21.016","deg","23.307","°C","1019.000","hPa","0.861","-0.02617","0.00035","0","0","13.56","Humid","22.75","0","51.00","251044.82","SABD0000000001","AAV1.0.0.11","1.1.2.0","PSt7-10","170328-022","9/30/2017 7:09:10 PM","0000-00","0","no battery","V"
"11/03/2018","09:45:50","9","default","550496092","OXY_CH9","21.816","min","250.061","µmol/L","Humid","18.736","deg","79189","µV","26.096","°C","1019.000","hPa","34.1","pmil","0","53.442","deg","23.711","°C","100.000","%a.s.","21.016","deg","23.307","°C","1019.000","hPa","0.861","-0.02617","0.00035","0","0","13.56","Humid","22.75","0","51.00","251036.18","SABD0000000001","AAV1.0.0.11","1.1.2.0","PSt7-10","170328-022","9/30/2017 7:09:10 PM","0000-00","0","no battery","V"
"11/03/2018","09:45:51","9","default","550496092","OXY_CH9","21.832","min","250.395","µmol/L","Humid","18.730","deg","79198","µV","26.070","°C","1019.000","hPa","34.1","pmil","0","53.442","deg","23.711","°C","100.000","%a.s.","21.016","deg","23.307","°C","1019.000","hPa","0.861","-0.02617","0.00035","0","0","13.56","Humid","22.75","0","51.00","251040.18","SABD0000000001","AAV1.0.0.11","1.1.2.0","PSt7-10","170328-022","9/30/2017 7:09:10 PM","0000-00","0","no battery","V"
"11/03/2018","09:45:52","9","default","550496092","OXY_CH9","21.849","min","250.369","µmol/L","Humid","18.730","deg","79192","µV","26.074","°C","1019.000","hPa","34.1","pmil","0","53.442","deg","23.711","°C","100.000","%a.s.","21.016","deg","23.307","°C","1019.000","hPa","0.861","-0.02617","0.00035","0","0","13.56","Humid","22.75","0","51.00","251035.21","SABD0000000001","AAV1.0.0.11","1.1.2.0","PSt7-10","170328-022","9/30/2017 7:09:10 PM","0000-00","0","no battery","V"
"11/03/2018","09:45:53","9","default","550496092","OXY_CH9","21.866","min","250.274","µmol/L","Humid","18.734","deg","79189","µV","26.073","°C","1019.000","hPa","34.1","pmil","0","53.442","deg","23.711","°C","100.000","%a.s.","21.016","deg","23.307","°C","1019.000","hPa","0.861","-0.02617","0.00035","0","0","13.56","Humid","22.75","0","51.00","251036.90","SABD0000000001","AAV1.0.0.11","1.1.2.0","PSt7-10","170328-022","9/30/2017 7:09:10 PM","0000-00","0","no battery","V"
"11/03/2018","09:45:54","9","default","550496092","OXY_CH9","21.882","min","250.108","µmol/L","Humid","18.736","deg","79187","µV","26.089","°C","1019.000","hPa","34.1","pmil","0","53.442","deg","23.711","°C","100.000","%a.s.","21.016","deg","23.307","°C","1019.000","hPa","0.861","-0.02617","0.00035","0","0","13.56","Humid","22.75","0","51.00","251035.42","SABD0000000001","AAV1.0.0.11","1.1.2.0","PSt7-10","170328-022","9/30/2017 7:09:10 PM","0000-00","0","no battery","V"
"11/03/2018","09:45:55","9","default","550496092","OXY_CH9","21.899","min","249.974","µmol/L","Humid","18.738","deg","79184","µV","26.101","°C","1019.000","hPa","34.1","pmil","0","53.442","deg","23.711","°C","100.000","%a.s.","21.016","deg","23.307","°C","1019.000","hPa","0.861","-0.02617","0.00035","0","0","13.56","Humid","22.75","0","51.00","251040.91","SABD0000000001","AAV1.0.0.11","1.1.2.0","PSt7-10","170328-022","9/30/2017 7:09:10 PM","0000-00","0","no battery","V"
"11/03/2018","09:45:56","9","default","550496092","OXY_CH9","21.916","min","250.058","µmol/L","Humid","18.738","deg","79190","µV","26.090","°C","1019.000","hPa","34.1","pmil","0","53.442","deg","23.711","°C","100.000","%a.s.","21.016","deg","23.307","°C","1019.000","hPa","0.861","-0.02617","0.00035","0","0","13.56","Humid","22.75","0","51.00","251038.09","SABD0000000001","AAV1.0.0.11","1.1.2.0","PSt7-10","170328-022","9/30/2017 7:09:10 PM","0000-00","0","no battery","V"
"11/03/2018","09:45:57","9","default","550496092","OXY_CH9","21.933","min","250.070","µmol/L","Humid","18.738","deg","79197","µV","26.088","°C","1019.000","hPa","34.1","pmil","0","53.442","deg","23.711","°C","100.000","%a.s.","21.016","deg","23.307","°C","1019.000","hPa","0.861","-0.02617","0.00035","0","0","13.56","Humid","22.75","0","51.00","251027.74","SABD0000000001","AAV1.0.0.11","1.1.2.0","PSt7-10","170328-022","9/30/2017 7:09:10 PM","0000-00","0","no battery","V"
"11/03/2018","09:45:58","9","default","550496092","OXY_CH9","21.950","min","250.031","µmol/L","Humid","18.741","deg","79185","µV","26.084","°C","1019.000","hPa","34.1","pmil","0","53.442","deg","23.711","°C","100.000","%a.s.","21.016","deg","23.307","°C","1019.000","hPa","0.861","-0.02617","0.00035","0","0","13.56","Humid","22.75","0","51.00","251031.01","SABD0000000001","AAV1.0.0.11","1.1.2.0","PSt7-10","170328-022","9/30/2017 7:09:10 PM","0000-00","0","no battery","V"
"11/03/2018","09:45:59","9","default","550496092","OXY_CH9","21.966","min","250.236","µmol/L","Humid","18.732","deg","79190","µV","26.085","°C","1019.000","hPa","34.1","pmil","0","53.442","deg","23.711","°C","100.000","%a.s.","21.016","deg","23.307","°C","1019.000","hPa","0.861","-0.02617","0.00035","0","0","13.56","Humid","22.75","0","51.00","251034.51","SABD0000000001","AAV1.0.0.11","1.1.2.0","PSt7-10","170328-022","9/30/2017 7:09:10 PM","0000-00","0","no battery","V"
"11/03/2018","09:46:00","9","default","550496092","OXY_CH9","21.982","min","250.151","µmol/L","Humid","18.737","deg","79186","µV","26.080","°C","1019.000","hPa","34.1","pmil","0","53.442","deg","23.711","°C","100.000","%a.s.","21.016","deg","23.307","°C","1019.000","hPa","0.861","-0.02617","0.00035","0","0","13.56","Humid","22.75","0","51.00","251027.37","SABD0000000001","AAV1.0.0.11","1.1.2.0","PSt7-10","170328-022","9/30/2017 7:09:10 PM","0000-00","0","no battery","V"
"11/03/2018","09:46:01","9","default","550496092","OXY_CH9","21.999","min","250.195","µmol/L","Humid","18.736","deg","79187","µV","26.078","°C","1019.000","hPa","34.1","pmil","0","53.442","deg","23.711","°C","100.000","%a.s.","21.016","deg","23.307","°C","1019.000","hPa","0.861","-0.02617","0.00035","0","0","13.56","Humid","22.75","0","51.00","251025.89","SABD0000000001","AAV1.0.0.11","1.1.2.0","PSt7-10","170328-022","9/30/2017 7:09:10 PM","0000-00","0","no battery","V"
"11/03/2018","09:46:02","9","default","550496092","OXY_CH9","22.016","min","250.156","µmol/L","Humid","18.735","deg","79192","µV","26.086","°C","1019.000","hPa","34.1","pmil","0","53.442","deg","23.711","°C","100.000","%a.s.","21.016","deg","23.307","°C","1019.000","hPa","0.861","-0.02617","0.00035","0","0","13.56","Humid","22.75","0","51.00","251031.15","SABD0000000001","AAV1.0.0.11","1.1.2.0","PSt7-10","170328-022","9/30/2017 7:09:10 PM","0000-00","0","no battery","V"
"11/03/2018","09:46:03","9","default","550496092","OXY_CH9","22.033","min","249.955","µmol/L","Humid","18.740","deg","79194","µV","26.097","°C","1019.000","hPa","34.1","pmil","0","53.442","deg","23.711","°C","100.000","%a.s.","21.016","deg","23.307","°C","1019.000","hPa","0.861","-0.02617","0.00035","0","0","13.56","Humid","22.75","0","51.00","251018.82","SABD0000000001","AAV1.0.0.11","1.1.2.0","PSt7-10","170328-022","9/30/2017 7:09:10 PM","0000-00","0","no battery","V"
"11/03/2018","09:46:04","9","default","550496092","OXY_CH9","22.049","min","249.984","µmol/L","Humid","18.740","deg","79198","µV","26.093","°C","1019.000","hPa","34.1","pmil","0","53.442","deg","23.711","°C","100.000","%a.s.","21.016","deg","23.307","°C","1019.000","hPa","0.861","-0.02617","0.00035","0","0","13.56","Humid","22.75","0","51.00","251032.38","SABD0000000001","AAV1.0.0.11","1.1.2.0","PSt7-10","170328-022","9/30/2017 7:09:10 PM","0000-00","0","no battery","V"
"11/03/2018","09:46:05","9","default","550496092","OXY_CH9","22.066","min","250.068","µmol/L","Humid","18.735","deg","79195","µV","26.098","°C","1019.000","hPa","34.1","pmil","0","53.442","deg","23.711","°C","100.000","%a.s.","21.016","deg","23.307","°C","1019.000","hPa","0.861","-0.02617","0.00035","0","0","13.56","Humid","22.75","0","51.00","251028.08","SABD0000000001","AAV1.0.0.11","1.1.2.0","PSt7-10","170328-022","9/30/2017 7:09:10 PM","0000-00","0","no battery","V"
"11/03/2018","09:46:06","9","default","550496092","OXY_CH9","22.083","min","250.196","µmol/L","Humid","18.733","deg","79198","µV","26.087","°C","1019.000","hPa","34.1","pmil","0","53.442","deg","23.711","°C","100.000","%a.s.","21.016","deg","23.307","°C","1019.000","hPa","0.861","-0.02617","0.00035","0","0","13.56","Humid","22.75","0","51.00","251026.01","SABD0000000001","AAV1.0.0.11","1.1.2.0","PSt7-10","170328-022","9/30/2017 7:09:10 PM","0000-00","0","no battery","V"
"11/03/2018","09:46:07","9","default","550496092","OXY_CH9","22.099","min","250.162","µmol/L","Humid","18.735","deg","79193","µV","26.085","°C","1019.000","hPa","34.1","pmil","0","53.442","deg","23.711","°C","100.000","%a.s.","21.016","deg","23.307","°C","1019.000","hPa","0.861","-0.02617","0.00035","0","0","13.56","Humid","22.75","0","51.00","251028.18","SABD0000000001","AAV1.0.0.11","1.1.2.0","PSt7-10","170328-022","9/30/2017 7:09:10 PM","0000-00","0","no battery","V"
"11/03/2018","09:46:08","9","default","550496092","OXY_CH9","22.115","min","250.069","µmol/L","Humid","18.737","deg","79195","µV","26.091","°C","1019.000","hPa","34.1","pmil","0","53.442","deg","23.711","°C","100.000","%a.s.","21.016","deg","23.307","°C","1019.000","hPa","0.861","-0.02617","0.00035","0","0","13.56","Humid","22.75","0","51.00","251017.22","SABD0000000001","AAV1.0.0.11","1.1.2.0","PSt7-10","170328-022","9/30/2017 7:09:10 PM","0000-00","0","no battery","V"
"11/03/2018","09:46:09","9","default","550496092","OXY_CH9","22.132","min","249.945","µmol/L","Humid","18.740","deg","79196","µV","26.098","°C","1019.000","hPa","34.1","pmil","0","53.442","deg","23.711","°C","100.000","%a.s.","21.016","deg","23.307","°C","1019.000","hPa","0.861","-0.02617","0.00035","0","0","13.56","Humid","22.75","0","51.00","251016.15","SABD0000000001","AAV1.0.0.11","1.1.2.0","PSt7-10","170328-022","9/30/2017 7:09:10 PM","0000-00","0","no battery","V"
"11/03/2018","09:46:10","9","default","550496092","OXY_CH9","22.149","min","250.070","µmol/L","Humid","18.736","deg","79196","µV","26.095","°C","1019.000","hPa","34.1","pmil","0","53.442","deg","23.711","°C","100.000","%a.s.","21.016","deg","23.307","°C","1019.000","hPa","0.861","-0.02617","0.00035","0","0","13.56","Humid","22.75","0","51.00","251021.93","SABD0000000001","AAV1.0.0.11","1.1.2.0","PSt7-10","170328-022","9/30/2017 7:09:10 PM","0000-00","0","no battery","V"
"11/03/2018","09:46:11","9","default","550496092","OXY_CH9","22.166","min","250.094","µmol/L","Humid","18.740","deg","79195","µV","26.078","°C","1019.000","hPa","34.1","pmil","0","53.442","deg","23.711","°C","100.000","%a.s.","21.016","deg","23.307","°C","1019.000","hPa","0.861","-0.02617","0.00035","0","0","13.56","Humid","22.75","0","51.00","251027.07","SABD0000000001","AAV1.0.0.11","1.1.2.0","PSt7-10","170328-022","9/30/2017 7:09:10 PM","0000-00","0","no battery","V"
"11/03/2018","09:46:12","9","default","550496092","OXY_CH9","22.182","min","250.152","µmol/L","Humid","18.737","deg","79193","µV","26.080","°C","1019.000","hPa","34.1","pmil","0","53.442","deg","23.711","°C","100.000","%a.s.","21.016","deg","23.307","°C","1019.000","hPa","0.861","-0.02617","0.00035","0","0","13.56","Humid","22.75","0","51.00","251016.38","SABD0000000001","AAV1.0.0.11","1.1.2.0","PSt7-10","170328-022","9/30/2017 7:09:10 PM","0000-00","0","no battery","V"
"11/03/2018","09:46:13","9","default","550496092","OXY_CH9","22.199","min","250.016","µmol/L","Humid","18.743","deg","79199","µV","26.079","°C","1019.000","hPa","34.1","pmil","0","53.442","deg","23.711","°C","100.000","%a.s.","21.016","deg","23.307","°C","1019.000","hPa","0.861","-0.02617","0.00035","0","0","13.56","Humid","22.75","0","51.00","251012.25","SABD0000000001","AAV1.0.0.11","1.1.2.0","PSt7-10","170328-022","9/30/2017 7:09:10 PM","0000-00","0","no battery","V"
"11/03/2018","09:46:14","9","default","550496092","OXY_CH9","22.216","min","250.163","µmol/L","Humid","18.736","deg","79197","µV","26.082","°C","1019.000","hPa","34.1","pmil","0","53.442","deg","23.711","°C","100.000","%a.s.","21.016","deg","23.307","°C","1019.000","hPa","0.861","-0.02617","0.00035","0","0","13.56","Humid","22.75","0","51.00","251014.49","SABD0000000001","AAV1.0.0.11","1.1.2.0","PSt7-10","170328-022","9/30/2017 7:09:10 PM","0000-00","0","no battery","V"
"11/03/2018","09:46:15","9","default","550496092","OXY_CH9","22.233","min","250.020","µmol/L","Humid","18.742","deg","79197","µV","26.082","°C","1019.000","hPa","34.1","pmil","0","53.442","deg","23.711","°C","100.000","%a.s.","21.016","deg","23.307","°C","1019.000","hPa","0.861","-0.02617","0.00035","0","0","13.56","Humid","22.75","0","51.00","251010.34","SABD0000000001","AAV1.0.0.11","1.1.2.0","PSt7-10","170328-022","9/30/2017 7:09:10 PM","0000-00","0","no battery","V"
"11/03/2018","09:46:16","9","default","550496092","OXY_CH9","22.249","min","250.197","µmol/L","Humid","18.734","deg","79199","µV","26.084","°C","1019.000","hPa","34.1","pmil","0","53.442","deg","23.711","°C","100.000","%a.s.","21.016","deg","23.307","°C","1019.000","hPa","0.861","-0.02617","0.00035","0","0","13.56","Humid","22.75","0","51.00","251010.70","SABD0000000001","AAV1.0.0.11","1.1.2.0","PSt7-10","170328-022","9/30/2017 7:09:10 PM","0000-00","0","no battery","V"
"11/03/2018","09:46:17","9","default","550496092","OXY_CH9","22.265","min","249.989","µmol/L","Humid","18.742","deg","79194","µV","26.086","°C","1019.000","hPa","34.1","pmil","0","53.442","deg","23.711","°C","100.000","%a.s.","21.016","deg","23.307","°C","1019.000","hPa","0.861","-0.02617","0.00035","0","0","13.56","Humid","22.75","0","51.00","251016.37","SABD0000000001","AAV1.0.0.11","1.1.2.0","PSt7-10","170328-022","9/30/2017 7:09:10 PM","0000-00","0","no battery","V"
"11/03/2018","09:46:18","9","default","550496092","OXY_CH9","22.282","min","249.978","µmol/L","Humid","18.741","deg","79194","µV","26.091","°C","1019.000","hPa","34.1","pmil","0","53.442","deg","23.711","°C","100.000","%a.s.","21.016","deg","23.307","°C","1019.000","hPa","0.861","-0.02617","0.00035","0","0","13.56","Humid","22.75","0","51.00","251019.76","SABD0000000001","AAV1.0.0.11","1.1.2.0","PSt7-10","170328-022","9/30/2017 7:09:10 PM","0000-00","0","no battery","V"
"11/03/2018","09:46:19","9","default","550496092","OXY_CH9","22.299","min","250.118","µmol/L","Humid","18.736","deg","79200","µV","26.088","°C","1019.000","hPa","34.1","pmil","0","53.442","deg","23.711","°C","100.000","%a.s.","21.016","deg","23.307","°C","1019.000","hPa","0.861","-0.02617","0.00035","0","0","13.56","Humid","22.75","0","51.00","251011.57","SABD0000000001","AAV1.0.0.11","1.1.2.0","PSt7-10","170328-022","9/30/2017 7:09:10 PM","0000-00","0","no battery","V"
"11/03/2018","09:46:20","9","default","550496092","OXY_CH9","22.316","min","250.076","µmol/L","Humid","18.739","deg","79195","µV","26.084","°C","1019.000","hPa","34.1","pmil","0","53.442","deg","23.711","°C","100.000","%a.s.","21.016","deg","23.307","°C","1019.000","hPa","0.861","-0.02617","0.00035","0","0","13.56","Humid","22.75","0","51.00","251008.67","SABD0000000001","AAV1.0.0.11","1.1.2.0","PSt7-10","170328-022","9/30/2017 7:09:10 PM","0000-00","0","no battery","V"
"11/03/2018","09:46:21","9","default","550496092","OXY_CH9","22.332","min","249.961","µmol/L","Humid","18.741","deg","79195","µV","26.093","°C","1019.000","hPa","34.1","pmil","0","53.442","deg","23.711","°C","100.000","%a.s.","21.016","deg","23.307","°C","1019.000","hPa","0.861","-0.02617","0.00035","0","0","13.56","Humid","22.75","0","51.00","251008.85","SABD0000000001","AAV1.0.0.11","1.1.2.0","PSt7-10","170328-022","9/30/2017 7:09:10 PM","0000-00","0","no battery","V"
"11/03/2018","09:46:22","9","default","550496092","OXY_CH9","22.349","min","250.168","µmol/L","Humid","18.737","deg","79195","µV","26.078","°C","1019.000","hPa","34.1","pmil","0","53.442","deg","23.711","°C","100.000","%a.s.","21.016","deg","23.307","°C","1019.000","hPa","0.861","-0.02617","0.00035","0","0","13.56","Humid","22.75","0","51.00","251009.83","SABD0000000001","AAV1.0.0.11","1.1.2.0","PSt7-10","170328-022","9/30/2017 7:09:10 PM","0000-00","0","no battery","V"
"11/03/2018","09:46:23","9","default","550496092","OXY_CH9","22.366","min","250.036","µmol/L","Humid","18.739","deg","79191","µV","26.089","°C","1019.000","hPa","34.1","pmil","0","53.442","deg","23.711","°C","100.000","%a.s.","21.016","deg","23.307","°C","1019.000","hPa","0.861","-0.02617","0.00035","0","0","13.56","Humid","22.75","0","51.00","251010.59","SABD0000000001","AAV1.0.0.11","1.1.2.0","PSt7-10","170328-022","9/30/2017 7:09:10 PM","0000-00","0","no battery","V"
"11/03/2018","09:46:24","9","default","550496092","OXY_CH9","22.383","min","250.035","µmol/L","Humid","18.738","deg","79197","µV","26.093","°C","1019.000","hPa","34.1","pmil","0","53.442","deg","23.711","°C","100.000","%a.s.","21.016","deg","23.307","°C","1019.000","hPa","0.861","-0.02617","0.00035","0","0","13.56","Humid","22.75","0","51.00","251009.43","SABD0000000001","AAV1.0.0.11","1.1.2.0","PSt7-10","170328-022","9/30/2017 7:09:10 PM","0000-00","0","no battery","V"
"11/03/2018","09:46:25","9","default","550496092","OXY_CH9","22.399","min","249.991","µmol/L","Humid","18.737","deg","79192","µV","26.102","°C","1019.000","hPa","34.1","pmil","0","53.442","deg","23.711","°C","100.000","%a.s.","21.016","deg","23.307","°C","1019.000","hPa","0.861","-0.02617","0.00035","0","0","13.56","Humid","22.75","0","51.00","251008.18","SABD0000000001","AAV1.0.0.11","1.1.2.0","PSt7-10","170328-022","9/30/2017 7:09:10 PM","0000-00","0","no battery","V"
"11/03/2018","09:46:26","9","default","550496092","OXY_CH9","22.416","min","249.930","µmol/L","Humid","18.738","deg","79192","µV","26.107","°C","1019.000","hPa","34.1","pmil","0","53.442","deg","23.711","°C","100.000","%a.s.","21.016","deg","23.307","°C","1019.000","hPa","0.861","-0.02617","0.00035","0","0","13.56","Humid","22.75","0","51.00","251004.52","SABD0000000001","AAV1.0.0.11","1.1.2.0","PSt7-10","170328-022","9/30/2017 7:09:10 PM","0000-00","0","no battery","V"
"11/03/2018","09:46:27","9","default","550496092","OXY_CH9","22.432","min","250.123","µmol/L","Humid","18.737","deg","79195","µV","26.084","°C","1019.000","hPa","34.1","pmil","0","53.442","deg","23.711","°C","100.000","%a.s.","21.016","deg","23.307","°C","1019.000","hPa","0.861","-0.02617","0.00035","0","0","13.56","Humid","22.75","0","51.00","251015.29","SABD0000000001","AAV1.0.0.11","1.1.2.0","PSt7-10","170328-022","9/30/2017 7:09:10 PM","0000-00","0","no battery","V"
"11/03/2018","09:46:28","9","default","550496092","OXY_CH9","22.449","min","250.075","µmol/L","Humid","18.738","deg","79188","µV","26.087","°C","1019.000","hPa","34.1","pmil","0","53.442","deg","23.711","°C","100.000","%a.s.","21.016","deg","23.307","°C","1019.000","hPa","0.861","-0.02617","0.00035","0","0","13.56","Humid","22.75","0","51.00","251001.04","SABD0000000001","AAV1.0.0.11","1.1.2.0","PSt7-10","170328-022","9/30/2017 7:09:10 PM","0000-00","0","no battery","V"
"11/03/2018","09:46:29","9","default","550496092","OXY_CH9","22.466","min","250.088","µmol/L","Humid","18.736","deg","79194","µV","26.092","°C","1019.000","hPa","34.1","pmil","0","53.442","deg","23.711","°C","100.000","%a.s.","21.016","deg","23.307","°C","1019.000","hPa","0.861","-0.02617","0.00035","0","0","13.56","Humid","22.75","0","51.00","251011.00","SABD0000000001","AAV1.0.0.11","1.1.2.0","PSt7-10","170328-022","9/30/2017 7:09:10 PM","0000-00","0","no battery","V"
"11/03/2018","09:46:30","9","default","550496092","OXY_CH9","22.483","min","250.053","µmol/L","Humid","18.742","deg","79184","µV","26.077","°C","1019.000","hPa","34.1","pmil","0","53.442","deg","23.711","°C","100.000","%a.s.","21.016","deg","23.307","°C","1019.000","hPa","0.861","-0.02617","0.00035","0","0","13.56","Humid","22.75","0","51.00","251012.41","SABD0000000001","AAV1.0.0.11","1.1.2.0","PSt7-10","170328-022","9/30/2017 7:09:10 PM","0000-00","0","no battery","V"
"11/03/2018","09:46:31","9","default","550496092","OXY_CH9","22.499","min","250.038","µmol/L","Humid","18.738","deg","79188","µV","26.092","°C","1019.000","hPa","34.1","pmil","0","53.442","deg","23.711","°C","100.000","%a.s.","21.016","deg","23.307","°C","1019.000","hPa","0.861","-0.02617","0.00035","0","0","13.56","Humid","22.75","0","51.00","250991.54","SABD0000000001","AAV1.0.0.11","1.1.2.0","PSt7-10","170328-022","9/30/2017 7:09:10 PM","0000-00","0","no battery","V"
"11/03/2018","09:46:32","9","default","550496092","OXY_CH9","22.516","min","250.031","µmol/L","Humid","18.738","deg","79193","µV","26.093","°C","1019.000","hPa","34.1","pmil","0","53.442","deg","23.711","°C","100.000","%a.s.","21.016","deg","23.307","°C","1019.000","hPa","0.861","-0.02617","0.00035","0","0","13.56","Humid","22.75","0","51.00","250989.67","SABD0000000001","AAV1.0.0.11","1.1.2.0","PSt7-10","170328-022","9/30/2017 7:09:10 PM","0000-00","0","no battery","V"
"11/03/2018","09:46:33","9","default","550496092","OXY_CH9","22.533","min","249.963","µmol/L","Humid","18.740","deg","79194","µV","26.096","°C","1019.000","hPa","34.1","pmil","0","53.442","deg","23.711","°C","100.000","%a.s.","21.016","deg","23.307","°C","1019.000","hPa","0.861","-0.02617","0.00035","0","0","13.56","Humid","22.75","0","51.00","250992.13","SABD0000000001","AAV1.0.0.11","1.1.2.0","PSt7-10","170328-022","9/30/2017 7:09:10 PM","0000-00","0","no battery","V"
"11/03/2018","09:46:34","9","default","550496092","OXY_CH9","22.549","min","249.936","µmol/L","Humid","18.743","deg","79186","µV","26.090","°C","1019.000","hPa","34.1","pmil","0","53.442","deg","23.711","°C","100.000","%a.s.","21.016","deg","23.307","°C","1019.000","hPa","0.861","-0.02617","0.00035","0","0","13.56","Humid","22.75","0","51.00","251002.00","SABD0000000001","AAV1.0.0.11","1.1.2.0","PSt7-10","170328-022","9/30/2017 7:09:10 PM","0000-00","0","no battery","V"
"11/03/2018","09:46:35","9","default","550496092","OXY_CH9","22.566","min","249.987","µmol/L","Humid","18.743","deg","79185","µV","26.083","°C","1019.000","hPa","34.1","pmil","0","53.442","deg","23.711","°C","100.000","%a.s.","21.016","deg","23.307","°C","1019.000","hPa","0.861","-0.02617","0.00035","0","0","13.56","Humid","22.75","0","51.00","251003.56","SABD0000000001","AAV1.0.0.11","1.1.2.0","PSt7-10","170328-022","9/30/2017 7:09:10 PM","0000-00","0","no battery","V"
"11/03/2018","09:46:36","9","default","550496092","OXY_CH9","22.582","min","249.951","µmol/L","Humid","18.742","deg","79184","µV","26.091","°C","1019.000","hPa","34.1","pmil","0","53.442","deg","23.711","°C","100.000","%a.s.","21.016","deg","23.307","°C","1019.000","hPa","0.861","-0.02617","0.00035","0","0","13.56","Humid","22.75","0","51.00","251001.63","SABD0000000001","AAV1.0.0.11","1.1.2.0","PSt7-10","170328-022","9/30/2017 7:09:10 PM","0000-00","0","no battery","V"
"11/03/2018","09:46:37","9","default","550496092","OXY_CH9","22.599","min","249.910","µmol/L","Humid","18.744","deg","79187","µV","26.090","°C","1019.000","hPa","34.1","pmil","0","53.442","deg","23.711","°C","100.000","%a.s.","21.016","deg","23.307","°C","1019.000","hPa","0.861","-0.02617","0.00035","0","0","13.56","Humid","22.75","0","51.00","250987.43","SABD0000000001","AAV1.0.0.11","1.1.2.0","PSt7-10","170328-022","9/30/2017 7:09:10 PM","0000-00","0","no battery","V"
"11/03/2018","09:46:38","9","default","550496092","OXY_CH9","22.616","min","249.934","µmol/L","Humid","18.741","deg","79186","µV","26.097","°C","1019.000","hPa","34.1","pmil","0","53.442","deg","23.711","°C","100.000","%a.s.","21.016","deg","23.307","°C","1019.000","hPa","0.861","-0.02617","0.00035","0","0","13.56","Humid","22.75","0","51.00","250988.93","SABD0000000001","AAV1.0.0.11","1.1.2.0","PSt7-10","170328-022","9/30/2017 7:09:10 PM","0000-00","0","no battery","V"
"11/03/2018","09:46:39","9","default","550496092","OXY_CH9","22.633","min","250.091","µmol/L","Humid","18.742","deg","79193","µV","26.072","°C","1019.000","hPa","34.1","pmil","0","53.442","deg","23.711","°C","100.000","%a.s.","21.016","deg","23.307","°C","1019.000","hPa","0.861","-0.02617","0.00035","0","0","13.56","Humid","22.75","0","51.00","250984.15","SABD0000000001","AAV1.0.0.11","1.1.2.0","PSt7-10","170328-022","9/30/2017 7:09:10 PM","0000-00","0","no battery","V"
"11/03/2018","09:46:40","9","default","550496092","OXY_CH9","22.649","min","250.082","µmol/L","Humid","18.740","deg","79179","µV","26.080","°C","1019.000","hPa","34.1","pmil","0","53.442","deg","23.711","°C","100.000","%a.s.","21.016","deg","23.307","°C","1019.000","hPa","0.861","-0.02617","0.00035","0","0","13.56","Humid","22.75","0","51.00","250985.44","SABD0000000001","AAV1.0.0.11","1.1.2.0","PSt7-10","170328-022","9/30/2017 7:09:10 PM","0000-00","0","no battery","V"
"11/03/2018","09:46:41","9","default","550496092","OXY_CH9","22.666","min","250.056","µmol/L","Humid","18.738","deg","79187","µV","26.090","°C","1019.000","hPa","34.1","pmil","0","53.442","deg","23.711","°C","100.000","%a.s.","21.016","deg","23.307","°C","1019.000","hPa","0.861","-0.02617","0.00035","0","0","13.56","Humid","22.75","0","51.00","250990.10","SABD0000000001","AAV1.0.0.11","1.1.2.0","PSt7-10","170328-022","9/30/2017 7:09:10 PM","0000-00","0","no battery","V"
"11/03/2018","09:46:42","9","default","550496092","OXY_CH9","22.682","min","250.009","µmol/L","Humid","18.739","deg","79180","µV","26.093","°C","1019.000","hPa","34.1","pmil","0","53.442","deg","23.711","°C","100.000","%a.s.","21.016","deg","23.307","°C","1019.000","hPa","0.861","-0.02617","0.00035","0","0","13.56","Humid","22.75","0","51.00","250986.67","SABD0000000001","AAV1.0.0.11","1.1.2.0","PSt7-10","170328-022","9/30/2017 7:09:10 PM","0000-00","0","no battery","V"
"11/03/2018","09:46:43","9","default","550496092","OXY_CH9","22.699","min","249.926","µmol/L","Humid","18.739","deg","79184","µV","26.104","°C","1019.000","hPa","34.1","pmil","0","53.442","deg","23.711","°C","100.000","%a.s.","21.016","deg","23.307","°C","1019.000","hPa","0.861","-0.02617","0.00035","0","0","13.56","Humid","22.75","0","51.00","250983.06","SABD0000000001","AAV1.0.0.11","1.1.2.0","PSt7-10","170328-022","9/30/2017 7:09:10 PM","0000-00","0","no battery","V"
"11/03/2018","09:46:44","9","default","550496092","OXY_CH9","22.716","min","249.957","µmol/L","Humid","18.740","deg","79186","µV","26.097","°C","1019.000","hPa","34.1","pmil","0","53.442","deg","23.711","°C","100.000","%a.s.","21.016","deg","23.307","°C","1019.000","hPa","0.861","-0.02617","0.00035","0","0","13.56","Humid","22.75","0","51.00","250978.09","SABD0000000001","AAV1.0.0.11","1.1.2.0","PSt7-10","170328-022","9/30/2017 7:09:10 PM","0000-00","0","no battery","V"
"11/03/2018","09:46:45","9","default","550496092","OXY_CH9","22.732","min","249.887","µmol/L","Humid","18.741","deg","79189","µV","26.103","°C","1019.000","hPa","34.1","pmil","0","53.442","deg","23.711","°C","100.000","%a.s.","21.016","deg","23.307","°C","1019.000","hPa","0.861","-0.02617","0.00035","0","0","13.56","Humid","22.75","0","51.00","250979.80","SABD0000000001","AAV1.0.0.11","1.1.2.0","PSt7-10","170328-022","9/30/2017 7:09:10 PM","0000-00","0","no battery","V"
"11/03/2018","09:46:46","9","default","550496092","OXY_CH9","22.749","min","249.978","µmol/L","Humid","18.741","deg","79189","µV","26.091","°C","1019.000","hPa","34.1","pmil","0","53.442","deg","23.711","°C","100.000","%a.s.","21.016","deg","23.307","°C","1019.000","hPa","0.861","-0.02617","0.00035","0","0","13.56","Humid","22.75","0","51.00","250982.92","SABD0000000001","AAV1.0.0.11","1.1.2.0","PSt7-10","170328-022","9/30/2017 7:09:10 PM","0000-00","0","no battery","V"
"11/03/2018","09:46:47","9","default","550496092","OXY_CH9","22.766","min","250.010","µmol/L","Humid","18.741","deg","79186","µV","26.086","°C","1019.000","hPa","34.1","pmil","0","53.442","deg","23.711","°C","100.000","%a.s.","21.016","deg","23.307","°C","1019.000","hPa","0.861","-0.02617","0.00035","0","0","13.56","Humid","22.75","0","51.00","250982.26","SABD0000000001","AAV1.0.0.11","1.1.2.0","PSt7-10","170328-022","9/30/2017 7:09:10 PM","0000-00","0","no battery","V"
"11/03/2018","09:46:48","9","default","550496092","OXY_CH9","22.783","min","249.974","µmol/L","Humid","18.742","deg","79191","µV","26.088","°C","1019.000","hPa","34.1","pmil","0","53.442","deg","23.711","°C","100.000","%a.s.","21.016","deg","23.307","°C","1019.000","hPa","0.861","-0.02617","0.00035","0","0","13.56","Humid","22.75","0","51.00","250980.10","SABD0000000001","AAV1.0.0.11","1.1.2.0","PSt7-10","170328-022","9/30/2017 7:09:10 PM","0000-00","0","no battery","V"
"11/03/2018","09:46:49","9","default","550496092","OXY_CH9","22.799","min","249.906","µmol/L","Humid","18.746","deg","79189","µV","26.084","°C","1019.000","hPa","34.1","pmil","0","53.442","deg","23.711","°C","100.000","%a.s.","21.016","deg","23.307","°C","1019.000","hPa","0.861","-0.02617","0.00035","0","0","13.56","Humid","22.75","0","51.00","250963.71","SABD0000000001","AAV1.0.0.11","1.1.2.0","PSt7-10","170328-022","9/30/2017 7:09:10 PM","0000-00","0","no battery","V"
"11/03/2018","09:46:50","9","default","550496092","OXY_CH9","22.816","min","250.045","µmol/L","Humid","18.741","deg","79192","µV","26.082","°C","1019.000","hPa","34.1","pmil","0","53.442","deg","23.711","°C","100.000","%a.s.","21.016","deg","23.307","°C","1019.000","hPa","0.861","-0.02617","0.00035","0","0","13.56","Humid","22.75","0","51.00","250968.75","SABD0000000001","AAV1.0.0.11","1.1.2.0","PSt7-10","170328-022","9/30/2017 7:09:10 PM","0000-00","0","no battery","V"
"11/03/2018","09:46:51","9","default","550496092","OXY_CH9","22.832","min","249.899","µmol/L","Humid","18.744","deg","79185","µV","26.092","°C","1019.000","hPa","34.1","pmil","0","53.442","deg","23.711","°C","100.000","%a.s.","21.016","deg","23.307","°C","1019.000","hPa","0.861","-0.02617","0.00035","0","0","13.56","Humid","22.75","0","51.00","250970.83","SABD0000000001","AAV1.0.0.11","1.1.2.0","PSt7-10","170328-022","9/30/2017 7:09:10 PM","0000-00","0","no battery","V"
"11/03/2018","09:46:52","9","default","550496092","OXY_CH9","22.849","min","249.982","µmol/L","Humid","18.741","deg","79186","µV","26.090","°C","1019.000","hPa","34.1","pmil","0","53.442","deg","23.711","°C","100.000","%a.s.","21.016","deg","23.307","°C","1019.000","hPa","0.861","-0.02617","0.00035","0","0","13.56","Humid","22.75","0","51.00","250965.85","SABD0000000001","AAV1.0.0.11","1.1.2.0","PSt7-10","170328-022","9/30/2017 7:09:10 PM","0000-00","0","no battery","V"
"11/03/2018","09:46:53","9","default","550496092","OXY_CH9","22.865","min","250.083","µmol/L","Humid","18.741","deg","79188","µV","26.077","°C","1019.000","hPa","34.1","pmil","0","53.442","deg","23.711","°C","100.000","%a.s.","21.016","deg","23.307","°C","1019.000","hPa","0.861","-0.02617","0.00035","0","0","13.56","Humid","22.75","0","51.00","250983.18","SABD0000000001","AAV1.0.0.11","1.1.2.0","PSt7-10","170328-022","9/30/2017 7:09:10 PM","0000-00","0","no battery","V"
"11/03/2018","09:46:54","9","default","550496092","OXY_CH9","22.882","min","250.033","µmol/L","Humid","18.743","deg","79185","µV","26.077","°C","1019.000","hPa","34.1","pmil","0","53.442","deg","23.711","°C","100.000","%a.s.","21.016","deg","23.307","°C","1019.000","hPa","0.861","-0.02617","0.00035","0","0","13.56","Humid","22.75","0","51.00","250972.08","SABD0000000001","AAV1.0.0.11","1.1.2.0","PSt7-10","170328-022","9/30/2017 7:09:10 PM","0000-00","0","no battery","V"
"11/03/2018","09:46:55","9","default","550496092","OXY_CH9","22.899","min","250.021","µmol/L","Humid","18.742","deg","79183","µV","26.082","°C","1019.000","hPa","34.1","pmil","0","53.442","deg","23.711","°C","100.000","%a.s.","21.016","deg","23.307","°C","1019.000","hPa","0.861","-0.02617","0.00035","0","0","13.56","Humid","22.75","0","51.00","250973.98","SABD0000000001","AAV1.0.0.11","1.1.2.0","PSt7-10","170328-022","9/30/2017 7:09:10 PM","0000-00","0","no battery","V"
"11/03/2018","09:46:56","9","default","550496092","OXY_CH9","22.916","min","249.992","µmol/L","Humid","18.739","deg","79179","µV","26.095","°C","1019.000","hPa","34.1","pmil","0","53.442","deg","23.711","°C","100.000","%a.s.","21.016","deg","23.307","°C","1019.000","hPa","0.861","-0.02617","0.00035","0","0","13.56","Humid","22.75","0","51.00","250964.42","SABD0000000001","AAV1.0.0.11","1.1.2.0","PSt7-10","170328-022","9/30/2017 7:09:10 PM","0000-00","0","no battery","V"
"11/03/2018","09:46:57","9","default","550496092","OXY_CH9","22.933","min","249.921","µmol/L","Humid","18.744","deg","79186","µV","26.089","°C","1019.000","hPa","34.1","pmil","0","53.442","deg","23.711","°C","100.000","%a.s.","21.016","deg","23.307","°C","1019.000","hPa","0.861","-0.02617","0.00035","0","0","13.56","Humid","22.75","0","51.00","250980.29","SABD0000000001","AAV1.0.0.11","1.1.2.0","PSt7-10","170328-022","9/30/2017 7:09:10 PM","0000-00","0","no battery","V"
"11/03/2018","09:46:58","9","default","550496092","OXY_CH9","22.949","min","250.110","µmol/L","Humid","18.742","deg","79185","µV","26.070","°C","1019.000","hPa","34.1","pmil","0","53.442","deg","23.711","°C","100.000","%a.s.","21.016","deg","23.307","°C","1019.000","hPa","0.861","-0.02617","0.00035","0","0","13.56","Humid","22.75","0","51.00","250968.70","SABD0000000001","AAV1.0.0.11","1.1.2.0","PSt7-10","170328-022","9/30/2017 7:09:10 PM","0000-00","0","no battery","V"
"11/03/2018","09:46:59","9","default","550496092","OXY_CH9","22.966","min","249.864","µmol/L","Humid","18.745","deg","79188","µV","26.093","°C","1019.000","hPa","34.1","pmil","0","53.442","deg","23.711","°C","100.000","%a.s.","21.016","deg","23.307","°C","1019.000","hPa","0.861","-0.02617","0.00035","0","0","13.56","Humid","22.75","0","51.00","250975.79","SABD0000000001","AAV1.0.0.11","1.1.2.0","PSt7-10","170328-022","9/30/2017 7:09:10 PM","0000-00","0","no battery","V"
"11/03/2018","09:47:00","9","default","550496092","OXY_CH9","22.982","min","249.975","µmol/L","Humid","18.741","deg","79188","µV","26.091","°C","1019.000","hPa","34.1","pmil","0","53.442","deg","23.711","°C","100.000","%a.s.","21.016","deg","23.307","°C","1019.000","hPa","0.861","-0.02617","0.00035","0","0","13.56","Humid","22.75","0","51.00","250962.53","SABD0000000001","AAV1.0.0.11","1.1.2.0","PSt7-10","170328-022","9/30/2017 7:09:10 PM","0000-00","0","no battery","V"
"11/03/2018","09:47:01","9","default","550496092","OXY_CH9","22.999","min","249.914","µmol/L","Humid","18.743","deg","79186","µV","26.093","°C","1019.000","hPa","34.1","pmil","0","53.442","deg","23.711","°C","100.000","%a.s.","21.016","deg","23.307","°C","1019.000","hPa","0.861","-0.02617","0.00035","0","0","13.56","Humid","22.75","0","51.00","250957.77","SABD0000000001","AAV1.0.0.11","1.1.2.0","PSt7-10","170328-022","9/30/2017 7:09:10 PM","0000-00","0","no battery","V"
"11/03/2018","09:47:02","9","default","550496092","OXY_CH9","23.016","min","249.851","µmol/L","Humid","18.743","deg","79188","µV","26.101","°C","1019.000","hPa","34.1","pmil","0","53.442","deg","23.711","°C","100.000","%a.s.","21.016","deg","23.307","°C","1019.000","hPa","0.861","-0.02617","0.00035","0","0","13.56","Humid","22.75","0","51.00","250960.43","SABD0000000001","AAV1.0.0.11","1.1.2.0","PSt7-10","170328-022","9/30/2017 7:09:10 PM","0000-00","0","no battery","V"
"11/03/2018","09:47:03","9","default","550496092","OXY_CH9","23.032","min","249.931","µmol/L","Humid","18.742","deg","79188","µV","26.094","°C","1019.000","hPa","34.1","pmil","0","53.442","deg","23.711","°C","100.000","%a.s.","21.016","deg","23.307","°C","1019.000","hPa","0.861","-0.02617","0.00035","0","0","13.56","Humid","22.75","0","51.00","250960.54","SABD0000000001","AAV1.0.0.11","1.1.2.0","PSt7-10","170328-022","9/30/2017 7:09:10 PM","0000-00","0","no battery","V"
"11/03/2018","09:47:04","9","default","550496092","OXY_CH9","23.049","min","249.832","µmol/L","Humid","18.746","deg","79187","µV","26.094","°C","1019.000","hPa","34.1","pmil","0","53.442","deg","23.711","°C","100.000","%a.s.","21.016","deg","23.307","°C","1019.000","hPa","0.861","-0.02617","0.00035","0","0","13.56","Humid","22.75","0","51.00","250953.75","SABD0000000001","AAV1.0.0.11","1.1.2.0","PSt7-10","170328-022","9/30/2017 7:09:10 PM","0000-00","0","no battery","V"
"11/03/2018","09:47:05","9","default","550496092","OXY_CH9","23.066","min","249.897","µmol/L","Humid","18.745","deg","79183","µV","26.089","°C","1019.000","hPa","34.1","pmil","0","53.442","deg","23.711","°C","100.000","%a.s.","21.016","deg","23.307","°C","1019.000","hPa","0.861","-0.02617","0.00035","0","0","13.56","Humid","22.75","0","51.00","250950.59","SABD0000000001","AAV1.0.0.11","1.1.2.0","PSt7-10","170328-022","9/30/2017 7:09:10 PM","0000-00","0","no battery","V"
"11/03/2018","09:47:06","9","default","550496092","OXY_CH9","23.083","min","249.845","µmol/L","Humid","18.744","deg","79186","µV","26.099","°C","1019.000","hPa","34.1","pmil","0","53.442","deg","23.711","°C","100.000","%a.s.","21.016","deg","23.307","°C","1019.000","hPa","0.861","-0.02617","0.00035","0","0","13.56","Humid","22.75","0","51.00","250957.90","SABD0000000001","AAV1.0.0.11","1.1.2.0","PSt7-10","170328-022","9/30/2017 7:09:10 PM","0000-00","0","no battery","V"
"11/03/2018","09:47:07","9","default","550496092","OXY_CH9","23.099","min","249.782","µmol/L","Humid","18.749","deg","79189","µV","26.091","°C","1019.000","hPa","34.1","pmil","0","53.442","deg","23.711","°C","100.000","%a.s.","21.016","deg","23.307","°C","1019.000","hPa","0.861","-0.02617","0.00035","0","0","13.56","Humid","22.75","0","51.00","250959.47","SABD0000000001","AAV1.0.0.11","1.1.2.0","PSt7-10","170328-022","9/30/2017 7:09:10 PM","0000-00","0","no battery","V"
"11/03/2018","09:47:08","9","default","550496092","OXY_CH9","23.116","min","249.878","µmol/L","Humid","18.745","deg","79190","µV","26.091","°C","1019.000","hPa","34.1","pmil","0","53.442","deg","23.711","°C","100.000","%a.s.","21.016","deg","23.307","°C","1019.000","hPa","0.861","-0.02617","0.00035","0","0","13.56","Humid","22.75","0","51.00","250959.53","SABD0000000001","AAV1.0.0.11","1.1.2.0","PSt7-10","170328-022","9/30/2017 7:09:10 PM","0000-00","0","no battery","V"
"11/03/2018","09:47:09","9","default","550496092","OXY_CH9","23.133","min","249.997","µmol/L","Humid","18.740","deg","79179","µV","26.091","°C","1019.000","hPa","34.1","pmil","0","53.442","deg","23.711","°C","100.000","%a.s.","21.016","deg","23.307","°C","1019.000","hPa","0.861","-0.02617","0.00035","0","0","13.56","Humid","22.75","0","51.00","250960.30","SABD0000000001","AAV1.0.0.11","1.1.2.0","PSt7-10","170328-022","9/30/2017 7:09:10 PM","0000-00","0","no battery","V"
"11/03/2018","09:47:10","9","default","550496092","OXY_CH9","23.149","min","249.996","µmol/L","Humid","18.743","deg","79179","µV","26.082","°C","1019.000","hPa","34.1","pmil","0","53.442","deg","23.711","°C","100.000","%a.s.","21.016","deg","23.307","°C","1019.000","hPa","0.861","-0.02617","0.00035","0","0","13.56","Humid","22.75","0","51.00","250953.78","SABD0000000001","AAV1.0.0.11","1.1.2.0","PSt7-10","170328-022","9/30/2017 7:09:10 PM","0000-00","0","no battery","V"
"11/03/2018","09:47:11","9","default","550496092","OXY_CH9","23.165","min","250.192","µmol/L","Humid","18.737","deg","79179","µV","26.075","°C","1019.000","hPa","34.1","pmil","0","53.442","deg","23.711","°C","100.000","%a.s.","21.016","deg","23.307","°C","1019.000","hPa","0.861","-0.02617","0.00035","0","0","13.56","Humid","22.75","0","51.00","250955.55","SABD0000000001","AAV1.0.0.11","1.1.2.0","PSt7-10","170328-022","9/30/2017 7:09:10 PM","0000-00","0","no battery","V"
"11/03/2018","09:47:12","9","default","550496092","OXY_CH9","23.182","min","249.809","µmol/L","Humid","18.745","deg","79183","µV","26.101","°C","1019.000","hPa","34.1","pmil","0","53.442","deg","23.711","°C","100.000","%a.s.","21.016","deg","23.307","°C","1019.000","hPa","0.861","-0.02617","0.00035","0","0","13.56","Humid","22.75","0","51.00","250952.81","SABD0000000001","AAV1.0.0.11","1.1.2.0","PSt7-10","170328-022","9/30/2017 7:09:10 PM","0000-00","0","no battery","V"
"11/03/2018","09:47:13","9","default","550496092","OXY_CH9","23.199","min","250.026","µmol/L","Humid","18.743","deg","79182","µV","26.078","°C","1019.000","hPa","34.1","pmil","0","53.442","deg","23.711","°C","100.000","%a.s.","21.016","deg","23.307","°C","1019.000","hPa","0.861","-0.02617","0.00035","0","0","13.56","Humid","22.75","0","51.00","250961.90","SABD0000000001","AAV1.0.0.11","1.1.2.0","PSt7-10","170328-022","9/30/2017 7:09:10 PM","0000-00","0","no battery","V"
"11/03/2018","09:47:14","9","default","550496092","OXY_CH9","23.216","min","249.790","µmol/L","Humid","18.748","deg","79187","µV","26.093","°C","1019.000","hPa","34.1","pmil","0","53.442","deg","23.711","°C","100.000","%a.s.","21.016","deg","23.307","°C","1019.000","hPa","0.861","-0.02617","0.00035","0","0","13.56","Humid","22.75","0","51.00","250961.50","SABD0000000001","AAV1.0.0.11","1.1.2.0","PSt7-10","170328-022","9/30/2017 7:09:10 PM","0000-00","0","no battery","V"
"11/03/2018","09:47:15","9","default","550496092","OXY_CH9","23.232","min","249.941","µmol/L","Humid","18.744","deg","79183","µV","26.086","°C","1019.000","hPa","34.1","pmil","0","53.442","deg","23.711","°C","100.000","%a.s.","21.016","deg","23.307","°C","1019.000","hPa","0.861","-0.02617","0.00035","0","0","13.56","Humid","22.75","0","51.00","250948.16","SABD0000000001","AAV1.0.0.11","1.1.2.0","PSt7-10","170328-022","9/30/2017 7:09:10 PM","0000-00","0","no battery","V"
"11/03/2018","09:47:16","9","default","550496092","OXY_CH9","23.249","min","249.958","µmol/L","Humid","18.744","deg","79184","µV","26.084","°C","1019.000","hPa","34.1","pmil","0","53.442","deg","23.711","°C","100.000","%a.s.","21.016","deg","23.307","°C","1019.000","hPa","0.861","-0.02617","0.00035","0","0","13.56","Humid","22.75","0","51.00","250954.38","SABD0000000001","AAV1.0.0.11","1.1.2.0","PSt7-10","170328-022","9/30/2017 7:09:10 PM","0000-00","0","no battery","V"
"11/03/2018","09:47:17","9","default","550496092","OXY_CH9","23.266","min","249.959","µmol/L","Humid","18.742","deg","79172","µV","26.090","°C","1019.000","hPa","34.1","pmil","0","53.442","deg","23.711","°C","100.000","%a.s.","21.016","deg","23.307","°C","1019.000","hPa","0.861","-0.02617","0.00035","0","0","13.56","Humid","22.75","0","51.00","250948.45","SABD0000000001","AAV1.0.0.11","1.1.2.0","PSt7-10","170328-022","9/30/2017 7:09:10 PM","0000-00","0","no battery","V"
"11/03/2018","09:47:18","9","default","550496092","OXY_CH9","23.283","min","250.021","µmol/L","Humid","18.742","deg","79183","µV","26.082","°C","1019.000","hPa","34.1","pmil","0","53.442","deg","23.711","°C","100.000","%a.s.","21.016","deg","23.307","°C","1019.000","hPa","0.861","-0.02617","0.00035","0","0","13.56","Humid","22.75","0","51.00","250959.37","SABD0000000001","AAV1.0.0.11","1.1.2.0","PSt7-10","170328-022","9/30/2017 7:09:10 PM","0000-00","0","no battery","V"
"11/03/2018","09:47:19","9","default","550496092","OXY_CH9","23.299","min","249.904","µmol/L","Humid","18.743","deg","79177","µV","26.094","°C","1019.000","hPa","34.1","pmil","0","53.442","deg","23.711","°C","100.000","%a.s.","21.016","deg","23.307","°C","1019.000","hPa","0.861","-0.02617","0.00035","0","0","13.56","Humid","22.75","0","51.00","250942.15","SABD0000000001","AAV1.0.0.11","1.1.2.0","PSt7-10","170328-022","9/30/2017 7:09:10 PM","0000-00","0","no battery","V"
"11/03/2018","09:47:20","9","default","550496092","OXY_CH9","23.316","min","249.935","µmol/L","Humid","18.739","deg","79176","µV","26.103","°C","1019.000","hPa","34.1","pmil","0","53.442","deg","23.711","°C","100.000","%a.s.","21.016","deg","23.307","°C","1019.000","hPa","0.861","-0.02617","0.00035","0","0","13.56","Humid","22.75","0","51.00","250949.36","SABD0000000001","AAV1.0.0.11","1.1.2.0","PSt7-10","170328-022","9/30/2017 7:09:10 PM","0000-00","0","no battery","V"
"11/03/2018","09:47:21","9","default","550496092","OXY_CH9","23.332","min","249.775","µmol/L","Humid","18.747","deg","79175","µV","26.099","°C","1019.000","hPa","34.1","pmil","0","53.442","deg","23.711","°C","100.000","%a.s.","21.016","deg","23.307","°C","1019.000","hPa","0.861","-0.02617","0.00035","0","0","13.56","Humid","22.75","0","51.00","250939.58","SABD0000000001","AAV1.0.0.11","1.1.2.0","PSt7-10","170328-022","9/30/2017 7:09:10 PM","0000-00","0","no battery","V"
"11/03/2018","09:47:22","9","default","550496092","OXY_CH9","23.349","min","249.778","µmol/L","Humid","18.748","deg","79189","µV","26.095","°C","1019.000","hPa","34.1","pmil","0","53.442","deg","23.711","°C","100.000","%a.s.","21.016","deg","23.307","°C","1019.000","hPa","0.861","-0.02617","0.00035","0","0","13.56","Humid","22.75","0","51.00","250951.07","SABD0000000001","AAV1.0.0.11","1.1.2.0","PSt7-10","170328-022","9/30/2017 7:09:10 PM","0000-00","0","no battery","V"
"11/03/2018","09:47:23","9","default","550496092","OXY_CH9","23.366","min","249.906","µmol/L","Humid","18.744","deg","79174","µV","26.091","°C","1019.000","hPa","34.1","pmil","0","53.442","deg","23.711","°C","100.000","%a.s.","21.016","deg","23.307","°C","1019.000","hPa","0.861","-0.02617","0.00035","0","0","13.56","Humid","22.75","0","51.00","250934.36","SABD0000000001","AAV1.0.0.11","1.1.2.0","PSt7-10","170328-022","9/30/2017 7:09:10 PM","0000-00","0","no battery","V"
"11/03/2018","09:47:24","9","default","550496092","OXY_CH9","23.382","min","249.799","µmol/L","Humid","18.745","deg","79177","µV","26.102","°C","1019.000","hPa","34.1","pmil","0","53.442","deg","23.711","°C","100.000","%a.s.","21.016","deg","23.307","°C","1019.000","hPa","0.861","-0.02617","0.00035","0","0","13.56","Humid","22.75","0","51.00","250934.55","SABD0000000001","AAV1.0.0.11","1.1.2.0","PSt7-10","170328-022","9/30/2017 7:09:10 PM","0000-00","0","no battery","V"
"11/03/2018","09:47:25","9","default","550496092","OXY_CH9","23.399","min","249.908","µmol/L","Humid","18.743","deg","79185","µV","26.094","°C","1019.000","hPa","34.1","pmil","0","53.442","deg","23.711","°C","100.000","%a.s.","21.016","deg","23.307","°C","1019.000","hPa","0.861","-0.02617","0.00035","0","0","13.56","Humid","22.75","0","51.00","250947.33","SABD0000000001","AAV1.0.0.11","1.1.2.0","PSt7-10","170328-022","9/30/2017 7:09:10 PM","0000-00","0","no battery","V"
"11/03/2018","09:47:26","9","default","550496092","OXY_CH9","23.416","min","249.868","µmol/L","Humid","18.745","deg","79174","µV","26.093","°C","1019.000","hPa","34.1","pmil","0","53.442","deg","23.711","°C","100.000","%a.s.","21.016","deg","23.307","°C","1019.000","hPa","0.861","-0.02617","0.00035","0","0","13.56","Humid","22.75","0","51.00","250933.73","SABD0000000001","AAV1.0.0.11","1.1.2.0","PSt7-10","170328-022","9/30/2017 7:09:10 PM","0000-00","0","no battery","V"
"11/03/2018","09:47:27","9","default","550496092","OXY_CH9","23.433","min","249.826","µmol/L","Humid","18.748","deg","79184","µV","26.088","°C","1019.000","hPa","34.1","pmil","0","53.442","deg","23.711","°C","100.000","%a.s.","21.016","deg","23.307","°C","1019.000","hPa","0.861","-0.02617","0.00035","0","0","13.56","Humid","22.75","0","51.00","250941.90","SABD0000000001","AAV1.0.0.11","1.1.2.0","PSt7-10","170328-022","9/30/2017 7:09:10 PM","0000-00","0","no battery","V"
"11/03/2018","09:47:28","9","default","550496092","OXY_CH9","23.449","min","249.810","µmol/L","Humid","18.748","deg","79177","µV","26.091","°C","1019.000","hPa","34.1","pmil","0","53.442","deg","23.711","°C","100.000","%a.s.","21.016","deg","23.307","°C","1019.000","hPa","0.861","-0.02617","0.00035","0","0","13.56","Humid","22.75","0","51.00","250951.06","SABD0000000001","AAV1.0.0.11","1.1.2.0","PSt7-10","170328-022","9/30/2017 7:09:10 PM","0000-00","0","no battery","V"
"11/03/2018","09:47:29","9","default","550496092","OXY_CH9","23.465","min","249.892","µmol/L","Humid","18.748","deg","79182","µV","26.080","°C","1019.000","hPa","34.1","pmil","0","53.442","deg","23.711","°C","100.000","%a.s.","21.016","deg","23.307","°C","1019.000","hPa","0.861","-0.02617","0.00035","0","0","13.56","Humid","22.75","0","51.00","250936.61","SABD0000000001","AAV1.0.0.11","1.1.2.0","PSt7-10","170328-022","9/30/2017 7:09:10 PM","0000-00","0","no battery","V"
"11/03/2018","09:47:30","9","default","550496092","OXY_CH9","23.482","min","249.837","µmol/L","Humid","18.747","deg","79176","µV","26.090","°C","1019.000","hPa","34.1","pmil","0","53.442","deg","23.711","°C","100.000","%a.s.","21.016","deg","23.307","°C","1019.000","hPa","0.861","-0.02617","0.00035","0","0","13.56","Humid","22.75","0","51.00","250933.99","SABD0000000001","AAV1.0.0.11","1.1.2.0","PSt7-10","170328-022","9/30/2017 7:09:10 PM","0000-00","0","no battery","V"
"11/03/2018","09:47:31","9","default","550496092","OXY_CH9","23.499","min","249.907","µmol/L","Humid","18.743","deg","79180","µV","26.094","°C","1019.000","hPa","34.1","pmil","0","53.442","deg","23.711","°C","100.000","%a.s.","21.016","deg","23.307","°C","1019.000","hPa","0.861","-0.02617","0.00035","0","0","13.56","Humid","22.75","0","51.00","250935.39","SABD0000000001","AAV1.0.0.11","1.1.2.0","PSt7-10","170328-022","9/30/2017 7:09:10 PM","0000-00","0","no battery","V"
"11/03/2018","09:47:32","9","default","550496092","OXY_CH9","23.516","min","249.821","µmol/L","Humid","18.749","deg","79179","µV","26.086","°C","1019.000","hPa","34.1","pmil","0","53.442","deg","23.711","°C","100.000","%a.s.","21.016","deg","23.307","°C","1019.000","hPa","0.861","-0.02617","0.00035","0","0","13.56","Humid","22.75","0","51.00","250940.54","SABD0000000001","AAV1.0.0.11","1.1.2.0","PSt7-10","170328-022","9/30/2017 7:09:10 PM","0000-00","0","no battery","V"
"11/03/2018","09:47:33","9","default","550496092","OXY_CH9","23.533","min","249.805","µmol/L","Humid","18.750","deg","79177","µV","26.085","°C","1019.000","hPa","34.1","pmil","0","53.442","deg","23.711","°C","100.000","%a.s.","21.016","deg","23.307","°C","1019.000","hPa","0.861","-0.02617","0.00035","0","0","13.56","Humid","22.75","0","51.00","250936.62","SABD0000000001","AAV1.0.0.11","1.1.2.0","PSt7-10","170328-022","9/30/2017 7:09:10 PM","0000-00","0","no battery","V"
"11/03/2018","09:47:34","9","default","550496092","OXY_CH9","23.549","min","249.899","µmol/L","Humid","18.746","deg","79168","µV","26.085","°C","1019.000","hPa","34.1","pmil","0","53.442","deg","23.711","°C","100.000","%a.s.","21.016","deg","23.307","°C","1019.000","hPa","0.861","-0.02617","0.00035","0","0","13.56","Humid","22.75","0","51.00","250929.65","SABD0000000001","AAV1.0.0.11","1.1.2.0","PSt7-10","170328-022","9/30/2017 7:09:10 PM","0000-00","0","no battery","V"
"11/03/2018","09:47:35","9","default","550496092","OXY_CH9","23.566","min","249.908","µmol/L","Humid","18.748","deg","79175","µV","26.077","°C","1019.000","hPa","34.1","pmil","0","53.442","deg","23.711","°C","100.000","%a.s.","21.016","deg","23.307","°C","1019.000","hPa","0.861","-0.02617","0.00035","0","0","13.56","Humid","22.75","0","51.00","250924.87","SABD0000000001","AAV1.0.0.11","1.1.2.0","PSt7-10","170328-022","9/30/2017 7:09:10 PM","0000-00","0","no battery","V"
"11/03/2018","09:47:36","9","default","550496092","OXY_CH9","23.583","min","249.983","µmol/L","Humid","18.749","deg","79177","µV","26.064","°C","1019.000","hPa","34.1","pmil","0","53.442","deg","23.711","°C","100.000","%a.s.","21.016","deg","23.307","°C","1019.000","hPa","0.861","-0.02617","0.00035","0","0","13.56","Humid","22.75","0","51.00","250922.86","SABD0000000001","AAV1.0.0.11","1.1.2.0","PSt7-10","170328-022","9/30/2017 7:09:10 PM","0000-00","0","no battery","V"
"11/03/2018","09:47:37","9","default","550496092","OXY_CH9","23.599","min","249.786","µmol/L","Humid","18.752","deg","79178","µV","26.081","°C","1019.000","hPa","34.1","pmil","0","53.442","deg","23.711","°C","100.000","%a.s.","21.016","deg","23.307","°C","1019.000","hPa","0.861","-0.02617","0.00035","0","0","13.56","Humid","22.75","0","51.00","250921.38","SABD0000000001","AAV1.0.0.11","1.1.2.0","PSt7-10","170328-022","9/30/2017 7:09:10 PM","0000-00","0","no battery","V"
"11/03/2018","09:47:38","9","default","550496092","OXY_CH9","23.615","min","249.860","µmol/L","Humid","18.749","deg","79184","µV","26.081","°C","1019.000","hPa","34.1","pmil","0","53.442","deg","23.711","°C","100.000","%a.s.","21.016","deg","23.307","°C","1019.000","hPa","0.861","-0.02617","0.00035","0","0","13.56","Humid","22.75","0","51.00","250924.93","SABD0000000001","AAV1.0.0.11","1.1.2.0","PSt7-10","170328-022","9/30/2017 7:09:10 PM","0000-00","0","no battery","V"
"11/03/2018","09:47:39","9","default","550496092","OXY_CH9","23.632","min","249.706","µmol/L","Humid","18.752","deg","79184","µV","26.092","°C","1019.000","hPa","34.1","pmil","0","53.442","deg","23.711","°C","100.000","%a.s.","21.016","deg","23.307","°C","1019.000","hPa","0.861","-0.02617","0.00035","0","0","13.56","Humid","22.75","0","51.00","250934.84","SABD0000000001","AAV1.0.0.11","1.1.2.0","PSt7-10","170328-022","9/30/2017 7:09:10 PM","0000-00","0","no battery","V"
"11/03/2018","09:47:40","9","default","550496092","OXY_CH9","23.649","min","249.827","µmol/L","Humid","18.746","deg","79175","µV","26.095","°C","1019.000","hPa","34.1","pmil","0","53.442","deg","23.711","°C","100.000","%a.s.","21.016","deg","23.307","°C","1019.000","hPa","0.861","-0.02617","0.00035","0","0","13.56","Humid","22.75","0","51.00","250924.34","SABD0000000001","AAV1.0.0.11","1.1.2.0","PSt7-10","170328-022","9/30/2017 7:09:10 PM","0000-00","0","no battery","V"
"11/03/2018","09:47:41","9","default","550496092","OXY_CH9","23.666","min","249.870","µmol/L","Humid","18.746","deg","79178","µV","26.089","°C","1019.000","hPa","34.1","pmil","0","53.442","deg","23.711","°C","100.000","%a.s.","21.016","deg","23.307","°C","1019.000","hPa","0.861","-0.02617","0.00035","0","0","13.56","Humid","22.75","0","51.00","250925.60","SABD0000000001","AAV1.0.0.11","1.1.2.0","PSt7-10","170328-022","9/30/2017 7:09:10 PM","0000-00","0","no battery","V"
"11/03/2018","09:47:42","9","default","550496092","OXY_CH9","23.683","min","249.809","µmol/L","Humid","18.751","deg","79182","µV","26.081","°C","1019.000","hPa","34.1","pmil","0","53.442","deg","23.711","°C","100.000","%a.s.","21.016","deg","23.307","°C","1019.000","hPa","0.861","-0.02617","0.00035","0","0","13.56","Humid","22.75","0","51.00","250936.96","SABD0000000001","AAV1.0.0.11","1.1.2.0","PSt7-10","170328-022","9/30/2017 7:09:10 PM","0000-00","0","no battery","V"
"11/03/2018","09:47:43","9","default","550496092","OXY_CH9","23.699","min","249.811","µmol/L","Humid","18.748","deg","79177","µV","26.091","°C","1019.000","hPa","34.1","pmil","0","53.442","deg","23.711","°C","100.000","%a.s.","21.016","deg","23.307","°C","1019.000","hPa","0.861","-0.02617","0.00035","0","0","13.56","Humid","22.75","0","51.00","250923.18","SABD0000000001","AAV1.0.0.11","1.1.2.0","PSt7-10","170328-022","9/30/2017 7:09:10 PM","0000-00","0","no battery","V"
"11/03/2018","09:47:44","9","default","550496092","OXY_CH9","23.716","min","249.697","µmol/L","Humid","18.754","deg","79180","µV","26.086","°C","1019.000","hPa","34.1","pmil","0","53.442","deg","23.711","°C","100.000","%a.s.","21.016","deg","23.307","°C","1019.000","hPa","0.861","-0.02617","0.00035","0","0","13.56","Humid","22.75","0","51.00","250929.62","SABD0000000001","AAV1.0.0.11","1.1.2.0","PSt7-10","170328-022","9/30/2017 7:09:10 PM","0000-00","0","no battery","V"
"11/03/2018","09:47:45","9","default","550496092","OXY_CH9","23.732","min","249.678","µmol/L","Humid","18.752","deg","79185","µV","26.096","°C","1019.000","hPa","34.1","pmil","0","53.442","deg","23.711","°C","100.000","%a.s.","21.016","deg","23.307","°C","1019.000","hPa","0.861","-0.02617","0.00035","0","0","13.56","Humid","22.75","0","51.00","250929.34","SABD0000000001","AAV1.0.0.11","1.1.2.0","PSt7-10","170328-022","9/30/2017 7:09:10 PM","0000-00","0","no battery","V"
"11/03/2018","09:47:46","9","default","550496092","OXY_CH9","23.749","min","250.080","µmol/L","Humid","18.742","deg","79183","µV","26.074","°C","1019.000","hPa","34.1","pmil","0","53.442","deg","23.711","°C","100.000","%a.s.","21.016","deg","23.307","°C","1019.000","hPa","0.861","-0.02617","0.00035","0","0","13.56","Humid","22.75","0","51.00","250927.08","SABD0000000001","AAV1.0.0.11","1.1.2.0","PSt7-10","170328-022","9/30/2017 7:09:10 PM","0000-00","0","no battery","V"
"11/03/2018","09:47:47","9","default","550496092","OXY_CH9","23.766","min","249.973","µmol/L","Humid","18.746","deg","79183","µV","26.075","°C","1019.000","hPa","34.1","pmil","0","53.442","deg","23.711","°C","100.000","%a.s.","21.016","deg","23.307","°C","1019.000","hPa","0.861","-0.02617","0.00035","0","0","13.56","Humid","22.75","0","51.00","250931.01","SABD0000000001","AAV1.0.0.11","1.1.2.0","PSt7-10","170328-022","9/30/2017 7:09:10 PM","0000-00","0","no battery","V"
"11/03/2018","09:47:48","9","default","550496092","OXY_CH9","23.782","min","249.861","µmol/L","Humid","18.745","deg","79181","µV","26.093","°C","1019.000","hPa","34.1","pmil","0","53.442","deg","23.711","°C","100.000","%a.s.","21.016","deg","23.307","°C","1019.000","hPa","0.861","-0.02617","0.00035","0","0","13.56","Humid","22.75","0","51.00","250910.24","SABD0000000001","AAV1.0.0.11","1.1.2.0","PSt7-10","170328-022","9/30/2017 7:09:10 PM","0000-00","0","no battery","V"
"11/03/2018","09:47:49","9","default","550496092","OXY_CH9","23.799","min","249.774","µmol/L","Humid","18.749","deg","79171","µV","26.092","°C","1019.000","hPa","34.1","pmil","0","53.442","deg","23.711","°C","100.000","%a.s.","21.016","deg","23.307","°C","1019.000","hPa","0.861","-0.02617","0.00035","0","0","13.56","Humid","22.75","0","51.00","250921.13","SABD0000000001","AAV1.0.0.11","1.1.2.0","PSt7-10","170328-022","9/30/2017 7:09:10 PM","0000-00","0","no battery","V"
"11/03/2018","09:47:50","9","default","550496092","OXY_CH9","23.816","min","249.681","µmol/L","Humid","18.755","deg","79178","µV","26.085","°C","1019.000","hPa","34.1","pmil","0","53.442","deg","23.711","°C","100.000","%a.s.","21.016","deg","23.307","°C","1019.000","hPa","0.861","-0.02617","0.00035","0","0","13.56","Humid","22.75","0","51.00","250916.90","SABD0000000001","AAV1.0.0.11","1.1.2.0","PSt7-10","170328-022","9/30/2017 7:09:10 PM","0000-00","0","no battery","V"
"11/03/2018","09:47:51","9","default","550496092","OXY_CH9","23.833","min","249.773","µmol/L","Humid","18.750","deg","79185","µV","26.089","°C","1019.000","hPa","34.1","pmil","0","53.442","deg","23.711","°C","100.000","%a.s.","21.016","deg","23.307","°C","1019.000","hPa","0.861","-0.02617","0.00035","0","0","13.56","Humid","22.75","0","51.00","250924.29","SABD0000000001","AAV1.0.0.11","1.1.2.0","PSt7-10","170328-022","9/30/2017 7:09:10 PM","0000-00","0","no battery","V"
"11/03/2018","09:47:52","9","default","550496092","OXY_CH9","23.849","min","249.715","µmol/L","Humid","18.753","deg","79183","µV","26.087","°C","1019.000","hPa","34.1","pmil","0","53.442","deg","23.711","°C","100.000","%a.s.","21.016","deg","23.307","°C","1019.000","hPa","0.861","-0.02617","0.00035","0","0","13.56","Humid","22.75","0","51.00","250915.31","SABD0000000001","AAV1.0.0.11","1.1.2.0","PSt7-10","170328-022","9/30/2017 7:09:10 PM","0000-00","0","no battery","V"
"11/03/2018","09:47:53","9","default","550496092","OXY_CH9","23.866","min","249.833","µmol/L","Humid","18.747","deg","79179","µV","26.091","°C","1019.000","hPa","34.1","pmil","0","53.442","deg","23.711","°C","100.000","%a.s.","21.016","deg","23.307","°C","1019.000","hPa","0.861","-0.02617","0.00035","0","0","13.56","Humid","22.75","0","51.00","250914.73","SABD0000000001","AAV1.0.0.11","1.1.2.0","PSt7-10","170328-022","9/30/2017 7:09:10 PM","0000-00","0","no battery","V"
"11/03/2018","09:47:54","9","default","550496092","OXY_CH9","23.882","min","249.744","µmol/L","Humid","18.749","deg","79177","µV","26.096","°C","1019.000","hPa","34.1","pmil","0","53.442","deg","23.711","°C","100.000","%a.s.","21.016","deg","23.307","°C","1019.000","hPa","0.861","-0.02617","0.00035","0","0","13.56","Humid","22.75","0","51.00","250912.22","SABD0000000001","AAV1.0.0.11","1.1.2.0","PSt7-10","170328-022","9/30/2017 7:09:10 PM","0000-00","0","no battery","V"
"11/03/2018","09:47:55","9","default","550496092","OXY_CH9","23.899","min","249.779","µmol/L","Humid","18.749","deg","79183","µV","26.092","°C","1019.000","hPa","34.1","pmil","0","53.442","deg","23.711","°C","100.000","%a.s.","21.016","deg","23.307","°C","1019.000","hPa","0.861","-0.02617","0.00035","0","0","13.56","Humid","22.75","0","51.00","250914.34","SABD0000000001","AAV1.0.0.11","1.1.2.0","PSt7-10","170328-022","9/30/2017 7:09:10 PM","0000-00","0","no battery","V"
"11/03/2018","09:47:56","9","default","550496092","OXY_CH9","23.916","min","249.804","µmol/L","Humid","18.748","deg","79175","µV","26.091","°C","1019.000","hPa","34.1","pmil","0","53.442","deg","23.711","°C","100.000","%a.s.","21.016","deg","23.307","°C","1019.000","hPa","0.861","-0.02617","0.00035","0","0","13.56","Humid","22.75","0","51.00","250914.15","SABD0000000001","AAV1.0.0.11","1.1.2.0","PSt7-10","170328-022","9/30/2017 7:09:10 PM","0000-00","0","no battery","V"
"11/03/2018","09:47:57","9","default","550496092","OXY_CH9","23.932","min","249.951","µmol/L","Humid","18.747","deg","79179","µV","26.075","°C","1019.000","hPa","34.1","pmil","0","53.442","deg","23.711","°C","100.000","%a.s.","21.016","deg","23.307","°C","1019.000","hPa","0.861","-0.02617","0.00035","0","0","13.56","Humid","22.75","0","51.00","250908.82","SABD0000000001","AAV1.0.0.11","1.1.2.0","PSt7-10","170328-022","9/30/2017 7:09:10 PM","0000-00","0","no battery","V"
"11/03/2018","09:47:58","9","default","550496092","OXY_CH9","23.949","min","249.620","µmol/L","Humid","18.753","deg","79185","µV","26.100","°C","1019.000","hPa","34.1","pmil","0","53.442","deg","23.711","°C","100.000","%a.s.","21.016","deg","23.307","°C","1019.000","hPa","0.861","-0.02617","0.00035","0","0","13.56","Humid","22.75","0","51.00","250907.57","SABD0000000001","AAV1.0.0.11","1.1.2.0","PSt7-10","170328-022","9/30/2017 7:09:10 PM","0000-00","0","no battery","V"
"11/03/2018","09:47:59","9","default","550496092","OXY_CH9","23.966","min","249.574","µmol/L","Humid","18.752","deg","79173","µV","26.110","°C","1019.000","hPa","34.1","pmil","0","53.442","deg","23.711","°C","100.000","%a.s.","21.016","deg","23.307","°C","1019.000","hPa","0.861","-0.02617","0.00035","0","0","13.56","Humid","22.75","0","51.00","250900.46","SABD0000000001","AAV1.0.0.11","1.1.2.0","PSt7-10","170328-022","9/30/2017 7:09:10 PM","0000-00","0","no battery","V"
"11/03/2018","09:48:00","9","default","550496092","OXY_CH9","23.983","min","249.628","µmol/L","Humid","18.751","deg","79168","µV","26.105","°C","1019.000","hPa","34.1","pmil","0","53.442","deg","23.711","°C","100.000","%a.s.","21.016","deg","23.307","°C","1019.000","hPa","0.861","-0.02617","0.00035","0","0","13.56","Humid","22.75","0","51.00","250910.10","SABD0000000001","AAV1.0.0.11","1.1.2.0","PSt7-10","170328-022","9/30/2017 7:09:10 PM","0000-00","0","no battery","V"
"11/03/2018","09:48:01","9","default","550496092","OXY_CH9","23.999","min","249.889","µmol/L","Humid","18.746","deg","79172","µV","26.086","°C","1019.000","hPa","34.1","pmil","0","53.442","deg","23.711","°C","100.000","%a.s.","21.016","deg","23.307","°C","1019.000","hPa","0.861","-0.02617","0.00035","0","0","13.56","Humid","22.75","0","51.00","250905.59","SABD0000000001","AAV1.0.0.11","1.1.2.0","PSt7-10","170328-022","9/30/2017 7:09:10 PM","0000-00","0","no battery","V"
"11/03/2018","09:48:02","9","default","550496092","OXY_CH9","24.016","min","249.709","µmol/L","Humid","18.751","deg","79175","µV","26.095","°C","1019.000","hPa","34.1","pmil","0","53.442","deg","23.711","°C","100.000","%a.s.","21.016","deg","23.307","°C","1019.000","hPa","0.861","-0.02617","0.00035","0","0","13.56","Humid","22.75","0","51.00","250902.58","SABD0000000001","AAV1.0.0.11","1.1.2.0","PSt7-10","170328-022","9/30/2017 7:09:10 PM","0000-00","0","no battery","V"
"11/03/2018","09:48:03","9","default","550496092","OXY_CH9","24.032","min","249.670","µmol/L","Humid","18.752","deg","79174","µV","26.097","°C","1019.000","hPa","34.1","pmil","0","53.442","deg","23.711","°C","100.000","%a.s.","21.016","deg","23.307","°C","1019.000","hPa","0.861","-0.02617","0.00035","0","0","13.56","Humid","22.75","0","51.00","250912.88","SABD0000000001","AAV1.0.0.11","1.1.2.0","PSt7-10","170328-022","9/30/2017 7:09:10 PM","0000-00","0","no battery","V"
"11/03/2018","09:48:04","9","default","550496092","OXY_CH9","24.049","min","249.773","µmol/L","Humid","18.751","deg","79178","µV","26.086","°C","1019.000","hPa","34.1","pmil","0","53.442","deg","23.711","°C","100.000","%a.s.","21.016","deg","23.307","°C","1019.000","hPa","0.861","-0.02617","0.00035","0","0","13.56","Humid","22.75","0","51.00","250903.28","SABD0000000001","AAV1.0.0.11","1.1.2.0","PSt7-10","170328-022","9/30/2017 7:09:10 PM","0000-00","0","no battery","V"
"11/03/2018","09:48:05","9","default","550496092","OXY_CH9","24.066","min","249.707","µmol/L","Humid","18.754","deg","79181","µV","26.085","°C","1019.000","hPa","34.1","pmil","0","53.442","deg","23.711","°C","100.000","%a.s.","21.016","deg","23.307","°C","1019.000","hPa","0.861","-0.02617","0.00035","0","0","13.56","Humid","22.75","0","51.00","250891.52","SABD0000000001","AAV1.0.0.11","1.1.2.0","PSt7-10","170328-022","9/30/2017 7:09:10 PM","0000-00","0","no battery","V"
"11/03/2018","09:48:06","9","default","550496092","OXY_CH9","24.082","min","249.871","µmol/L","Humid","18.750","deg","79177","µV","26.076","°C","1019.000","hPa","34.1","pmil","0","53.442","deg","23.711","°C","100.000","%a.s.","21.016","deg","23.307","°C","1019.000","hPa","0.861","-0.02617","0.00035","0","0","13.56","Humid","22.75","0","51.00","250898.02","SABD0000000001","AAV1.0.0.11","1.1.2.0","PSt7-10","170328-022","9/30/2017 7:09:10 PM","0000-00","0","no battery","V"
"11/03/2018","09:48:07","9","default","550496092","OXY_CH9","24.099","min","249.775","µmol/L","Humid","18.746","deg","79177","µV","26.102","°C","1019.000","hPa","34.1","pmil","0","53.442","deg","23.711","°C","100.000","%a.s.","21.016","deg","23.307","°C","1019.000","hPa","0.861","-0.02617","0.00035","0","0","13.56","Humid","22.75","0","51.00","250896.01","SABD0000000001","AAV1.0.0.11","1.1.2.0","PSt7-10","170328-022","9/30/2017 7:09:10 PM","0000-00","0","no battery","V"
"11/03/2018","09:48:08","9","default","550496092","OXY_CH9","24.116","min","249.738","µmol/L","Humid","18.750","deg","79176","µV","26.094","°C","1019.000","hPa","34.1","pmil","0","53.442","deg","23.711","°C","100.000","%a.s.","21.016","deg","23.307","°C","1019.000","hPa","0.861","-0.02617","0.00035","0","0","13.56","Humid","22.75","0","51.00","250894.69","SABD0000000001","AAV1.0.0.11","1.1.2.0","PSt7-10","170328-022","9/30/2017 7:09:10 PM","0000-00","0","no battery","V"
"11/03/2018","09:48:09","9","default","550496092","OXY_CH9","24.133","min","249.621","µmol/L","Humid","18.754","deg","79170","µV","26.097","°C","1019.000","hPa","34.1","pmil","0","53.442","deg","23.711","°C","100.000","%a.s.","21.016","deg","23.307","°C","1019.000","hPa","0.861","-0.02617","0.00035","0","0","13.56","Humid","22.75","0","51.00","250895.31","SABD0000000001","AAV1.0.0.11","1.1.2.0","PSt7-10","170328-022","9/30/2017 7:09:10 PM","0000-00","0","no battery","V"
"11/03/2018","09:48:10","9","default","550496092","OXY_CH9","24.149","min","249.851","µmol/L","Humid","18.748","deg","79174","µV","26.085","°C","1019.000","hPa","34.1","pmil","0","53.442","deg","23.711","°C","100.000","%a.s.","21.016","deg","23.307","°C","1019.000","hPa","0.861","-0.02617","0.00035","0","0","13.56","Humid","22.75","0","51.00","250889.30","SABD0000000001","AAV1.0.0.11","1.1.2.0","PSt7-10","170328-022","9/30/2017 7:09:10 PM","0000-00","0","no battery","V"
"11/03/2018","09:48:11","9","default","550496092","OXY_CH9","24.166","min","249.736","µmol/L","Humid","18.753","deg","79166","µV","26.084","°C","1019.000","hPa","34.1","pmil","0","53.442","deg","23.711","°C","100.000","%a.s.","21.016","deg","23.307","°C","1019.000","hPa","0.861","-0.02617","0.00035","0","0","13.56","Humid","22.75","0","51.00","250893.06","SABD0000000001","AAV1.0.0.11","1.1.2.0","PSt7-10","170328-022","9/30/2017 7:09:10 PM","0000-00","0","no battery","V"
"11/03/2018","09:48:12","9","default","550496092","OXY_CH9","24.183","min","249.808","µmol/L","Humid","18.750","deg","79174","µV","26.084","°C","1019.000","hPa","34.1","pmil","0","53.442","deg","23.711","°C","100.000","%a.s.","21.016","deg","23.307","°C","1019.000","hPa","0.861","-0.02617","0.00035","0","0","13.56","Humid","22.75","0","51.00","250891.19","SABD0000000001","AAV1.0.0.11","1.1.2.0","PSt7-10","170328-022","9/30/2017 7:09:10 PM","0000-00","0","no battery","V"
"11/03/2018","09:48:13","9","default","550496092","OXY_CH9","24.199","min","249.922","µmol/L","Humid","18.745","deg","79175","µV","26.085","°C","1019.000","hPa","34.1","pmil","0","53.442","deg","23.711","°C","100.000","%a.s.","21.016","deg","23.307","°C","1019.000","hPa","0.861","-0.02617","0.00035","0","0","13.56","Humid","22.75","0","51.00","250892.93","SABD0000000001","AAV1.0.0.11","1.1.2.0","PSt7-10","170328-022","9/30/2017 7:09:10 PM","0000-00","0","no battery","V"
"11/03/2018","09:48:14","9","default","550496092","OXY_CH9","24.216","min","249.654","µmol/L","Humid","18.755","deg","79177","µV","26.089","°C","1019.000","hPa","34.1","pmil","0","53.442","deg","23.711","°C","100.000","%a.s.","21.016","deg","23.307","°C","1019.000","hPa","0.861","-0.02617","0.00035","0","0","13.56","Humid","22.75","0","51.00","250881.63","SABD0000000001","AAV1.0.0.11","1.1.2.0","PSt7-10","170328-022","9/30/2017 7:09:10 PM","0000-00","0","no battery","V"
"11/03/2018","09:48:15","9","default","550496092","OXY_CH9","24.232","min","249.751","µmol/L","Humid","18.754","deg","79177","µV","26.079","°C","1019.000","hPa","34.1","pmil","0","53.442","deg","23.711","°C","100.000","%a.s.","21.016","deg","23.307","°C","1019.000","hPa","0.861","-0.02617","0.00035","0","0","13.56","Humid","22.75","0","51.00","250882.48","SABD0000000001","AAV1.0.0.11","1.1.2.0","PSt7-10","170328-022","9/30/2017 7:09:10 PM","0000-00","0","no battery","V"
"11/03/2018","09:48:16","9","default","550496092","OXY_CH9","24.249","min","249.799","µmol/L","Humid","18.751","deg","79178","µV","26.082","°C","1019.000","hPa","34.1","pmil","0","53.442","deg","23.711","°C","100.000","%a.s.","21.016","deg","23.307","°C","1019.000","hPa","0.861","-0.02617","0.00035","0","0","13.56","Humid","22.75","0","51.00","250890.99","SABD0000000001","AAV1.0.0.11","1.1.2.0","PSt7-10","170328-022","9/30/2017 7:09:10 PM","0000-00","0","no battery","V"
"11/03/2018","09:48:17","9","default","550496092","OXY_CH9","24.266","min","249.765","µmol/L","Humid","18.752","deg","79175","µV","26.084","°C","1019.000","hPa","34.1","pmil","0","53.442","deg","23.711","°C","100.000","%a.s.","21.016","deg","23.307","°C","1019.000","hPa","0.861","-0.02617","0.00035","0","0","13.56","Humid","22.75","0","51.00","250877.94","SABD0000000001","AAV1.0.0.11","1.1.2.0","PSt7-10","170328-022","9/30/2017 7:09:10 PM","0000-00","0","no battery","V"
"11/03/2018","09:48:18","9","default","550496092","OXY_CH9","24.283","min","249.813","µmol/L","Humid","18.749","deg","79173","µV","26.087","°C","1019.000","hPa","34.1","pmil","0","53.442","deg","23.711","°C","100.000","%a.s.","21.016","deg","23.307","°C","1019.000","hPa","0.861","-0.02617","0.00035","0","0","13.56","Humid","22.75","0","51.00","250893.08","SABD0000000001","AAV1.0.0.11","1.1.2.0","PSt7-10","170328-022","9/30/2017 7:09:10 PM","0000-00","0","no battery","V"
"11/03/2018","09:48:19","9","default","550496092","OXY_CH9","24.299","min","249.647","µmol/L","Humid","18.750","deg","79176","µV","26.106","°C","1019.000","hPa","34.1","pmil","0","53.442","deg","23.711","°C","100.000","%a.s.","21.016","deg","23.307","°C","1019.000","hPa","0.861","-0.02617","0.00035","0","0","13.56","Humid","22.75","0","51.00","250891.31","SABD0000000001","AAV1.0.0.11","1.1.2.0","PSt7-10","170328-022","9/30/2017 7:09:10 PM","0000-00","0","no battery","V"
"11/03/2018","09:48:20","9","default","550496092","OXY_CH9","24.316","min","249.749","µmol/L","Humid","18.752","deg","79175","µV","26.086","°C","1019.000","hPa","34.1","pmil","0","53.442","deg","23.711","°C","100.000","%a.s.","21.016","deg","23.307","°C","1019.000","hPa","0.861","-0.02617","0.00035","0","0","13.56","Humid","22.75","0","51.00","250885.79","SABD0000000001","AAV1.0.0.11","1.1.2.0","PSt7-10","170328-022","9/30/2017 7:09:10 PM","0000-00","0","no battery","V"
"11/03/2018","09:48:21","9","default","550496092","OXY_CH9","24.332","min","249.618","µmol/L","Humid","18.756","deg","79176","µV","26.091","°C","1019.000","hPa","34.1","pmil","0","53.442","deg","23.711","°C","100.000","%a.s.","21.016","deg","23.307","°C","1019.000","hPa","0.861","-0.02617","0.00035","0","0","13.56","Humid","22.75","0","51.00","250883.08","SABD0000000001","AAV1.0.0.11","1.1.2.0","PSt7-10","170328-022","9/30/2017 7:09:10 PM","0000-00","0","no battery","V"
"11/03/2018","09:48:22","9","default","550496092","OXY_CH9","24.349","min","249.592","µmol/L","Humid","18.755","deg","79175","µV","26.097","°C","1019.000","hPa","34.1","pmil","0","53.442","deg","23.711","°C","100.000","%a.s.","21.016","deg","23.307","°C","1019.000","hPa","0.861","-0.02617","0.00035","0","0","13.56","Humid","22.75","0","51.00","250895.08","SABD0000000001","AAV1.0.0.11","1.1.2.0","PSt7-10","170328-022","9/30/2017 7:09:10 PM","0000-00","0","no battery","V"
"11/03/2018","09:48:23","9","default","550496092","OXY_CH9","24.366","min","249.582","µmol/L","Humid","18.756","deg","79181","µV","26.095","°C","1019.000","hPa","34.1","pmil","0","53.442","deg","23.711","°C","100.000","%a.s.","21.016","deg","23.307","°C","1019.000","hPa","0.861","-0.02617","0.00035","0","0","13.56","Humid","22.75","0","51.00","250891.58","SABD0000000001","AAV1.0.0.11","1.1.2.0","PSt7-10","170328-022","9/30/2017 7:09:10 PM","0000-00","0","no battery","V"
"11/03/2018","09:48:24","9","default","550496092","OXY_CH9","24.382","min","249.693","µmol/L","Humid","18.752","deg","79174","µV","26.093","°C","1019.000","hPa","34.1","pmil","0","53.442","deg","23.711","°C","100.000","%a.s.","21.016","deg","23.307","°C","1019.000","hPa","0.861","-0.02617","0.00035","0","0","13.56","Humid","22.75","0","51.00","250878.93","SABD0000000001","AAV1.0.0.11","1.1.2.0","PSt7-10","170328-022","9/30/2017 7:09:10 PM","0000-00","0","no battery","V"
"11/03/2018","09:48:25","9","default","550496092","OXY_CH9","24.399","min","249.845","µmol/L","Humid","18.750","deg","79171","µV","26.079","°C","1019.000","hPa","34.1","pmil","0","53.442","deg","23.711","°C","100.000","%a.s.","21.016","deg","23.307","°C","1019.000","hPa","0.861","-0.02617","0.00035","0","0","13.56","Humid","22.75","0","51.00","250879.00","SABD0000000001","AAV1.0.0.11","1.1.2.0","PSt7-10","170328-022","9/30/2017 7:09:10 PM","0000-00","0","no battery","V"
"11/03/2018","09:48:26","9","default","550496092","OXY_CH9","24.416","min","249.779","µmol/L","Humid","18.750","deg","79170","µV","26.088","°C","1019.000","hPa","34.1","pmil","0","53.442","deg","23.711","°C","100.000","%a.s.","21.016","deg","23.307","°C","1019.000","hPa","0.861","-0.02617","0.00035","0","0","13.56","Humid","22.75","0","51.00","250871.66","SABD0000000001","AAV1.0.0.11","1.1.2.0","PSt7-10","170328-022","9/30/2017 7:09:10 PM","0000-00","0","no battery","V"
"11/03/2018","09:48:27","9","default","550496092","OXY_CH9","24.433","min","249.829","µmol/L","Humid","18.747","deg","79182","µV","26.091","°C","1019.000","hPa","34.1","pmil","0","53.442","deg","23.711","°C","100.000","%a.s.","21.016","deg","23.307","°C","1019.000","hPa","0.861","-0.02617","0.00035","0","0","13.56","Humid","22.75","0","51.00","250889.14","SABD0000000001","AAV1.0.0.11","1.1.2.0","PSt7-10","170328-022","9/30/2017 7:09:10 PM","0000-00","0","no battery","V"
"11/03/2018","09:48:28","9","default","550496092","OXY_CH9","24.449","min","249.716","µmol/L","Humid","18.752","deg","79175","µV","26.090","°C","1019.000","hPa","34.1","pmil","0","53.442","deg","23.711","°C","100.000","%a.s.","21.016","deg","23.307","°C","1019.000","hPa","0.861","-0.02617","0.00035","0","0","13.56","Humid","22.75","0","51.00","250878.75","SABD0000000001","AAV1.0.0.11","1.1.2.0","PSt7-10","170328-022","9/30/2017 7:09:10 PM","0000-00","0","no battery","V"
"11/03/2018","09:48:29","9","default","550496092","OXY_CH9","24.465","min","249.630","µmol/L","Humid","18.753","deg","79172","µV","26.099","°C","1019.000","hPa","34.1","pmil","0","53.442","deg","23.711","°C","100.000","%a.s.","21.016","deg","23.307","°C","1019.000","hPa","0.861","-0.02617","0.00035","0","0","13.56","Humid","22.75","0","51.00","250879.98","SABD0000000001","AAV1.0.0.11","1.1.2.0","PSt7-10","170328-022","9/30/2017 7:09:10 PM","0000-00","0","no battery","V"
"11/03/2018","09:48:30","9","default","550496092","OXY_CH9","24.482","min","249.665","µmol/L","Humid","18.756","deg","79179","µV","26.084","°C","1019.000","hPa","34.1","pmil","0","53.442","deg","23.711","°C","100.000","%a.s.","21.016","deg","23.307","°C","1019.000","hPa","0.861","-0.02617","0.00035","0","0","13.56","Humid","22.75","0","51.00","250880.30","SABD0000000001","AAV1.0.0.11","1.1.2.0","PSt7-10","170328-022","9/30/2017 7:09:10 PM","0000-00","0","no battery","V"
"11/03/2018","09:48:31","9","default","550496092","OXY_CH9","24.499","min","249.697","µmol/L","Humid","18.755","deg","79180","µV","26.083","°C","1019.000","hPa","34.1","pmil","0","53.442","deg","23.711","°C","100.000","%a.s.","21.016","deg","23.307","°C","1019.000","hPa","0.861","-0.02617","0.00035","0","0","13.56","Humid","22.75","0","51.00","250872.99","SABD0000000001","AAV1.0.0.11","1.1.2.0","PSt7-10","170328-022","9/30/2017 7:09:10 PM","0000-00","0","no battery","V"
"11/03/2018","09:48:32","9","default","550496092","OXY_CH9","24.516","min","249.791","µmol/L","Humid","18.751","deg","79175","µV","26.083","°C","1019.000","hPa","34.1","pmil","0","53.442","deg","23.711","°C","100.000","%a.s.","21.016","deg","23.307","°C","1019.000","hPa","0.861","-0.02617","0.00035","0","0","13.56","Humid","22.75","0","51.00","250879.63","SABD0000000001","AAV1.0.0.11","1.1.2.0","PSt7-10","170328-022","9/30/2017 7:09:10 PM","0000-00","0","no battery","V"
"11/03/2018","09:48:33","9","default","550496092","OXY_CH9","24.532","min","249.752","µmol/L","Humid","18.753","deg","79169","µV","26.082","°C","1019.000","hPa","34.1","pmil","0","53.442","deg","23.711","°C","100.000","%a.s.","21.016","deg","23.307","°C","1019.000","hPa","0.861","-0.02617","0.00035","0","0","13.56","Humid","22.75","0","51.00","250876.89","SABD0000000001","AAV1.0.0.11","1.1.2.0","PSt7-10","170328-022","9/30/2017 7:09:10 PM","0000-00","0","no battery","V"
"11/03/2018","09:48:34","9","default","550496092","OXY_CH9","24.549","min","249.667","µmol/L","Humid","18.755","deg","79172","µV","26.087","°C","1019.000","hPa","34.1","pmil","0","53.442","deg","23.711","°C","100.000","%a.s.","21.016","deg","23.307","°C","1019.000","hPa","0.861","-0.02617","0.00035","0","0","13.56","Humid","22.75","0","51.00","250875.85","SABD0000000001","AAV1.0.0.11","1.1.2.0","PSt7-10","170328-022","9/30/2017 7:09:10 PM","0000-00","0","no battery","V"
"11/03/2018","09:48:35","9","default","550496092","OXY_CH9","24.566","min","249.869","µmol/L","Humid","18.750","deg","79171","µV","26.076","°C","1019.000","hPa","34.1","pmil","0","53.442","deg","23.711","°C","100.000","%a.s.","21.016","deg","23.307","°C","1019.000","hPa","0.861","-0.02617","0.00035","0","0","13.56","Humid","22.75","0","51.00","250885.77","SABD0000000001","AAV1.0.0.11","1.1.2.0","PSt7-10","170328-022","9/30/2017 7:09:10 PM","0000-00","0","no battery","V"
"11/03/2018","09:48:36","9","default","550496092","OXY_CH9","24.583","min","249.584","µmol/L","Humid","18.756","deg","79179","µV","26.095","°C","1019.000","hPa","34.1","pmil","0","53.442","deg","23.711","°C","100.000","%a.s.","21.016","deg","23.307","°C","1019.000","hPa","0.861","-0.02617","0.00035","0","0","13.56","Humid","22.75","0","51.00","250863.40","SABD0000000001","AAV1.0.0.11","1.1.2.0","PSt7-10","170328-022","9/30/2017 7:09:10 PM","0000-00","0","no battery","V"
"11/03/2018","09:48:37","9","default","550496092","OXY_CH9","24.599","min","249.663","µmol/L","Humid","18.751","deg","79172","µV","26.101","°C","1019.000","hPa","34.1","pmil","0","53.442","deg","23.711","°C","100.000","%a.s.","21.016","deg","23.307","°C","1019.000","hPa","0.861","-0.02617","0.00035","0","0","13.56","Humid","22.75","0","51.00","250880.35","SABD0000000001","AAV1.0.0.11","1.1.2.0","PSt7-10","170328-022","9/30/2017 7:09:10 PM","0000-00","0","no battery","V"
"11/03/2018","09:48:38","9","default","550496092","OXY_CH9","24.616","min","249.838","µmol/L","Humid","18.749","deg","79168","µV","26.084","°C","1019.000","hPa","34.1","pmil","0","53.442","deg","23.711","°C","100.000","%a.s.","21.016","deg","23.307","°C","1019.000","hPa","0.861","-0.02617","0.00035","0","0","13.56","Humid","22.75","0","51.00","250869.64","SABD0000000001","AAV1.0.0.11","1.1.2.0","PSt7-10","170328-022","9/30/2017 7:09:10 PM","0000-00","0","no battery","V"
"11/03/2018","09:48:39","9","default","550496092","OXY_CH9","24.632","min","249.735","µmol/L","Humid","18.754","deg","79174","µV","26.081","°C","1019.000","hPa","34.1","pmil","0","53.442","deg","23.711","°C","100.000","%a.s.","21.016","deg","23.307","°C","1019.000","hPa","0.861","-0.02617","0.00035","0","0","13.56","Humid","22.75","0","51.00","250877.90","SABD0000000001","AAV1.0.0.11","1.1.2.0","PSt7-10","170328-022","9/30/2017 7:09:10 PM","0000-00","0","no battery","V"
"11/03/2018","09:48:40","9","default","550496092","OXY_CH9","24.649","min","249.919","µmol/L","Humid","18.748","deg","79175","µV","26.076","°C","1019.000","hPa","34.1","pmil","0","53.442","deg","23.711","°C","100.000","%a.s.","21.016","deg","23.307","°C","1019.000","hPa","0.861","-0.02617","0.00035","0","0","13.56","Humid","22.75","0","51.00","250879.19","SABD0000000001","AAV1.0.0.11","1.1.2.0","PSt7-10","170328-022","9/30/2017 7:09:10 PM","0000-00","0","no battery","V"
"11/03/2018","09:48:41","9","default","550496092","OXY_CH9","24.666","min","249.712","µmol/L","Humid","18.751","deg","79172","µV","26.094","°C","1019.000","hPa","34.1","pmil","0","53.442","deg","23.711","°C","100.000","%a.s.","21.016","deg","23.307","°C","1019.000","hPa","0.861","-0.02617","0.00035","0","0","13.56","Humid","22.75","0","51.00","250877.80","SABD0000000001","AAV1.0.0.11","1.1.2.0","PSt7-10","170328-022","9/30/2017 7:09:10 PM","0000-00","0","no battery","V"
"11/03/2018","09:48:42","9","default","550496092","OXY_CH9","24.683","min","249.794","µmol/L","Humid","18.748","deg","79175","µV","26.093","°C","1019.000","hPa","34.1","pmil","0","53.442","deg","23.711","°C","100.000","%a.s.","21.016","deg","23.307","°C","1019.000","hPa","0.861","-0.02617","0.00035","0","0","13.56","Humid","22.75","0","51.00","250870.90","SABD0000000001","AAV1.0.0.11","1.1.2.0","PSt7-10","170328-022","9/30/2017 7:09:10 PM","0000-00","0","no battery","V"
"11/03/2018","09:48:43","9","default","550496092","OXY_CH9","24.699","min","249.787","µmol/L","Humid","18.753","deg","79174","µV","26.077","°C","1019.000","hPa","34.1","pmil","0","53.442","deg","23.711","°C","100.000","%a.s.","21.016","deg","23.307","°C","1019.000","hPa","0.861","-0.02617","0.00035","0","0","13.56","Humid","22.75","0","51.00","250855.60","SABD0000000001","AAV1.0.0.11","1.1.2.0","PSt7-10","170328-022","9/30/2017 7:09:10 PM","0000-00","0","no battery","V"
"11/03/2018","09:48:44","9","default","550496092","OXY_CH9","24.716","min","249.689","µmol/L","Humid","18.754","deg","79177","µV","26.088","°C","1019.000","hPa","34.1","pmil","0","53.442","deg","23.711","°C","100.000","%a.s.","21.016","deg","23.307","°C","1019.000","hPa","0.861","-0.02617","0.00035","0","0","13.56","Humid","22.75","0","51.00","250870.90","SABD0000000001","AAV1.0.0.11","1.1.2.0","PSt7-10","170328-022","9/30/2017 7:09:10 PM","0000-00","0","no battery","V"
"11/03/2018","09:48:45","9","default","550496092","OXY_CH9","24.733","min","249.726","µmol/L","Humid","18.755","deg","79175","µV","26.079","°C","1019.000","hPa","34.1","pmil","0","53.442","deg","23.711","°C","100.000","%a.s.","21.016","deg","23.307","°C","1019.000","hPa","0.861","-0.02617","0.00035","0","0","13.56","Humid","22.75","0","51.00","250857.24","SABD0000000001","AAV1.0.0.11","1.1.2.0","PSt7-10","170328-022","9/30/2017 7:09:10 PM","0000-00","0","no battery","V"
"11/03/2018","09:48:46","9","default","550496092","OXY_CH9","24.749","min","249.534","µmol/L","Humid","18.759","deg","79175","µV","26.092","°C","1019.000","hPa","34.1","pmil","0","53.442","deg","23.711","°C","100.000","%a.s.","21.016","deg","23.307","°C","1019.000","hPa","0.861","-0.02617","0.00035","0","0","13.56","Humid","22.75","0","51.00","250863.07","SABD0000000001","AAV1.0.0.11","1.1.2.0","PSt7-10","170328-022","9/30/2017 7:09:10 PM","0000-00","0","no battery","V"
"11/03/2018","09:48:47","9","default","550496092","OXY_CH9","24.765","min","249.762","µmol/L","Humid","18.752","deg","79171","µV","26.084","°C","1019.000","hPa","34.1","pmil","0","53.442","deg","23.711","°C","100.000","%a.s.","21.016","deg","23.307","°C","1019.000","hPa","0.861","-0.02617","0.00035","0","0","13.56","Humid","22.75","0","51.00","250857.56","SABD0000000001","AAV1.0.0.11","1.1.2.0","PSt7-10","170328-022","9/30/2017 7:09:10 PM","0000-00","0","no battery","V"
"11/03/2018","09:48:48","9","default","550496092","OXY_CH9","24.782","min","249.627","µmol/L","Humid","18.756","deg","79170","µV","26.089","°C","1019.000","hPa","34.1","pmil","0","53.442","deg","23.711","°C","100.000","%a.s.","21.016","deg","23.307","°C","1019.000","hPa","0.861","-0.02617","0.00035","0","0","13.56","Humid","22.75","0","51.00","250849.65","SABD0000000001","AAV1.0.0.11","1.1.2.0","PSt7-10","170328-022","9/30/2017 7:09:10 PM","0000-00","0","no battery","V"
"11/03/2018","09:48:49","9","default","550496092","OXY_CH9","24.799","min","249.573","µmol/L","Humid","18.759","deg","79174","µV","26.087","°C","1019.000","hPa","34.1","pmil","0","53.442","deg","23.711","°C","100.000","%a.s.","21.016","deg","23.307","°C","1019.000","hPa","0.861","-0.02617","0.00035","0","0","13.56","Humid","22.75","0","51.00","250850.93","SABD0000000001","AAV1.0.0.11","1.1.2.0","PSt7-10","170328-022","9/30/2017 7:09:10 PM","0000-00","0","no battery","V"
"11/03/2018","09:48:50","9","default","550496092","OXY_CH9","24.816","min","249.614","µmol/L","Humid","18.758","deg","79168","µV","26.085","°C","1019.000","hPa","34.1","pmil","0","53.442","deg","23.711","°C","100.000","%a.s.","21.016","deg","23.307","°C","1019.000","hPa","0.861","-0.02617","0.00035","0","0","13.56","Humid","22.75","0","51.00","250865.26","SABD0000000001","AAV1.0.0.11","1.1.2.0","PSt7-10","170328-022","9/30/2017 7:09:10 PM","0000-00","0","no battery","V"
"11/03/2018","09:48:51","9","default","550496092","OXY_CH9","24.833","min","249.658","µmol/L","Humid","18.754","deg","79174","µV","26.092","°C","1019.000","hPa","34.1","pmil","0","53.442","deg","23.711","°C","100.000","%a.s.","21.016","deg","23.307","°C","1019.000","hPa","0.861","-0.02617","0.00035","0","0","13.56","Humid","22.75","0","51.00","250863.71","SABD0000000001","AAV1.0.0.11","1.1.2.0","PSt7-10","170328-022","9/30/2017 7:09:10 PM","0000-00","0","no battery","V"
"11/03/2018","09:48:52","9","default","550496092","OXY_CH9","24.849","min","249.606","µmol/L","Humid","18.758","deg","79177","µV","26.086","°C","1019.000","hPa","34.1","pmil","0","53.442","deg","23.711","°C","100.000","%a.s.","21.016","deg","23.307","°C","1019.000","hPa","0.861","-0.02617","0.00035","0","0","13.56","Humid","22.75","0","51.00","250861.59","SABD0000000001","AAV1.0.0.11","1.1.2.0","PSt7-10","170328-022","9/30/2017 7:09:10 PM","0000-00","0","no battery","V"
"11/03/2018","09:48:53","9","default","550496092","OXY_CH9","24.866","min","249.752","µmol/L","Humid","18.756","deg","79168","µV","26.072","°C","1019.000","hPa","34.1","pmil","0","53.442","deg","23.711","°C","100.000","%a.s.","21.016","deg","23.307","°C","1019.000","hPa","0.861","-0.02617","0.00035","0","0","13.56","Humid","22.75","0","51.00","250857.30","SABD0000000001","AAV1.0.0.11","1.1.2.0","PSt7-10","170328-022","9/30/2017 7:09:10 PM","0000-00","0","no battery","V"
"11/03/2018","09:48:54","9","default","550496092","OXY_CH9","24.883","min","249.730","µmol/L","Humid","18.751","deg","79180","µV","26.092","°C","1019.000","hPa","34.1","pmil","0","53.442","deg","23.711","°C","100.000","%a.s.","21.016","deg","23.307","°C","1019.000","hPa","0.861","-0.02617","0.00035","0","0","13.56","Humid","22.75","0","51.00","250865.92","SABD0000000001","AAV1.0.0.11","1.1.2.0","PSt7-10","170328-022","9/30/2017 7:09:10 PM","0000-00","0","no battery","V"
"11/03/2018","09:48:55","9","default","550496092","OXY_CH9","24.899","min","249.785","µmol/L","Humid","18.748","deg","79180","µV","26.094","°C","1019.000","hPa","34.1","pmil","0","53.442","deg","23.711","°C","100.000","%a.s.","21.016","deg","23.307","°C","1019.000","hPa","0.861","-0.02617","0.00035","0","0","13.56","Humid","22.75","0","51.00","250853.93","SABD0000000001","AAV1.0.0.11","1.1.2.0","PSt7-10","170328-022","9/30/2017 7:09:10 PM","0000-00","0","no battery","V"
"11/03/2018","09:48:56","9","default","550496092","OXY_CH9","24.916","min","249.512","µmol/L","Humid","18.759","deg","79174","µV","26.095","°C","1019.000","hPa","34.1","pmil","0","53.442","deg","23.711","°C","100.000","%a.s.","21.016","deg","23.307","°C","1019.000","hPa","0.861","-0.02617","0.00035","0","0","13.56","Humid","22.75","0","51.00","250852.35","SABD0000000001","AAV1.0.0.11","1.1.2.0","PSt7-10","170328-022","9/30/2017 7:09:10 PM","0000-00","0","no battery","V"
"11/03/2018","09:48:57","9","default","550496092","OXY_CH9","24.932","min","249.514","µmol/L","Humid","18.759","deg","79168","µV","26.095","°C","1019.000","hPa","34.1","pmil","0","53.442","deg","23.711","°C","100.000","%a.s.","21.016","deg","23.307","°C","1019.000","hPa","0.861","-0.02617","0.00035","0","0","13.56","Humid","22.75","0","51.00","250861.08","SABD0000000001","AAV1.0.0.11","1.1.2.0","PSt7-10","170328-022","9/30/2017 7:09:10 PM","0000-00","0","no battery","V"
"11/03/2018","09:48:58","9","default","550496092","OXY_CH9","24.949","min","249.580","µmol/L","Humid","18.756","deg","79170","µV","26.096","°C","1019.000","hPa","34.1","pmil","0","53.442","deg","23.711","°C","100.000","%a.s.","21.016","deg","23.307","°C","1019.000","hPa","0.861","-0.02617","0.00035","0","0","13.56","Humid","22.75","0","51.00","250854.02","SABD0000000001","AAV1.0.0.11","1.1.2.0","PSt7-10","170328-022","9/30/2017 7:09:10 PM","0000-00","0","no battery","V"
"11/03/2018","09:48:59","9","default","550496092","OXY_CH9","24.966","min","249.541","µmol/L","Humid","18.761","deg","79175","µV","26.085","°C","1019.000","hPa","34.1","pmil","0","53.442","deg","23.711","°C","100.000","%a.s.","21.016","deg","23.307","°C","1019.000","hPa","0.861","-0.02617","0.00035","0","0","13.56","Humid","22.75","0","51.00","250852.76","SABD0000000001","AAV1.0.0.11","1.1.2.0","PSt7-10","170328-022","9/30/2017 7:09:10 PM","0000-00","0","no battery","V"
"11/03/2018","09:49:00","9","default","550496092","OXY_CH9","24.983","min","249.610","µmol/L","Humid","18.756","deg","79171","µV","26.092","°C","1019.000","hPa","34.1","pmil","0","53.442","deg","23.711","°C","100.000","%a.s.","21.016","deg","23.307","°C","1019.000","hPa","0.861","-0.02617","0.00035","0","0","13.56","Humid","22.75","0","51.00","250847.06","SABD0000000001","AAV1.0.0.11","1.1.2.0","PSt7-10","170328-022","9/30/2017 7:09:10 PM","0000-00","0","no battery","V"
"11/03/2018","09:49:01","9","default","550496092","OXY_CH9","24.999","min","249.455","µmol/L","Humid","18.760","deg","79174","µV","26.100","°C","1019.000","hPa","34.1","pmil","0","53.442","deg","23.711","°C","100.000","%a.s.","21.016","deg","23.307","°C","1019.000","hPa","0.861","-0.02617","0.00035","0","0","13.56","Humid","22.75","0","51.00","250848.70","SABD0000000001","AAV1.0.0.11","1.1.2.0","PSt7-10","170328-022","9/30/2017 7:09:10 PM","0000-00","0","no battery","V"
"11/03/2018","09:49:02","9","default","550496092","OXY_CH9","25.016","min","249.576","µmol/L","Humid","18.758","deg","79170","µV","26.090","°C","1019.000","hPa","34.1","pmil","0","53.442","deg","23.711","°C","100.000","%a.s.","21.016","deg","23.307","°C","1019.000","hPa","0.861","-0.02617","0.00035","0","0","13.56","Humid","22.75","0","51.00","250846.67","SABD0000000001","AAV1.0.0.11","1.1.2.0","PSt7-10","170328-022","9/30/2017 7:09:10 PM","0000-00","0","no battery","V"
"11/03/2018","09:49:03","9","default","550496092","OXY_CH9","25.033","min","249.517","µmol/L","Humid","18.760","deg","79173","µV","26.091","°C","1019.000","hPa","34.1","pmil","0","53.442","deg","23.711","°C","100.000","%a.s.","21.016","deg","23.307","°C","1019.000","hPa","0.861","-0.02617","0.00035","0","0","13.56","Humid","22.75","0","51.00","250846.89","SABD0000000001","AAV1.0.0.11","1.1.2.0","PSt7-10","170328-022","9/30/2017 7:09:10 PM","0000-00","0","no battery","V"
"11/03/2018","09:49:04","9","default","550496092","OXY_CH9","25.049","min","249.704","µmol/L","Humid","18.753","deg","79173","µV","26.089","°C","1019.000","hPa","34.1","pmil","0","53.442","deg","23.711","°C","100.000","%a.s.","21.016","deg","23.307","°C","1019.000","hPa","0.861","-0.02617","0.00035","0","0","13.56","Humid","22.75","0","51.00","250853.85","SABD0000000001","AAV1.0.0.11","1.1.2.0","PSt7-10","170328-022","9/30/2017 7:09:10 PM","0000-00","0","no battery","V"
"11/03/2018","09:49:05","9","default","550496092","OXY_CH9","25.066","min","249.559","µmol/L","Humid","18.759","deg","79171","µV","26.089","°C","1019.000","hPa","34.1","pmil","0","53.442","deg","23.711","°C","100.000","%a.s.","21.016","deg","23.307","°C","1019.000","hPa","0.861","-0.02617","0.00035","0","0","13.56","Humid","22.75","0","51.00","250850.35","SABD0000000001","AAV1.0.0.11","1.1.2.0","PSt7-10","170328-022","9/30/2017 7:09:10 PM","0000-00","0","no battery","V"
"11/03/2018","09:49:06","9","default","550496092","OXY_CH9","25.082","min","249.542","µmol/L","Humid","18.757","deg","79168","µV","26.098","°C","1019.000","hPa","34.1","pmil","0","53.442","deg","23.711","°C","100.000","%a.s.","21.016","deg","23.307","°C","1019.000","hPa","0.861","-0.02617","0.00035","0","0","13.56","Humid","22.75","0","51.00","250838.90","SABD0000000001","AAV1.0.0.11","1.1.2.0","PSt7-10","170328-022","9/30/2017 7:09:10 PM","0000-00","0","no battery","V"
"11/03/2018","09:49:07","9","default","550496092","OXY_CH9","25.099","min","249.560","µmol/L","Humid","18.758","deg","79168","µV","26.092","°C","1019.000","hPa","34.1","pmil","0","53.442","deg","23.711","°C","100.000","%a.s.","21.016","deg","23.307","°C","1019.000","hPa","0.861","-0.02617","0.00035","0","0","13.56","Humid","22.75","0","51.00","250845.20","SABD0000000001","AAV1.0.0.11","1.1.2.0","PSt7-10","170328-022","9/30/2017 7:09:10 PM","0000-00","0","no battery","V"
"11/03/2018","09:49:08","9","default","550496092","OXY_CH9","25.116","min","249.578","µmol/L","Humid","18.759","deg","79172","µV","26.086","°C","1019.000","hPa","34.1","pmil","0","53.442","deg","23.711","°C","100.000","%a.s.","21.016","deg","23.307","°C","1019.000","hPa","0.861","-0.02617","0.00035","0","0","13.56","Humid","22.75","0","51.00","250848.32","SABD0000000001","AAV1.0.0.11","1.1.2.0","PSt7-10","170328-022","9/30/2017 7:09:10 PM","0000-00","0","no battery","V"
"11/03/2018","09:49:09","9","default","550496092","OXY_CH9","25.133","min","249.658","µmol/L","Humid","18.756","deg","79176","µV","26.085","°C","1019.000","hPa","34.1","pmil","0","53.442","deg","23.711","°C","100.000","%a.s.","21.016","deg","23.307","°C","1019.000","hPa","0.861","-0.02617","0.00035","0","0","13.56","Humid","22.75","0","51.00","250847.50","SABD0000000001","AAV1.0.0.11","1.1.2.0","PSt7-10","170328-022","9/30/2017 7:09:10 PM","0000-00","0","no battery","V"
"11/03/2018","09:49:10","9","default","550496092","OXY_CH9","25.149","min","249.582","µmol/L","Humid","18.756","deg","79172","µV","26.095","°C","1019.000","hPa","34.1","pmil","0","53.442","deg","23.711","°C","100.000","%a.s.","21.016","deg","23.307","°C","1019.000","hPa","0.861","-0.02617","0.00035","0","0","13.56","Humid","22.75","0","51.00","250841.51","SABD0000000001","AAV1.0.0.11","1.1.2.0","PSt7-10","170328-022","9/30/2017 7:09:10 PM","0000-00","0","no battery","V"
"11/03/2018","09:49:11","9","default","550496092","OXY_CH9","25.166","min","249.748","µmol/L","Humid","18.752","deg","79173","µV","26.086","°C","1019.000","hPa","34.1","pmil","0","53.442","deg","23.711","°C","100.000","%a.s.","21.016","deg","23.307","°C","1019.000","hPa","0.861","-0.02617","0.00035","0","0","13.56","Humid","22.75","0","51.00","250849.10","SABD0000000001","AAV1.0.0.11","1.1.2.0","PSt7-10","170328-022","9/30/2017 7:09:10 PM","0000-00","0","no battery","V"
"11/03/2018","09:49:12","9","default","550496092","OXY_CH9","25.183","min","249.649","µmol/L","Humid","18.756","deg","79176","µV","26.086","°C","1019.000","hPa","34.1","pmil","0","53.442","deg","23.711","°C","100.000","%a.s.","21.016","deg","23.307","°C","1019.000","hPa","0.861","-0.02617","0.00035","0","0","13.56","Humid","22.75","0","51.00","250850.60","SABD0000000001","AAV1.0.0.11","1.1.2.0","PSt7-10","170328-022","9/30/2017 7:09:10 PM","0000-00","0","no battery","V"
"11/03/2018","09:49:13","9","default","550496092","OXY_CH9","25.199","min","249.743","µmol/L","Humid","18.755","deg","79178","µV","26.077","°C","1019.000","hPa","34.1","pmil","0","53.442","deg","23.711","°C","100.000","%a.s.","21.016","deg","23.307","°C","1019.000","hPa","0.861","-0.02617","0.00035","0","0","13.56","Humid","22.75","0","51.00","250844.29","SABD0000000001","AAV1.0.0.11","1.1.2.0","PSt7-10","170328-022","9/30/2017 7:09:10 PM","0000-00","0","no battery","V"
"11/03/2018","09:49:14","9","default","550496092","OXY_CH9","25.216","min","249.625","µmol/L","Humid","18.758","deg","79166","µV","26.083","°C","1019.000","hPa","34.1","pmil","0","53.442","deg","23.711","°C","100.000","%a.s.","21.016","deg","23.307","°C","1019.000","hPa","0.861","-0.02617","0.00035","0","0","13.56","Humid","22.75","0","51.00","250842.98","SABD0000000001","AAV1.0.0.11","1.1.2.0","PSt7-10","170328-022","9/30/2017 7:09:10 PM","0000-00","0","no battery","V"
"11/03/2018","09:49:15","9","default","550496092","OXY_CH9","25.232","min","249.699","µmol/L","Humid","18.756","deg","79176","µV","26.080","°C","1019.000","hPa","34.1","pmil","0","53.442","deg","23.711","°C","100.000","%a.s.","21.016","deg","23.307","°C","1019.000","hPa","0.861","-0.02617","0.00035","0","0","13.56","Humid","22.75","0","51.00","250835.58","SABD0000000001","AAV1.0.0.11","1.1.2.0","PSt7-10","170328-022","9/30/2017 7:09:10 PM","0000-00","0","no battery","V"
"11/03/2018","09:49:16","9","default","550496092","OXY_CH9","25.249","min","249.619","µmol/L","Humid","18.756","deg","79172","µV","26.091","°C","1019.000","hPa","34.1","pmil","0","53.442","deg","23.711","°C","100.000","%a.s.","21.016","deg","23.307","°C","1019.000","hPa","0.861","-0.02617","0.00035","0","0","13.56","Humid","22.75","0","51.00","250835.63","SABD0000000001","AAV1.0.0.11","1.1.2.0","PSt7-10","170328-022","9/30/2017 7:09:10 PM","0000-00","0","no battery","V"
"11/03/2018","09:49:17","9","default","550496092","OXY_CH9","25.266","min","249.652","µmol/L","Humid","18.754","deg","79176","µV","26.092","°C","1019.000","hPa","34.1","pmil","0","53.442","deg","23.711","°C","100.000","%a.s.","21.016","deg","23.307","°C","1019.000","hPa","0.861","-0.02617","0.00035","0","0","13.56","Humid","22.75","0","51.00","250853.14","SABD0000000001","AAV1.0.0.11","1.1.2.0","PSt7-10","170328-022","9/30/2017 7:09:10 PM","0000-00","0","no battery","V"
"11/03/2018","09:49:18","9","default","550496092","OXY_CH9","25.283","min","249.555","µmol/L","Humid","18.758","deg","79170","µV","26.093","°C","1019.000","hPa","34.1","pmil","0","53.442","deg","23.711","°C","100.000","%a.s.","21.016","deg","23.307","°C","1019.000","hPa","0.861","-0.02617","0.00035","0","0","13.56","Humid","22.75","0","51.00","250838.21","SABD0000000001","AAV1.0.0.11","1.1.2.0","PSt7-10","170328-022","9/30/2017 7:09:10 PM","0000-00","0","no battery","V"
"11/03/2018","09:49:19","9","default","550496092","OXY_CH9","25.299","min","249.440","µmol/L","Humid","18.761","deg","79169","µV","26.098","°C","1019.000","hPa","34.1","pmil","0","53.442","deg","23.711","°C","100.000","%a.s.","21.016","deg","23.307","°C","1019.000","hPa","0.861","-0.02617","0.00035","0","0","13.56","Humid","22.75","0","51.00","250833.77","SABD0000000001","AAV1.0.0.11","1.1.2.0","PSt7-10","170328-022","9/30/2017 7:09:10 PM","0000-00","0","no battery","V"
"11/03/2018","09:49:20","9","default","550496092","OXY_CH9","25.316","min","249.515","µmol/L","Humid","18.759","deg","79170","µV","26.095","°C","1019.000","hPa","34.1","pmil","0","53.442","deg","23.711","°C","100.000","%a.s.","21.016","deg","23.307","°C","1019.000","hPa","0.861","-0.02617","0.00035","0","0","13.56","Humid","22.75","0","51.00","250828.57","SABD0000000001","AAV1.0.0.11","1.1.2.0","PSt7-10","170328-022","9/30/2017 7:09:10 PM","0000-00","0","no battery","V"
"11/03/2018","09:49:21","9","default","550496092","OXY_CH9","25.333","min","249.518","µmol/L","Humid","18.763","deg","79175","µV","26.081","°C","1019.000","hPa","34.1","pmil","0","53.442","deg","23.711","°C","100.000","%a.s.","21.016","deg","23.307","°C","1019.000","hPa","0.861","-0.02617","0.00035","0","0","13.56","Humid","22.75","0","51.00","250832.47","SABD0000000001","AAV1.0.0.11","1.1.2.0","PSt7-10","170328-022","9/30/2017 7:09:10 PM","0000-00","0","no battery","V"
"11/03/2018","09:49:22","9","default","550496092","OXY_CH9","25.349","min","249.687","µmol/L","Humid","18.755","deg","79175","µV","26.085","°C","1019.000","hPa","34.1","pmil","0","53.442","deg","23.711","°C","100.000","%a.s.","21.016","deg","23.307","°C","1019.000","hPa","0.861","-0.02617","0.00035","0","0","13.56","Humid","22.75","0","51.00","250835.94","SABD0000000001","AAV1.0.0.11","1.1.2.0","PSt7-10","170328-022","9/30/2017 7:09:10 PM","0000-00","0","no battery","V"
"11/03/2018","09:49:23","9","default","550496092","OXY_CH9","25.366","min","249.671","µmol/L","Humid","18.755","deg","79174","µV","26.087","°C","1019.000","hPa","34.1","pmil","0","53.442","deg","23.711","°C","100.000","%a.s.","21.016","deg","23.307","°C","1019.000","hPa","0.861","-0.02617","0.00035","0","0","13.56","Humid","22.75","0","51.00","250841.09","SABD0000000001","AAV1.0.0.11","1.1.2.0","PSt7-10","170328-022","9/30/2017 7:09:10 PM","0000-00","0","no battery","V"
"11/03/2018","09:49:24","9","default","550496092","OXY_CH9","25.382","min","249.495","µmol/L","Humid","18.760","deg","79177","µV","26.094","°C","1019.000","hPa","34.1","pmil","0","53.442","deg","23.711","°C","100.000","%a.s.","21.016","deg","23.307","°C","1019.000","hPa","0.861","-0.02617","0.00035","0","0","13.56","Humid","22.75","0","51.00","250841.11","SABD0000000001","AAV1.0.0.11","1.1.2.0","PSt7-10","170328-022","9/30/2017 7:09:10 PM","0000-00","0","no battery","V"
"11/03/2018","09:49:25","9","default","550496092","OXY_CH9","25.399","min","249.601","µmol/L","Humid","18.756","deg","79173","µV","26.093","°C","1019.000","hPa","34.1","pmil","0","53.442","deg","23.711","°C","100.000","%a.s.","21.016","deg","23.307","°C","1019.000","hPa","0.861","-0.02617","0.00035","0","0","13.56","Humid","22.75","0","51.00","250834.45","SABD0000000001","AAV1.0.0.11","1.1.2.0","PSt7-10","170328-022","9/30/2017 7:09:10 PM","0000-00","0","no battery","V"
"11/03/2018","09:49:26","9","default","550496092","OXY_CH9","25.416","min","249.573","µmol/L","Humid","18.760","deg","79173","µV","26.084","°C","1019.000","hPa","34.1","pmil","0","53.442","deg","23.711","°C","100.000","%a.s.","21.016","deg","23.307","°C","1019.000","hPa","0.861","-0.02617","0.00035","0","0","13.56","Humid","22.75","0","51.00","250837.90","SABD0000000001","AAV1.0.0.11","1.1.2.0","PSt7-10","170328-022","9/30/2017 7:09:10 PM","0000-00","0","no battery","V"
"11/03/2018","09:49:27","9","default","550496092","OXY_CH9","25.433","min","249.533","µmol/L","Humid","18.758","deg","79169","µV","26.096","°C","1019.000","hPa","34.1","pmil","0","53.442","deg","23.711","°C","100.000","%a.s.","21.016","deg","23.307","°C","1019.000","hPa","0.861","-0.02617","0.00035","0","0","13.56","Humid","22.75","0","51.00","250825.26","SABD0000000001","AAV1.0.0.11","1.1.2.0","PSt7-10","170328-022","9/30/2017 7:09:10 PM","0000-00","0","no battery","V"
"11/03/2018","09:49:28","9","default","550496092","OXY_CH9","25.449","min","249.506","µmol/L","Humid","18.760","deg","79181","µV","26.093","°C","1019.000","hPa","34.1","pmil","0","53.442","deg","23.711","°C","100.000","%a.s.","21.016","deg","23.307","°C","1019.000","hPa","0.861","-0.02617","0.00035","0","0","13.56","Humid","22.75","0","51.00","250817.72","SABD0000000001","AAV1.0.0.11","1.1.2.0","PSt7-10","170328-022","9/30/2017 7:09:10 PM","0000-00","0","no battery","V"
"11/03/2018","09:49:29","9","default","550496092","OXY_CH9","25.466","min","249.478","µmol/L","Humid","18.760","deg","79167","µV","26.097","°C","1019.000","hPa","34.1","pmil","0","53.442","deg","23.711","°C","100.000","%a.s.","21.016","deg","23.307","°C","1019.000","hPa","0.861","-0.02617","0.00035","0","0","13.56","Humid","22.75","0","51.00","250825.51","SABD0000000001","AAV1.0.0.11","1.1.2.0","PSt7-10","170328-022","9/30/2017 7:09:10 PM","0000-00","0","no battery","V"
"11/03/2018","09:49:30","9","default","550496092","OXY_CH9","25.482","min","249.659","µmol/L","Humid","18.757","deg","79174","µV","26.082","°C","1019.000","hPa","34.1","pmil","0","53.442","deg","23.711","°C","100.000","%a.s.","21.016","deg","23.307","°C","1019.000","hPa","0.861","-0.02617","0.00035","0","0","13.56","Humid","22.75","0","51.00","250829.76","SABD0000000001","AAV1.0.0.11","1.1.2.0","PSt7-10","170328-022","9/30/2017 7:09:10 PM","0000-00","0","no battery","V"
"11/03/2018","09:49:31","9","default","550496092","OXY_CH9","25.499","min","249.692","µmol/L","Humid","18.753","deg","79171","µV","26.090","°C","1019.000","hPa","34.1","pmil","0","53.442","deg","23.711","°C","100.000","%a.s.","21.016","deg","23.307","°C","1019.000","hPa","0.861","-0.02617","0.00035","0","0","13.56","Humid","22.75","0","51.00","250817.99","SABD0000000001","AAV1.0.0.11","1.1.2.0","PSt7-10","170328-022","9/30/2017 7:09:10 PM","0000-00","0","no battery","V"
"11/03/2018","09:49:32","9","default","550496092","OXY_CH9","25.516","min","249.632","µmol/L","Humid","18.758","deg","79162","µV","26.082","°C","1019.000","hPa","34.1","pmil","0","53.442","deg","23.711","°C","100.000","%a.s.","21.016","deg","23.307","°C","1019.000","hPa","0.861","-0.02617","0.00035","0","0","13.56","Humid","22.75","0","51.00","250814.82","SABD0000000001","AAV1.0.0.11","1.1.2.0","PSt7-10","170328-022","9/30/2017 7:09:10 PM","0000-00","0","no battery","V"
"11/03/2018","09:49:33","9","default","550496092","OXY_CH9","25.532","min","249.602","µmol/L","Humid","18.756","deg","79168","µV","26.093","°C","1019.000","hPa","34.1","pmil","0","53.442","deg","23.711","°C","100.000","%a.s.","21.016","deg","23.307","°C","1019.000","hPa","0.861","-0.02617","0.00035","0","0","13.56","Humid","22.75","0","51.00","250814.97","SABD0000000001","AAV1.0.0.11","1.1.2.0","PSt7-10","170328-022","9/30/2017 7:09:10 PM","0000-00","0","no battery","V"
"11/03/2018","09:49:34","9","default","550496092","OXY_CH9","25.549","min","249.478","µmol/L","Humid","18.759","deg","79165","µV","26.100","°C","1019.000","hPa","34.1","pmil","0","53.442","deg","23.711","°C","100.000","%a.s.","21.016","deg","23.307","°C","1019.000","hPa","0.861","-0.02617","0.00035","0","0","13.56","Humid","22.75","0","51.00","250824.30","SABD0000000001","AAV1.0.0.11","1.1.2.0","PSt7-10","170328-022","9/30/2017 7:09:10 PM","0000-00","0","no battery","V"
"11/03/2018","09:49:35","9","default","550496092","OXY_CH9","25.566","min","249.240","µmol/L","Humid","18.766","deg","79170","µV","26.109","°C","1019.000","hPa","34.1","pmil","0","53.442","deg","23.711","°C","100.000","%a.s.","21.016","deg","23.307","°C","1019.000","hPa","0.861","-0.02617","0.00035","0","0","13.56","Humid","22.75","0","51.00","250818.25","SABD0000000001","AAV1.0.0.11","1.1.2.0","PSt7-10","170328-022","9/30/2017 7:09:10 PM","0000-00","0","no battery","V"
"11/03/2018","09:49:36","9","default","550496092","OXY_CH9","25.583","min","249.691","µmol/L","Humid","18.755","deg","79173","µV","26.084","°C","1019.000","hPa","34.1","pmil","0","53.442","deg","23.711","°C","100.000","%a.s.","21.016","deg","23.307","°C","1019.000","hPa","0.861","-0.02617","0.00035","0","0","13.56","Humid","22.75","0","51.00","250809.65","SABD0000000001","AAV1.0.0.11","1.1.2.0","PSt7-10","170328-022","9/30/2017 7:09:10 PM","0000-00","0","no battery","V"
"11/03/2018","09:49:37","9","default","550496092","OXY_CH9","25.600","min","249.472","µmol/L","Humid","18.761","deg","79172","µV","26.094","°C","1019.000","hPa","34.1","pmil","0","53.442","deg","23.711","°C","100.000","%a.s.","21.016","deg","23.307","°C","1019.000","hPa","0.861","-0.02617","0.00035","0","0","13.56","Humid","22.75","0","51.00","250823.65","SABD0000000001","AAV1.0.0.11","1.1.2.0","PSt7-10","170328-022","9/30/2017 7:09:10 PM","0000-00","0","no battery","V"
"11/03/2018","09:49:38","9","default","550496092","OXY_CH9","25.616","min","249.492","µmol/L","Humid","18.761","deg","79163","µV","26.091","°C","1019.000","hPa","34.1","pmil","0","53.442","deg","23.711","°C","100.000","%a.s.","21.016","deg","23.307","°C","1019.000","hPa","0.861","-0.02617","0.00035","0","0","13.56","Humid","22.75","0","51.00","250816.66","SABD0000000001","AAV1.0.0.11","1.1.2.0","PSt7-10","170328-022","9/30/2017 7:09:10 PM","0000-00","0","no battery","V"
"11/03/2018","09:49:39","9","default","550496092","OXY_CH9","25.632","min","249.551","µmol/L","Humid","18.762","deg","79165","µV","26.080","°C","1019.000","hPa","34.1","pmil","0","53.442","deg","23.711","°C","100.000","%a.s.","21.016","deg","23.307","°C","1019.000","hPa","0.861","-0.02617","0.00035","0","0","13.56","Humid","22.75","0","51.00","250808.43","SABD0000000001","AAV1.0.0.11","1.1.2.0","PSt7-10","170328-022","9/30/2017 7:09:10 PM","0000-00","0","no battery","V"
"11/03/2018","09:49:40","9","default","550496092","OXY_CH9","25.649","min","249.459","µmol/L","Humid","18.765","deg","79164","µV","26.083","°C","1019.000","hPa","34.1","pmil","0","53.442","deg","23.711","°C","100.000","%a.s.","21.016","deg","23.307","°C","1019.000","hPa","0.861","-0.02617","0.00035","0","0","13.56","Humid","22.75","0","51.00","250824.12","SABD0000000001","AAV1.0.0.11","1.1.2.0","PSt7-10","170328-022","9/30/2017 7:09:10 PM","0000-00","0","no battery","V"
"11/03/2018","09:49:41","9","default","550496092","OXY_CH9","25.666","min","249.516","µmol/L","Humid","18.759","deg","79173","µV","26.095","°C","1019.000","hPa","34.1","pmil","0","53.442","deg","23.711","°C","100.000","%a.s.","21.016","deg","23.307","°C","1019.000","hPa","0.861","-0.02617","0.00035","0","0","13.56","Humid","22.75","0","51.00","250814.88","SABD0000000001","AAV1.0.0.11","1.1.2.0","PSt7-10","170328-022","9/30/2017 7:09:10 PM","0000-00","0","no battery","V"
"11/03/2018","09:49:42","9","default","550496092","OXY_CH9","25.682","min","249.575","µmol/L","Humid","18.760","deg","79175","µV","26.083","°C","1019.000","hPa","34.1","pmil","0","53.442","deg","23.711","°C","100.000","%a.s.","21.016","deg","23.307","°C","1019.000","hPa","0.861","-0.02617","0.00035","0","0","13.56","Humid","22.75","0","51.00","250818.52","SABD0000000001","AAV1.0.0.11","1.1.2.0","PSt7-10","170328-022","9/30/2017 7:09:10 PM","0000-00","0","no battery","V"
"11/03/2018","09:49:43","9","default","550496092","OXY_CH9","25.699","min","249.548","µmol/L","Humid","18.762","deg","79173","µV","26.081","°C","1019.000","hPa","34.1","pmil","0","53.442","deg","23.711","°C","100.000","%a.s.","21.016","deg","23.307","°C","1019.000","hPa","0.861","-0.02617","0.00035","0","0","13.56","Humid","22.75","0","51.00","250810.15","SABD0000000001","AAV1.0.0.11","1.1.2.0","PSt7-10","170328-022","9/30/2017 7:09:10 PM","0000-00","0","no battery","V"
"11/03/2018","09:49:44","9","default","550496092","OXY_CH9","25.716","min","249.357","µmol/L","Humid","18.766","deg","79169","µV","26.093","°C","1019.000","hPa","34.1","pmil","0","53.442","deg","23.711","°C","100.000","%a.s.","21.016","deg","23.307","°C","1019.000","hPa","0.861","-0.02617","0.00035","0","0","13.56","Humid","22.75","0","51.00","250830.04","SABD0000000001","AAV1.0.0.11","1.1.2.0","PSt7-10","170328-022","9/30/2017 7:09:10 PM","0000-00","0","no battery","V"
"11/03/2018","09:49:45","9","default","550496092","OXY_CH9","25.733","min","249.602","µmol/L","Humid","18.758","deg","79177","µV","26.086","°C","1019.000","hPa","34.1","pmil","0","53.442","deg","23.711","°C","100.000","%a.s.","21.016","deg","23.307","°C","1019.000","hPa","0.861","-0.02617","0.00035","0","0","13.56","Humid","22.75","0","51.00","250821.75","SABD0000000001","AAV1.0.0.11","1.1.2.0","PSt7-10","170328-022","9/30/2017 7:09:10 PM","0000-00","0","no battery","V"
"11/03/2018","09:49:46","9","default","550496092","OXY_CH9","25.749","min","249.508","µmol/L","Humid","18.763","deg","79173","µV","26.083","°C","1019.000","hPa","34.1","pmil","0","53.442","deg","23.711","°C","100.000","%a.s.","21.016","deg","23.307","°C","1019.000","hPa","0.861","-0.02617","0.00035","0","0","13.56","Humid","22.75","0","51.00","250825.07","SABD0000000001","AAV1.0.0.11","1.1.2.0","PSt7-10","170328-022","9/30/2017 7:09:10 PM","0000-00","0","no battery","V"
"11/03/2018","09:49:47","9","default","550496092","OXY_CH9","25.765","min","249.591","µmol/L","Humid","18.761","deg","79175","µV","26.078","°C","1019.000","hPa","34.1","pmil","0","53.442","deg","23.711","°C","100.000","%a.s.","21.016","deg","23.307","°C","1019.000","hPa","0.861","-0.02617","0.00035","0","0","13.56","Humid","22.75","0","51.00","250803.10","SABD0000000001","AAV1.0.0.11","1.1.2.0","PSt7-10","170328-022","9/30/2017 7:09:10 PM","0000-00","0","no battery","V"
"11/03/2018","09:49:48","9","default","550496092","OXY_CH9","25.782","min","249.551","µmol/L","Humid","18.761","deg","79177","µV","26.083","°C","1019.000","hPa","34.1","pmil","0","53.442","deg","23.711","°C","100.000","%a.s.","21.016","deg","23.307","°C","1019.000","hPa","0.861","-0.02617","0.00035","0","0","13.56","Humid","22.75","0","51.00","250820.49","SABD0000000001","AAV1.0.0.11","1.1.2.0","PSt7-10","170328-022","9/30/2017 7:09:10 PM","0000-00","0","no battery","V"
"11/03/2018","09:49:49","9","default","550496092","OXY_CH9","25.799","min","249.373","µmol/L","Humid","18.765","deg","79171","µV","26.095","°C","1019.000","hPa","34.1","pmil","0","53.442","deg","23.711","°C","100.000","%a.s.","21.016","deg","23.307","°C","1019.000","hPa","0.861","-0.02617","0.00035","0","0","13.56","Humid","22.75","0","51.00","250816.05","SABD0000000001","AAV1.0.0.11","1.1.2.0","PSt7-10","170328-022","9/30/2017 7:09:10 PM","0000-00","0","no battery","V"
"11/03/2018","09:49:50","9","default","550496092","OXY_CH9","25.816","min","249.570","µmol/L","Humid","18.761","deg","79173","µV","26.081","°C","1019.000","hPa","34.1","pmil","0","53.442","deg","23.711","°C","100.000","%a.s.","21.016","deg","23.307","°C","1019.000","hPa","0.861","-0.02617","0.00035","0","0","13.56","Humid","22.75","0","51.00","250816.25","SABD0000000001","AAV1.0.0.11","1.1.2.0","PSt7-10","170328-022","9/30/2017 7:09:10 PM","0000-00","0","no battery","V"
"11/03/2018","09:49:51","9","default","550496092","OXY_CH9","25.833","min","249.613","µmol/L","Humid","18.760","deg","79171","µV","26.078","°C","1019.000","hPa","34.1","pmil","0","53.442","deg","23.711","°C","100.000","%a.s.","21.016","deg","23.307","°C","1019.000","hPa","0.861","-0.02617","0.00035","0","0","13.56","Humid","22.75","0","51.00","250821.69","SABD0000000001","AAV1.0.0.11","1.1.2.0","PSt7-10","170328-022","9/30/2017 7:09:10 PM","0000-00","0","no battery","V"
"11/03/2018","09:49:52","9","default","550496092","OXY_CH9","25.849","min","249.510","µmol/L","Humid","18.766","deg","79168","µV","26.073","°C","1019.000","hPa","34.1","pmil","0","53.442","deg","23.711","°C","100.000","%a.s.","21.016","deg","23.307","°C","1019.000","hPa","0.861","-0.02617","0.00035","0","0","13.56","Humid","22.75","0","51.00","250815.87","SABD0000000001","AAV1.0.0.11","1.1.2.0","PSt7-10","170328-022","9/30/2017 7:09:10 PM","0000-00","0","no battery","V"
"11/03/2018","09:49:53","9","default","550496092","OXY_CH9","25.866","min","249.492","µmol/L","Humid","18.761","deg","79171","µV","26.091","°C","1019.000","hPa","34.1","pmil","0","53.442","deg","23.711","°C","100.000","%a.s.","21.016","deg","23.307","°C","1019.000","hPa","0.861","-0.02617","0.00035","0","0","13.56","Humid","22.75","0","51.00","250815.79","SABD0000000001","AAV1.0.0.11","1.1.2.0","PSt7-10","170328-022","9/30/2017 7:09:10 PM","0000-00","0","no battery","V"
"11/03/2018","09:49:54","9","default","550496092","OXY_CH9","25.883","min","249.491","µmol/L","Humid","18.761","deg","79166","µV","26.091","°C","1019.000","hPa","34.1","pmil","0","53.442","deg","23.711","°C","100.000","%a.s.","21.016","deg","23.307","°C","1019.000","hPa","0.861","-0.02617","0.00035","0","0","13.56","Humid","22.75","0","51.00","250816.17","SABD0000000001","AAV1.0.0.11","1.1.2.0","PSt7-10","170328-022","9/30/2017 7:09:10 PM","0000-00","0","no battery","V"
"11/03/2018","09:49:55","9","default","550496092","OXY_CH9","25.899","min","249.514","µmol/L","Humid","18.761","deg","79165","µV","26.088","°C","1019.000","hPa","34.1","pmil","0","53.442","deg","23.711","°C","100.000","%a.s.","21.016","deg","23.307","°C","1019.000","hPa","0.861","-0.02617","0.00035","0","0","13.56","Humid","22.75","0","51.00","250803.15","SABD0000000001","AAV1.0.0.11","1.1.2.0","PSt7-10","170328-022","9/30/2017 7:09:10 PM","0000-00","0","no battery","V"
"11/03/2018","09:49:56","9","default","550496092","OXY_CH9","25.916","min","249.454","µmol/L","Humid","18.764","deg","79166","µV","26.087","°C","1019.000","hPa","34.1","pmil","0","53.442","deg","23.711","°C","100.000","%a.s.","21.016","deg","23.307","°C","1019.000","hPa","0.861","-0.02617","0.00035","0","0","13.56","Humid","22.75","0","51.00","250815.71","SABD0000000001","AAV1.0.0.11","1.1.2.0","PSt7-10","170328-022","9/30/2017 7:09:10 PM","0000-00","0","no battery","V"
"11/03/2018","09:49:57","9","default","550496092","OXY_CH9","25.932","min","249.512","µmol/L","Humid","18.760","deg","79170","µV","26.092","°C","1019.000","hPa","34.1","pmil","0","53.442","deg","23.711","°C","100.000","%a.s.","21.016","deg","23.307","°C","1019.000","hPa","0.861","-0.02617","0.00035","0","0","13.56","Humid","22.75","0","51.00","250804.25","SABD0000000001","AAV1.0.0.11","1.1.2.0","PSt7-10","170328-022","9/30/2017 7:09:10 PM","0000-00","0","no battery","V"
"11/03/2018","09:49:58","9","default","550496092","OXY_CH9","25.949","min","249.579","µmol/L","Humid","18.758","deg","79161","µV","26.089","°C","1019.000","hPa","34.1","pmil","0","53.442","deg","23.711","°C","100.000","%a.s.","21.016","deg","23.307","°C","1019.000","hPa","0.861","-0.02617","0.00035","0","0","13.56","Humid","22.75","0","51.00","250804.00","SABD0000000001","AAV1.0.0.11","1.1.2.0","PSt7-10","170328-022","9/30/2017 7:09:10 PM","0000-00","0","no battery","V"
"11/03/2018","09:49:59","9","default","550496092","OXY_CH9","25.966","min","249.514","µmol/L","Humid","18.760","deg","79168","µV","26.092","°C","1019.000","hPa","34.1","pmil","0","53.442","deg","23.711","°C","100.000","%a.s.","21.016","deg","23.307","°C","1019.000","hPa","0.861","-0.02617","0.00035","0","0","13.56","Humid","22.75","0","51.00","250803.62","SABD0000000001","AAV1.0.0.11","1.1.2.0","PSt7-10","170328-022","9/30/2017 7:09:10 PM","0000-00","0","no battery","V"
"11/03/2018","09:50:00","9","default","550496092","OXY_CH9","25.983","min","249.375","µmol/L","Humid","18.765","deg","79167","µV","26.094","°C","1019.000","hPa","34.1","pmil","0","53.442","deg","23.711","°C","100.000","%a.s.","21.016","deg","23.307","°C","1019.000","hPa","0.861","-0.02617","0.00035","0","0","13.56","Humid","22.75","0","51.00","250797.35","SABD0000000001","AAV1.0.0.11","1.1.2.0","PSt7-10","170328-022","9/30/2017 7:09:10 PM","0000-00","0","no battery","V"
"11/03/2018","09:50:01","9","default","550496092","OXY_CH9","25.999","min","249.402","µmol/L","Humid","18.764","deg","79167","µV","26.094","°C","1019.000","hPa","34.1","pmil","0","53.442","deg","23.711","°C","100.000","%a.s.","21.016","deg","23.307","°C","1019.000","hPa","0.861","-0.02617","0.00035","0","0","13.56","Humid","22.75","0","51.00","250794.47","SABD0000000001","AAV1.0.0.11","1.1.2.0","PSt7-10","170328-022","9/30/2017 7:09:10 PM","0000-00","0","no battery","V"
"11/03/2018","09:50:02","9","default","550496092","OXY_CH9","26.016","min","249.261","µmol/L","Humid","18.769","deg","79167","µV","26.097","°C","1019.000","hPa","34.1","pmil","0","53.442","deg","23.711","°C","100.000","%a.s.","21.016","deg","23.307","°C","1019.000","hPa","0.861","-0.02617","0.00035","0","0","13.56","Humid","22.75","0","51.00","250801.99","SABD0000000001","AAV1.0.0.11","1.1.2.0","PSt7-10","170328-022","9/30/2017 7:09:10 PM","0000-00","0","no battery","V"
"11/03/2018","09:50:03","9","default","550496092","OXY_CH9","26.033","min","249.611","µmol/L","Humid","18.758","deg","79165","µV","26.085","°C","1019.000","hPa","34.1","pmil","0","53.442","deg","23.711","°C","100.000","%a.s.","21.016","deg","23.307","°C","1019.000","hPa","0.861","-0.02617","0.00035","0","0","13.56","Humid","22.75","0","51.00","250803.57","SABD0000000001","AAV1.0.0.11","1.1.2.0","PSt7-10","170328-022","9/30/2017 7:09:10 PM","0000-00","0","no battery","V"
"11/03/2018","09:50:04","9","default","550496092","OXY_CH9","26.049","min","249.460","µmol/L","Humid","18.761","deg","79163","µV","26.096","°C","1019.000","hPa","34.1","pmil","0","53.442","deg","23.711","°C","100.000","%a.s.","21.016","deg","23.307","°C","1019.000","hPa","0.861","-0.02617","0.00035","0","0","13.56","Humid","22.75","0","51.00","250798.50","SABD0000000001","AAV1.0.0.11","1.1.2.0","PSt7-10","170328-022","9/30/2017 7:09:10 PM","0000-00","0","no battery","V"
"11/03/2018","09:50:05","9","default","550496092","OXY_CH9","26.066","min","249.499","µmol/L","Humid","18.762","deg","79165","µV","26.087","°C","1019.000","hPa","34.1","pmil","0","53.442","deg","23.711","°C","100.000","%a.s.","21.016","deg","23.307","°C","1019.000","hPa","0.861","-0.02617","0.00035","0","0","13.56","Humid","22.75","0","51.00","250804.92","SABD0000000001","AAV1.0.0.11","1.1.2.0","PSt7-10","170328-022","9/30/2017 7:09:10 PM","0000-00","0","no battery","V"
"11/03/2018","09:50:06","9","default","550496092","OXY_CH9","26.082","min","249.633","µmol/L","Humid","18.760","deg","79169","µV","26.076","°C","1019.000","hPa","34.1","pmil","0","53.442","deg","23.711","°C","100.000","%a.s.","21.016","deg","23.307","°C","1019.000","hPa","0.861","-0.02617","0.00035","0","0","13.56","Humid","22.75","0","51.00","250797.98","SABD0000000001","AAV1.0.0.11","1.1.2.0","PSt7-10","170328-022","9/30/2017 7:09:10 PM","0000-00","0","no battery","V"
"11/03/2018","09:50:07","9","default","550496092","OXY_CH9","26.099","min","249.573","µmol/L","Humid","18.763","deg","79168","µV","26.074","°C","1019.000","hPa","34.1","pmil","0","53.442","deg","23.711","°C","100.000","%a.s.","21.016","deg","23.307","°C","1019.000","hPa","0.861","-0.02617","0.00035","0","0","13.56","Humid","22.75","0","51.00","250801.08","SABD0000000001","AAV1.0.0.11","1.1.2.0","PSt7-10","170328-022","9/30/2017 7:09:10 PM","0000-00","0","no battery","V"
"11/03/2018","09:50:08","9","default","550496092","OXY_CH9","26.116","min","249.425","µmol/L","Humid","18.766","deg","79167","µV","26.084","°C","1019.000","hPa","34.1","pmil","0","53.442","deg","23.711","°C","100.000","%a.s.","21.016","deg","23.307","°C","1019.000","hPa","0.861","-0.02617","0.00035","0","0","13.56","Humid","22.75","0","51.00","250792.60","SABD0000000001","AAV1.0.0.11","1.1.2.0","PSt7-10","170328-022","9/30/2017 7:09:10 PM","0000-00","0","no battery","V"
"11/03/2018","09:50:09","9","default","550496092","OXY_CH9","26.133","min","249.442","µmol/L","Humid","18.766","deg","79168","µV","26.082","°C","1019.000","hPa","34.1","pmil","0","53.442","deg","23.711","°C","100.000","%a.s.","21.016","deg","23.307","°C","1019.000","hPa","0.861","-0.02617","0.00035","0","0","13.56","Humid","22.75","0","51.00","250801.92","SABD0000000001","AAV1.0.0.11","1.1.2.0","PSt7-10","170328-022","9/30/2017 7:09:10 PM","0000-00","0","no battery","V"
"11/03/2018","09:50:10","9","default","550496092","OXY_CH9","26.149","min","249.539","µmol/L","Humid","18.764","deg","79166","µV","26.075","°C","1019.000","hPa","34.1","pmil","0","53.442","deg","23.711","°C","100.000","%a.s.","21.016","deg","23.307","°C","1019.000","hPa","0.861","-0.02617","0.00035","0","0","13.56","Humid","22.75","0","51.00","250785.98","SABD0000000001","AAV1.0.0.11","1.1.2.0","PSt7-10","170328-022","9/30/2017 7:09:10 PM","0000-00","0","no battery","V"
"11/03/2018","09:50:11","9","default","550496092","OXY_CH9","26.166","min","249.470","µmol/L","Humid","18.766","deg","79158","µV","26.078","°C","1019.000","hPa","34.1","pmil","0","53.442","deg","23.711","°C","100.000","%a.s.","21.016","deg","23.307","°C","1019.000","hPa","0.861","-0.02617","0.00035","0","0","13.56","Humid","22.75","0","51.00","250786.96","SABD0000000001","AAV1.0.0.11","1.1.2.0","PSt7-10","170328-022","9/30/2017 7:09:10 PM","0000-00","0","no battery","V"
"11/03/2018","09:50:12","9","default","550496092","OXY_CH9","26.183","min","249.431","µmol/L","Humid","18.762","deg","79168","µV","26.096","°C","1019.000","hPa","34.1","pmil","0","53.442","deg","23.711","°C","100.000","%a.s.","21.016","deg","23.307","°C","1019.000","hPa","0.861","-0.02617","0.00035","0","0","13.56","Humid","22.75","0","51.00","250784.67","SABD0000000001","AAV1.0.0.11","1.1.2.0","PSt7-10","170328-022","9/30/2017 7:09:10 PM","0000-00","0","no battery","V"
"11/03/2018","09:50:13","9","default","550496092","OXY_CH9","26.199","min","249.469","µmol/L","Humid","18.762","deg","79171","µV","26.091","°C","1019.000","hPa","34.1","pmil","0","53.442","deg","23.711","°C","100.000","%a.s.","21.016","deg","23.307","°C","1019.000","hPa","0.861","-0.02617","0.00035","0","0","13.56","Humid","22.75","0","51.00","250784.21","SABD0000000001","AAV1.0.0.11","1.1.2.0","PSt7-10","170328-022","9/30/2017 7:09:10 PM","0000-00","0","no battery","V"
"11/03/2018","09:50:14","9","default","550496092","OXY_CH9","26.215","min","249.442","µmol/L","Humid","18.763","deg","79170","µV","26.092","°C","1019.000","hPa","34.1","pmil","0","53.442","deg","23.711","°C","100.000","%a.s.","21.016","deg","23.307","°C","1019.000","hPa","0.861","-0.02617","0.00035","0","0","13.56","Humid","22.75","0","51.00","250783.23","SABD0000000001","AAV1.0.0.11","1.1.2.0","PSt7-10","170328-022","9/30/2017 7:09:10 PM","0000-00","0","no battery","V"
"11/03/2018","09:50:15","9","default","550496092","OXY_CH9","26.232","min","249.421","µmol/L","Humid","18.765","deg","79169","µV","26.088","°C","1019.000","hPa","34.1","pmil","0","53.442","deg","23.711","°C","100.000","%a.s.","21.016","deg","23.307","°C","1019.000","hPa","0.861","-0.02617","0.00035","0","0","13.56","Humid","22.75","0","51.00","250775.48","SABD0000000001","AAV1.0.0.11","1.1.2.0","PSt7-10","170328-022","9/30/2017 7:09:10 PM","0000-00","0","no battery","V"
"11/03/2018","09:50:16","9","default","550496092","OXY_CH9","26.249","min","249.471","µmol/L","Humid","18.761","deg","79163","µV","26.094","°C","1019.000","hPa","34.1","pmil","0","53.442","deg","23.711","°C","100.000","%a.s.","21.016","deg","23.307","°C","1019.000","hPa","0.861","-0.02617","0.00035","0","0","13.56","Humid","22.75","0","51.00","250795.88","SABD0000000001","AAV1.0.0.11","1.1.2.0","PSt7-10","170328-022","9/30/2017 7:09:10 PM","0000-00","0","no battery","V"
"11/03/2018","09:50:17","9","default","550496092","OXY_CH9","26.266","min","249.405","µmol/L","Humid","18.766","deg","79161","µV","26.087","°C","1019.000","hPa","34.1","pmil","0","53.442","deg","23.711","°C","100.000","%a.s.","21.016","deg","23.307","°C","1019.000","hPa","0.861","-0.02617","0.00035","0","0","13.56","Humid","22.75","0","51.00","250792.27","SABD0000000001","AAV1.0.0.11","1.1.2.0","PSt7-10","170328-022","9/30/2017 7:09:10 PM","0000-00","0","no battery","V"
"11/03/2018","09:50:18","9","default","550496092","OXY_CH9","26.283","min","249.445","µmol/L","Humid","18.766","deg","79165","µV","26.082","°C","1019.000","hPa","34.1","pmil","0","53.442","deg","23.711","°C","100.000","%a.s.","21.016","deg","23.307","°C","1019.000","hPa","0.861","-0.02617","0.00035","0","0","13.56","Humid","22.75","0","51.00","250784.76","SABD0000000001","AAV1.0.0.11","1.1.2.0","PSt7-10","170328-022","9/30/2017 7:09:10 PM","0000-00","0","no battery","V"
"11/03/2018","09:50:19","9","default","550496092","OXY_CH9","26.299","min","249.539","µmol/L","Humid","18.762","deg","79156","µV","26.082","°C","1019.000","hPa","34.1","pmil","0","53.442","deg","23.711","°C","100.000","%a.s.","21.016","deg","23.307","°C","1019.000","hPa","0.861","-0.02617","0.00035","0","0","13.56","Humid","22.75","0","51.00","250769.28","SABD0000000001","AAV1.0.0.11","1.1.2.0","PSt7-10","170328-022","9/30/2017 7:09:10 PM","0000-00","0","no battery","V"
"11/03/2018","09:50:20","9","default","550496092","OXY_CH9","26.316","min","249.617","µmol/L","Humid","18.763","deg","79160","µV","26.068","°C","1019.000","hPa","34.1","pmil","0","53.442","deg","23.711","°C","100.000","%a.s.","21.016","deg","23.307","°C","1019.000","hPa","0.861","-0.02617","0.00035","0","0","13.56","Humid","22.75","0","51.00","250786.87","SABD0000000001","AAV1.0.0.11","1.1.2.0","PSt7-10","170328-022","9/30/2017 7:09:10 PM","0000-00","0","no battery","V"
"11/03/2018","09:50:21","9","default","550496092","OXY_CH9","26.333","min","249.355","µmol/L","Humid","18.768","deg","79169","µV","26.087","°C","1019.000","hPa","34.1","pmil","0","53.442","deg","23.711","°C","100.000","%a.s.","21.016","deg","23.307","°C","1019.000","hPa","0.861","-0.02617","0.00035","0","0","13.56","Humid","22.75","0","51.00","250778.21","SABD0000000001","AAV1.0.0.11","1.1.2.0","PSt7-10","170328-022","9/30/2017 7:09:10 PM","0000-00","0","no battery","V"
"11/03/2018","09:50:22","9","default","550496092","OXY_CH9","26.349","min","249.412","µmol/L","Humid","18.763","deg","79169","µV","26.096","°C","1019.000","hPa","34.1","pmil","0","53.442","deg","23.711","°C","100.000","%a.s.","21.016","deg","23.307","°C","1019.000","hPa","0.861","-0.02617","0.00035","0","0","13.56","Humid","22.75","0","51.00","250777.12","SABD0000000001","AAV1.0.0.11","1.1.2.0","PSt7-10","170328-022","9/30/2017 7:09:10 PM","0000-00","0","no battery","V"
"11/03/2018","09:50:23","9","default","550496092","OXY_CH9","26.365","min","249.485","µmol/L","Humid","18.764","deg","79159","µV","26.083","°C","1019.000","hPa","34.1","pmil","0","53.442","deg","23.711","°C","100.000","%a.s.","21.016","deg","23.307","°C","1019.000","hPa","0.861","-0.02617","0.00035","0","0","13.56","Humid","22.75","0","51.00","250771.59","SABD0000000001","AAV1.0.0.11","1.1.2.0","PSt7-10","170328-022","9/30/2017 7:09:10 PM","0000-00","0","no battery","V"
"11/03/2018","09:50:24","9","default","550496092","OXY_CH9","26.382","min","249.518","µmol/L","Humid","18.764","deg","79167","µV","26.078","°C","1019.000","hPa","34.1","pmil","0","53.442","deg","23.711","°C","100.000","%a.s.","21.016","deg","23.307","°C","1019.000","hPa","0.861","-0.02617","0.00035","0","0","13.56","Humid","22.75","0","51.00","250780.32","SABD0000000001","AAV1.0.0.11","1.1.2.0","PSt7-10","170328-022","9/30/2017 7:09:10 PM","0000-00","0","no battery","V"
"11/03/2018","09:50:25","9","default","550496092","OXY_CH9","26.399","min","249.432","µmol/L","Humid","18.770","deg","79167","µV","26.070","°C","1019.000","hPa","34.1","pmil","0","53.442","deg","23.711","°C","100.000","%a.s.","21.016","deg","23.307","°C","1019.000","hPa","0.861","-0.02617","0.00035","0","0","13.56","Humid","22.75","0","51.00","250785.17","SABD0000000001","AAV1.0.0.11","1.1.2.0","PSt7-10","170328-022","9/30/2017 7:09:10 PM","0000-00","0","no battery","V"
"11/03/2018","09:50:26","9","default","550496092","OXY_CH9","26.416","min","249.408","µmol/L","Humid","18.767","deg","79164","µV","26.083","°C","1019.000","hPa","34.1","pmil","0","53.442","deg","23.711","°C","100.000","%a.s.","21.016","deg","23.307","°C","1019.000","hPa","0.861","-0.02617","0.00035","0","0","13.56","Humid","22.75","0","51.00","250778.32","SABD0000000001","AAV1.0.0.11","1.1.2.0","PSt7-10","170328-022","9/30/2017 7:09:10 PM","0000-00","0","no battery","V"
"11/03/2018","09:50:27","9","default","550496092","OXY_CH9","26.433","min","249.397","µmol/L","Humid","18.767","deg","79165","µV","26.085","°C","1019.000","hPa","34.1","pmil","0","53.442","deg","23.711","°C","100.000","%a.s.","21.016","deg","23.307","°C","1019.000","hPa","0.861","-0.02617","0.00035","0","0","13.56","Humid","22.75","0","51.00","250765.68","SABD0000000001","AAV1.0.0.11","1.1.2.0","PSt7-10","170328-022","9/30/2017 7:09:10 PM","0000-00","0","no battery","V"
"11/03/2018","09:50:28","9","default","550496092","OXY_CH9","26.449","min","249.395","µmol/L","Humid","18.767","deg","79160","µV","26.085","°C","1019.000","hPa","34.1","pmil","0","53.442","deg","23.711","°C","100.000","%a.s.","21.016","deg","23.307","°C","1019.000","hPa","0.861","-0.02617","0.00035","0","0","13.56","Humid","22.75","0","51.00","250778.94","SABD0000000001","AAV1.0.0.11","1.1.2.0","PSt7-10","170328-022","9/30/2017 7:09:10 PM","0000-00","0","no battery","V"
"11/03/2018","09:50:29","9","default","550496092","OXY_CH9","26.466","min","249.466","µmol/L","Humid","18.765","deg","79161","µV","26.082","°C","1019.000","hPa","34.1","pmil","0","53.442","deg","23.711","°C","100.000","%a.s.","21.016","deg","23.307","°C","1019.000","hPa","0.861","-0.02617","0.00035","0","0","13.56","Humid","22.75","0","51.00","250761.69","SABD0000000001","AAV1.0.0.11","1.1.2.0","PSt7-10","170328-022","9/30/2017 7:09:10 PM","0000-00","0","no battery","V"
"11/03/2018","09:50:30","9","default","550496092","OXY_CH9","26.483","min","249.565","µmol/L","Humid","18.764","deg","79163","µV","26.072","°C","1019.000","hPa","34.1","pmil","0","53.442","deg","23.711","°C","100.000","%a.s.","21.016","deg","23.307","°C","1019.000","hPa","0.861","-0.02617","0.00035","0","0","13.56","Humid","22.75","0","51.00","250765.35","SABD0000000001","AAV1.0.0.11","1.1.2.0","PSt7-10","170328-022","9/30/2017 7:09:10 PM","0000-00","0","no battery","V"
"11/03/2018","09:50:31","9","default","550496092","OXY_CH9","26.499","min","249.370","µmol/L","Humid","18.766","deg","79169","µV","26.092","°C","1019.000","hPa","34.1","pmil","0","53.442","deg","23.711","°C","100.000","%a.s.","21.016","deg","23.307","°C","1019.000","hPa","0.861","-0.02617","0.00035","0","0","13.56","Humid","22.75","0","51.00","250774.29","SABD0000000001","AAV1.0.0.11","1.1.2.0","PSt7-10","170328-022","9/30/2017 7:09:10 PM","0000-00","0","no battery","V"
"11/03/2018","09:50:32","9","default","550496092","OXY_CH9","26.515","min","249.339","µmol/L","Humid","18.764","deg","79162","µV","26.102","°C","1019.000","hPa","34.1","pmil","0","53.442","deg","23.711","°C","100.000","%a.s.","21.016","deg","23.307","°C","1019.000","hPa","0.861","-0.02617","0.00035","0","0","13.56","Humid","22.75","0","51.00","250772.02","SABD0000000001","AAV1.0.0.11","1.1.2.0","PSt7-10","170328-022","9/30/2017 7:09:10 PM","0000-00","0","no battery","V"
"11/03/2018","09:50:33","9","default","550496092","OXY_CH9","26.532","min","249.362","µmol/L","Humid","18.764","deg","79162","µV","26.099","°C","1019.000","hPa","34.1","pmil","0","53.442","deg","23.711","°C","100.000","%a.s.","21.016","deg","23.307","°C","1019.000","hPa","0.861","-0.02617","0.00035","0","0","13.56","Humid","22.75","0","51.00","250760.83","SABD0000000001","AAV1.0.0.11","1.1.2.0","PSt7-10","170328-022","9/30/2017 7:09:10 PM","0000-00","0","no battery","V"
"11/03/2018","09:50:34","9","default","550496092","OXY_CH9","26.549","min","249.483","µmol/L","Humid","18.764","deg","79164","µV","26.083","°C","1019.000","hPa","34.1","pmil","0","53.442","deg","23.711","°C","100.000","%a.s.","21.016","deg","23.307","°C","1019.000","hPa","0.861","-0.02617","0.00035","0","0","13.56","Humid","22.75","0","51.00","250765.46","SABD0000000001","AAV1.0.0.11","1.1.2.0","PSt7-10","170328-022","9/30/2017 7:09:10 PM","0000-00","0","no battery","V"
"11/03/2018","09:50:35","9","default","550496092","OXY_CH9","26.566","min","249.401","µmol/L","Humid","18.765","deg","79166","µV","26.091","°C","1019.000","hPa","34.1","pmil","0","53.442","deg","23.711","°C","100.000","%a.s.","21.016","deg","23.307","°C","1019.000","hPa","0.861","-0.02617","0.00035","0","0","13.56","Humid","22.75","0","51.00","250765.27","SABD0000000001","AAV1.0.0.11","1.1.2.0","PSt7-10","170328-022","9/30/2017 7:09:10 PM","0000-00","0","no battery","V"
"11/03/2018","09:50:36","9","default","550496092","OXY_CH9","26.582","min","249.472","µmol/L","Humid","18.761","deg","79162","µV","26.094","°C","1019.000","hPa","34.1","pmil","0","53.442","deg","23.711","°C","100.000","%a.s.","21.016","deg","23.307","°C","1019.000","hPa","0.861","-0.02617","0.00035","0","0","13.56","Humid","22.75","0","51.00","250760.58","SABD0000000001","AAV1.0.0.11","1.1.2.0","PSt7-10","170328-022","9/30/2017 7:09:10 PM","0000-00","0","no battery","V"
"11/03/2018","09:50:37","9","default","550496092","OXY_CH9","26.599","min","249.495","µmol/L","Humid","18.764","deg","79156","µV","26.081","°C","1019.000","hPa","34.1","pmil","0","53.442","deg","23.711","°C","100.000","%a.s.","21.016","deg","23.307","°C","1019.000","hPa","0.861","-0.02617","0.00035","0","0","13.56","Humid","22.75","0","51.00","250756.64","SABD0000000001","AAV1.0.0.11","1.1.2.0","PSt7-10","170328-022","9/30/2017 7:09:10 PM","0000-00","0","no battery","V"
"11/03/2018","09:50:38","9","default","550496092","OXY_CH9","26.616","min","249.412","µmol/L","Humid","18.765","deg","79161","µV","26.089","°C","1019.000","hPa","34.1","pmil","0","53.442","deg","23.711","°C","100.000","%a.s.","21.016","deg","23.307","°C","1019.000","hPa","0.861","-0.02617","0.00035","0","0","13.56","Humid","22.75","0","51.00","250768.93","SABD0000000001","AAV1.0.0.11","1.1.2.0","PSt7-10","170328-022","9/30/2017 7:09:10 PM","0000-00","0","no battery","V"
"11/03/2018","09:50:39","9","default","550496092","OXY_CH9","26.633","min","249.322","µmol/L","Humid","18.768","deg","79162","µV","26.092","°C","1019.000","hPa","34.1","pmil","0","53.442","deg","23.711","°C","100.000","%a.s.","21.016","deg","23.307","°C","1019.000","hPa","0.861","-0.02617","0.00035","0","0","13.56","Humid","22.75","0","51.00","250767.51","SABD0000000001","AAV1.0.0.11","1.1.2.0","PSt7-10","170328-022","9/30/2017 7:09:10 PM","0000-00","0","no battery","V"
"11/03/2018","09:50:40","9","default","550496092","OXY_CH9","26.649","min","249.377","µmol/L","Humid","18.764","deg","79165","µV","26.097","°C","1019.000","hPa","34.1","pmil","0","53.442","deg","23.711","°C","100.000","%a.s.","21.016","deg","23.307","°C","1019.000","hPa","0.861","-0.02617","0.00035","0","0","13.56","Humid","22.75","0","51.00","250761.46","SABD0000000001","AAV1.0.0.11","1.1.2.0","PSt7-10","170328-022","9/30/2017 7:09:10 PM","0000-00","0","no battery","V"
"11/03/2018","09:50:41","9","default","550496092","OXY_CH9","26.665","min","249.345","µmol/L","Humid","18.766","deg","79162","µV","26.095","°C","1019.000","hPa","34.1","pmil","0","53.442","deg","23.711","°C","100.000","%a.s.","21.016","deg","23.307","°C","1019.000","hPa","0.861","-0.02617","0.00035","0","0","13.56","Humid","22.75","0","51.00","250763.56","SABD0000000001","AAV1.0.0.11","1.1.2.0","PSt7-10","170328-022","9/30/2017 7:09:10 PM","0000-00","0","no battery","V"
"11/03/2018","09:50:42","9","default","550496092","OXY_CH9","26.682","min","249.293","µmol/L","Humid","18.767","deg","79160","µV","26.099","°C","1019.000","hPa","34.1","pmil","0","53.442","deg","23.711","°C","100.000","%a.s.","21.016","deg","23.307","°C","1019.000","hPa","0.861","-0.02617","0.00035","0","0","13.56","Humid","22.75","0","51.00","250748.10","SABD0000000001","AAV1.0.0.11","1.1.2.0","PSt7-10","170328-022","9/30/2017 7:09:10 PM","0000-00","0","no battery","V"
"11/03/2018","09:50:43","9","default","550496092","OXY_CH9","26.699","min","249.420","µmol/L","Humid","18.764","deg","79162","µV","26.091","°C","1019.000","hPa","34.1","pmil","0","53.442","deg","23.711","°C","100.000","%a.s.","21.016","deg","23.307","°C","1019.000","hPa","0.861","-0.02617","0.00035","0","0","13.56","Humid","22.75","0","51.00","250755.52","SABD0000000001","AAV1.0.0.11","1.1.2.0","PSt7-10","170328-022","9/30/2017 7:09:10 PM","0000-00","0","no battery","V"
"11/03/2018","09:50:44","9","default","550496092","OXY_CH9","26.716","min","249.461","µmol/L","Humid","18.762","deg","79168","µV","26.092","°C","1019.000","hPa","34.1","pmil","0","53.442","deg","23.711","°C","100.000","%a.s.","21.016","deg","23.307","°C","1019.000","hPa","0.861","-0.02617","0.00035","0","0","13.56","Humid","22.75","0","51.00","250772.13","SABD0000000001","AAV1.0.0.11","1.1.2.0","PSt7-10","170328-022","9/30/2017 7:09:10 PM","0000-00","0","no battery","V"
"11/03/2018","09:50:45","9","default","550496092","OXY_CH9","26.733","min","249.432","µmol/L","Humid","18.766","deg","79162","µV","26.083","°C","1019.000","hPa","34.1","pmil","0","53.442","deg","23.711","°C","100.000","%a.s.","21.016","deg","23.307","°C","1019.000","hPa","0.861","-0.02617","0.00035","0","0","13.56","Humid","22.75","0","51.00","250753.16","SABD0000000001","AAV1.0.0.11","1.1.2.0","PSt7-10","170328-022","9/30/2017 7:09:10 PM","0000-00","0","no battery","V"
"11/03/2018","09:50:46","9","default","550496092","OXY_CH9","26.749","min","249.491","µmol/L","Humid","18.766","deg","79161","µV","26.075","°C","1019.000","hPa","34.1","pmil","0","53.442","deg","23.711","°C","100.000","%a.s.","21.016","deg","23.307","°C","1019.000","hPa","0.861","-0.02617","0.00035","0","0","13.56","Humid","22.75","0","51.00","250751.37","SABD0000000001","AAV1.0.0.11","1.1.2.0","PSt7-10","170328-022","9/30/2017 7:09:10 PM","0000-00","0","no battery","V"
"11/03/2018","09:50:47","9","default","550496092","OXY_CH9","26.766","min","249.389","µmol/L","Humid","18.764","deg","79160","µV","26.096","°C","1019.000","hPa","34.1","pmil","0","53.442","deg","23.711","°C","100.000","%a.s.","21.016","deg","23.307","°C","1019.000","hPa","0.861","-0.02617","0.00035","0","0","13.56","Humid","22.75","0","51.00","250749.67","SABD0000000001","AAV1.0.0.11","1.1.2.0","PSt7-10","170328-022","9/30/2017 7:09:10 PM","0000-00","0","no battery","V"
"11/03/2018","09:50:48","9","default","550496092","OXY_CH9","26.783","min","249.634","µmol/L","Humid","18.762","deg","79166","µV","26.069","°C","1019.000","hPa","34.1","pmil","0","53.442","deg","23.711","°C","100.000","%a.s.","21.016","deg","23.307","°C","1019.000","hPa","0.861","-0.02617","0.00035","0","0","13.56","Humid","22.75","0","51.00","250758.64","SABD0000000001","AAV1.0.0.11","1.1.2.0","PSt7-10","170328-022","9/30/2017 7:09:10 PM","0000-00","0","no battery","V"
"11/03/2018","09:50:49","9","default","550496092","OXY_CH9","26.799","min","249.432","µmol/L","Humid","18.766","deg","79166","µV","26.083","°C","1019.000","hPa","34.1","pmil","0","53.442","deg","23.711","°C","100.000","%a.s.","21.016","deg","23.307","°C","1019.000","hPa","0.861","-0.02617","0.00035","0","0","13.56","Humid","22.75","0","51.00","250747.99","SABD0000000001","AAV1.0.0.11","1.1.2.0","PSt7-10","170328-022","9/30/2017 7:09:10 PM","0000-00","0","no battery","V"
"11/03/2018","09:50:50","9","default","550496092","OXY_CH9","26.816","min","249.235","µmol/L","Humid","18.766","deg","79162","µV","26.110","°C","1019.000","hPa","34.1","pmil","0","53.442","deg","23.711","°C","100.000","%a.s.","21.016","deg","23.307","°C","1019.000","hPa","0.861","-0.02617","0.00035","0","0","13.56","Humid","22.75","0","51.00","250752.85","SABD0000000001","AAV1.0.0.11","1.1.2.0","PSt7-10","170328-022","9/30/2017 7:09:10 PM","0000-00","0","no battery","V"
"11/03/2018","09:50:51","9","default","550496092","OXY_CH9","26.832","min","249.478","µmol/L","Humid","18.763","deg","79159","µV","26.087","°C","1019.000","hPa","34.1","pmil","0","53.442","deg","23.711","°C","100.000","%a.s.","21.016","deg","23.307","°C","1019.000","hPa","0.861","-0.02617","0.00035","0","0","13.56","Humid","22.75","0","51.00","250754.34","SABD0000000001","AAV1.0.0.11","1.1.2.0","PSt7-10","170328-022","9/30/2017 7:09:10 PM","0000-00","0","no battery","V"
"11/03/2018","09:50:52","9","default","550496092","OXY_CH9","26.849","min","249.283","µmol/L","Humid","18.770","deg","79161","µV","26.090","°C","1019.000","hPa","34.1","pmil","0","53.442","deg","23.711","°C","100.000","%a.s.","21.016","deg","23.307","°C","1019.000","hPa","0.861","-0.02617","0.00035","0","0","13.56","Humid","22.75","0","51.00","250752.54","SABD0000000001","AAV1.0.0.11","1.1.2.0","PSt7-10","170328-022","9/30/2017 7:09:10 PM","0000-00","0","no battery","V"
"11/03/2018","09:50:53","9","default","550496092","OXY_CH9","26.866","min","249.392","µmol/L","Humid","18.768","deg","79158","µV","26.082","°C","1019.000","hPa","34.1","pmil","0","53.442","deg","23.711","°C","100.000","%a.s.","21.016","deg","23.307","°C","1019.000","hPa","0.861","-0.02617","0.00035","0","0","13.56","Humid","22.75","0","51.00","250743.59","SABD0000000001","AAV1.0.0.11","1.1.2.0","PSt7-10","170328-022","9/30/2017 7:09:10 PM","0000-00","0","no battery","V"
"11/03/2018","09:50:54","9","default","550496092","OXY_CH9","26.883","min","249.349","µmol/L","Humid","18.766","deg","79166","µV","26.094","°C","1019.000","hPa","34.1","pmil","0","53.442","deg","23.711","°C","100.000","%a.s.","21.016","deg","23.307","°C","1019.000","hPa","0.861","-0.02617","0.00035","0","0","13.56","Humid","22.75","0","51.00","250740.28","SABD0000000001","AAV1.0.0.11","1.1.2.0","PSt7-10","170328-022","9/30/2017 7:09:10 PM","0000-00","0","no battery","V"
"11/03/2018","09:50:55","9","default","550496092","OXY_CH9","26.899","min","249.303","µmol/L","Humid","18.765","deg","79166","µV","26.104","°C","1019.000","hPa","34.1","pmil","0","53.442","deg","23.711","°C","100.000","%a.s.","21.016","deg","23.307","°C","1019.000","hPa","0.861","-0.02617","0.00035","0","0","13.56","Humid","22.75","0","51.00","250745.61","SABD0000000001","AAV1.0.0.11","1.1.2.0","PSt7-10","170328-022","9/30/2017 7:09:10 PM","0000-00","0","no battery","V"
"11/03/2018","09:50:56","9","default","550496092","OXY_CH9","26.916","min","249.316","µmol/L","Humid","18.768","deg","79160","µV","26.092","°C","1019.000","hPa","34.1","pmil","0","53.442","deg","23.711","°C","100.000","%a.s.","21.016","deg","23.307","°C","1019.000","hPa","0.861","-0.02617","0.00035","0","0","13.56","Humid","22.75","0","51.00","250749.39","SABD0000000001","AAV1.0.0.11","1.1.2.0","PSt7-10","170328-022","9/30/2017 7:09:10 PM","0000-00","0","no battery","V"
"11/03/2018","09:50:57","9","default","550496092","OXY_CH9","26.933","min","249.149","µmol/L","Humid","18.774","deg","79164","µV","26.096","°C","1019.000","hPa","34.1","pmil","0","53.442","deg","23.711","°C","100.000","%a.s.","21.016","deg","23.307","°C","1019.000","hPa","0.861","-0.02617","0.00035","0","0","13.56","Humid","22.75","0","51.00","250745.03","SABD0000000001","AAV1.0.0.11","1.1.2.0","PSt7-10","170328-022","9/30/2017 7:09:10 PM","0000-00","0","no battery","V"
"11/03/2018","09:50:58","9","default","550496092","OXY_CH9","26.949","min","249.310","µmol/L","Humid","18.771","deg","79165","µV","26.083","°C","1019.000","hPa","34.1","pmil","0","53.442","deg","23.711","°C","100.000","%a.s.","21.016","deg","23.307","°C","1019.000","hPa","0.861","-0.02617","0.00035","0","0","13.56","Humid","22.75","0","51.00","250747.26","SABD0000000001","AAV1.0.0.11","1.1.2.0","PSt7-10","170328-022","9/30/2017 7:09:10 PM","0000-00","0","no battery","V"
"11/03/2018","09:50:59","9","default","550496092","OXY_CH9","26.965","min","249.406","µmol/L","Humid","18.768","deg","79161","µV","26.080","°C","1019.000","hPa","34.1","pmil","0","53.442","deg","23.711","°C","100.000","%a.s.","21.016","deg","23.307","°C","1019.000","hPa","0.861","-0.02617","0.00035","0","0","13.56","Humid","22.75","0","51.00","250741.15","SABD0000000001","AAV1.0.0.11","1.1.2.0","PSt7-10","170328-022","9/30/2017 7:09:10 PM","0000-00","0","no battery","V"
"11/03/2018","09:51:00","9","default","550496092","OXY_CH9","26.982","min","249.157","µmol/L","Humid","18.773","deg","79162","µV","26.098","°C","1019.000","hPa","34.1","pmil","0","53.442","deg","23.711","°C","100.000","%a.s.","21.016","deg","23.307","°C","1019.000","hPa","0.861","-0.02617","0.00035","0","0","13.56","Humid","22.75","0","51.00","250733.53","SABD0000000001","AAV1.0.0.11","1.1.2.0","PSt7-10","170328-022","9/30/2017 7:09:10 PM","0000-00","0","no battery","V"
"11/03/2018","09:51:01","9","default","550496092","OXY_CH9","26.999","min","249.370","µmol/L","Humid","18.766","deg","79164","µV","26.092","°C","1019.000","hPa","34.1","pmil","0","53.442","deg","23.711","°C","100.000","%a.s.","21.016","deg","23.307","°C","1019.000","hPa","0.861","-0.02617","0.00035","0","0","13.56","Humid","22.75","0","51.00","250743.52","SABD0000000001","AAV1.0.0.11","1.1.2.0","PSt7-10","170328-022","9/30/2017 7:09:10 PM","0000-00","0","no battery","V"
"11/03/2018","09:51:02","9","default","550496092","OXY_CH9","27.016","min","249.326","µmol/L","Humid","18.771","deg","79161","µV","26.081","°C","1019.000","hPa","34.1","pmil","0","53.442","deg","23.711","°C","100.000","%a.s.","21.016","deg","23.307","°C","1019.000","hPa","0.861","-0.02617","0.00035","0","0","13.56","Humid","22.75","0","51.00","250739.31","SABD0000000001","AAV1.0.0.11","1.1.2.0","PSt7-10","170328-022","9/30/2017 7:09:10 PM","0000-00","0","no battery","V"
"11/03/2018","09:51:03","9","default","550496092","OXY_CH9","27.033","min","249.441","µmol/L","Humid","18.768","deg","79159","µV","26.075","°C","1019.000","hPa","34.1","pmil","0","53.442","deg","23.711","°C","100.000","%a.s.","21.016","deg","23.307","°C","1019.000","hPa","0.861","-0.02617","0.00035","0","0","13.56","Humid","22.75","0","51.00","250739.83","SABD0000000001","AAV1.0.0.11","1.1.2.0","PSt7-10","170328-022","9/30/2017 7:09:10 PM","0000-00","0","no battery","V"
"11/03/2018","09:51:04","9","default","550496092","OXY_CH9","27.049","min","249.369","µmol/L","Humid","18.768","deg","79153","µV","26.085","°C","1019.000","hPa","34.1","pmil","0","53.442","deg","23.711","°C","100.000","%a.s.","21.016","deg","23.307","°C","1019.000","hPa","0.861","-0.02617","0.00035","0","0","13.56","Humid","22.75","0","51.00","250742.17","SABD0000000001","AAV1.0.0.11","1.1.2.0","PSt7-10","170328-022","9/30/2017 7:09:10 PM","0000-00","0","no battery","V"
"11/03/2018","09:51:05","9","default","550496092","OXY_CH9","27.066","min","249.222","µmol/L","Humid","18.769","deg","79158","µV","26.102","°C","1019.000","hPa","34.1","pmil","0","53.442","deg","23.711","°C","100.000","%a.s.","21.016","deg","23.307","°C","1019.000","hPa","0.861","-0.02617","0.00035","0","0","13.56","Humid","22.75","0","51.00","250736.40","SABD0000000001","AAV1.0.0.11","1.1.2.0","PSt7-10","170328-022","9/30/2017 7:09:10 PM","0000-00","0","no battery","V"
"11/03/2018","09:51:06","9","default","550496092","OXY_CH9","27.083","min","249.256","µmol/L","Humid","18.770","deg","79156","µV","26.094","°C","1019.000","hPa","34.1","pmil","0","53.442","deg","23.711","°C","100.000","%a.s.","21.016","deg","23.307","°C","1019.000","hPa","0.861","-0.02617","0.00035","0","0","13.56","Humid","22.75","0","51.00","250732.82","SABD0000000001","AAV1.0.0.11","1.1.2.0","PSt7-10","170328-022","9/30/2017 7:09:10 PM","0000-00","0","no battery","V"
"11/03/2018","09:51:07","9","default","550496092","OXY_CH9","27.100","min","249.400","µmol/L","Humid","18.767","deg","79161","µV","26.084","°C","1019.000","hPa","34.1","pmil","0","53.442","deg","23.711","°C","100.000","%a.s.","21.016","deg","23.307","°C","1019.000","hPa","0.861","-0.02617","0.00035","0","0","13.56","Humid","22.75","0","51.00","250736.19","SABD0000000001","AAV1.0.0.11","1.1.2.0","PSt7-10","170328-022","9/30/2017 7:09:10 PM","0000-00","0","no battery","V"
"11/03/2018","09:51:08","9","default","550496092","OXY_CH9","27.116","min","249.434","µmol/L","Humid","18.767","deg","79158","µV","26.080","°C","1019.000","hPa","34.1","pmil","0","53.442","deg","23.711","°C","100.000","%a.s.","21.016","deg","23.307","°C","1019.000","hPa","0.861","-0.02617","0.00035","0","0","13.56","Humid","22.75","0","51.00","250736.85","SABD0000000001","AAV1.0.0.11","1.1.2.0","PSt7-10","170328-022","9/30/2017 7:09:10 PM","0000-00","0","no battery","V"
"11/03/2018","09:51:09","9","default","550496092","OXY_CH9","27.132","min","249.353","µmol/L","Humid","18.769","deg","79165","µV","26.084","°C","1019.000","hPa","34.1","pmil","0","53.442","deg","23.711","°C","100.000","%a.s.","21.016","deg","23.307","°C","1019.000","hPa","0.861","-0.02617","0.00035","0","0","13.56","Humid","22.75","0","51.00","250735.32","SABD0000000001","AAV1.0.0.11","1.1.2.0","PSt7-10","170328-022","9/30/2017 7:09:10 PM","0000-00","0","no battery","V"
"11/03/2018","09:51:10","9","default","550496092","OXY_CH9","27.149","min","249.275","µmol/L","Humid","18.770","deg","79164","µV","26.091","°C","1019.000","hPa","34.1","pmil","0","53.442","deg","23.711","°C","100.000","%a.s.","21.016","deg","23.307","°C","1019.000","hPa","0.861","-0.02617","0.00035","0","0","13.56","Humid","22.75","0","51.00","250737.20","SABD0000000001","AAV1.0.0.11","1.1.2.0","PSt7-10","170328-022","9/30/2017 7:09:10 PM","0000-00","0","no battery","V"
"11/03/2018","09:51:11","9","default","550496092","OXY_CH9","27.166","min","249.217","µmol/L","Humid","18.770","deg","79157","µV","26.099","°C","1019.000","hPa","34.1","pmil","0","53.442","deg","23.711","°C","100.000","%a.s.","21.016","deg","23.307","°C","1019.000","hPa","0.861","-0.02617","0.00035","0","0","13.56","Humid","22.75","0","51.00","250741.15","SABD0000000001","AAV1.0.0.11","1.1.2.0","PSt7-10","170328-022","9/30/2017 7:09:10 PM","0000-00","0","no battery","V"
"11/03/2018","09:51:12","9","default","550496092","OXY_CH9","27.183","min","249.205","µmol/L","Humid","18.775","deg","79157","µV","26.085","°C","1019.000","hPa","34.1","pmil","0","53.442","deg","23.711","°C","100.000","%a.s.","21.016","deg","23.307","°C","1019.000","hPa","0.861","-0.02617","0.00035","0","0","13.56","Humid","22.75","0","51.00","250730.54","SABD0000000001","AAV1.0.0.11","1.1.2.0","PSt7-10","170328-022","9/30/2017 7:09:10 PM","0000-00","0","no battery","V"
"11/03/2018","09:51:13","9","default","550496092","OXY_CH9","27.199","min","249.270","µmol/L","Humid","18.772","deg","79165","µV","26.086","°C","1019.000","hPa","34.1","pmil","0","53.442","deg","23.711","°C","100.000","%a.s.","21.016","deg","23.307","°C","1019.000","hPa","0.861","-0.02617","0.00035","0","0","13.56","Humid","22.75","0","51.00","250743.97","SABD0000000001","AAV1.0.0.11","1.1.2.0","PSt7-10","170328-022","9/30/2017 7:09:10 PM","0000-00","0","no battery","V"
"11/03/2018","09:51:14","9","default","550496092","OXY_CH9","27.216","min","249.314","µmol/L","Humid","18.769","deg","79160","µV","26.090","°C","1019.000","hPa","34.1","pmil","0","53.442","deg","23.711","°C","100.000","%a.s.","21.016","deg","23.307","°C","1019.000","hPa","0.861","-0.02617","0.00035","0","0","13.56","Humid","22.75","0","51.00","250736.47","SABD0000000001","AAV1.0.0.11","1.1.2.0","PSt7-10","170328-022","9/30/2017 7:09:10 PM","0000-00","0","no battery","V"
"11/03/2018","09:51:15","9","default","550496092","OXY_CH9","27.233","min","249.302","µmol/L","Humid","18.772","deg","79167","µV","26.081","°C","1019.000","hPa","34.1","pmil","0","53.442","deg","23.711","°C","100.000","%a.s.","21.016","deg","23.307","°C","1019.000","hPa","0.861","-0.02617","0.00035","0","0","13.56","Humid","22.75","0","51.00","250737.68","SABD0000000001","AAV1.0.0.11","1.1.2.0","PSt7-10","170328-022","9/30/2017 7:09:10 PM","0000-00","0","no battery","V"
"11/03/2018","09:51:16","9","default","550496092","OXY_CH9","27.249","min","249.340","µmol/L","Humid","18.767","deg","79159","µV","26.092","°C","1019.000","hPa","34.1","pmil","0","53.442","deg","23.711","°C","100.000","%a.s.","21.016","deg","23.307","°C","1019.000","hPa","0.861","-0.02617","0.00035","0","0","13.56","Humid","22.75","0","51.00","250725.67","SABD0000000001","AAV1.0.0.11","1.1.2.0","PSt7-10","170328-022","9/30/2017 7:09:10 PM","0000-00","0","no battery","V"
"11/03/2018","09:51:17","9","default","550496092","OXY_CH9","27.266","min","249.234","µmol/L","Humid","18.773","deg","79165","µV","26.087","°C","1019.000","hPa","34.1","pmil","0","53.442","deg","23.711","°C","100.000","%a.s.","21.016","deg","23.307","°C","1019.000","hPa","0.861","-0.02617","0.00035","0","0","13.56","Humid","22.75","0","51.00","250743.87","SABD0000000001","AAV1.0.0.11","1.1.2.0","PSt7-10","170328-022","9/30/2017 7:09:10 PM","0000-00","0","no battery","V"
"11/03/2018","09:51:18","9","default","550496092","OXY_CH9","27.282","min","249.157","µmol/L","Humid","18.773","deg","79162","µV","26.098","°C","1019.000","hPa","34.1","pmil","0","53.442","deg","23.711","°C","100.000","%a.s.","21.016","deg","23.307","°C","1019.000","hPa","0.861","-0.02617","0.00035","0","0","13.56","Humid","22.75","0","51.00","250725.08","SABD0000000001","AAV1.0.0.11","1.1.2.0","PSt7-10","170328-022","9/30/2017 7:09:10 PM","0000-00","0","no battery","V"
"11/03/2018","09:51:19","9","default","550496092","OXY_CH9","27.299","min","249.289","µmol/L","Humid","18.771","deg","79164","µV","26.086","°C","1019.000","hPa","34.1","pmil","0","53.442","deg","23.711","°C","100.000","%a.s.","21.016","deg","23.307","°C","1019.000","hPa","0.861","-0.02617","0.00035","0","0","13.56","Humid","22.75","0","51.00","250732.84","SABD0000000001","AAV1.0.0.11","1.1.2.0","PSt7-10","170328-022","9/30/2017 7:09:10 PM","0000-00","0","no battery","V"
"11/03/2018","09:51:20","9","default","550496092","OXY_CH9","27.316","min","249.278","µmol/L","Humid","18.773","deg","79160","µV","26.081","°C","1019.000","hPa","34.1","pmil","0","53.442","deg","23.711","°C","100.000","%a.s.","21.016","deg","23.307","°C","1019.000","hPa","0.861","-0.02617","0.00035","0","0","13.56","Humid","22.75","0","51.00","250732.02","SABD0000000001","AAV1.0.0.11","1.1.2.0","PSt7-10","170328-022","9/30/2017 7:09:10 PM","0000-00","0","no battery","V"
"11/03/2018","09:51:21","9","default","550496092","OXY_CH9","27.332","min","249.319","µmol/L","Humid","18.769","deg","79160","µV","26.089","°C","1019.000","hPa","34.1","pmil","0","53.442","deg","23.711","°C","100.000","%a.s.","21.016","deg","23.307","°C","1019.000","hPa","0.861","-0.02617","0.00035","0","0","13.56","Humid","22.75","0","51.00","250730.23","SABD0000000001","AAV1.0.0.11","1.1.2.0","PSt7-10","170328-022","9/30/2017 7:09:10 PM","0000-00","0","no battery","V"
"11/03/2018","09:51:22","9","default","550496092","OXY_CH9","27.349","min","249.378","µmol/L","Humid","18.768","deg","79161","µV","26.084","°C","1019.000","hPa","34.1","pmil","0","53.442","deg","23.711","°C","100.000","%a.s.","21.016","deg","23.307","°C","1019.000","hPa","0.861","-0.02617","0.00035","0","0","13.56","Humid","22.75","0","51.00","250729.16","SABD0000000001","AAV1.0.0.11","1.1.2.0","PSt7-10","170328-022","9/30/2017 7:09:10 PM","0000-00","0","no battery","V"
"11/03/2018","09:51:23","9","default","550496092","OXY_CH9","27.366","min","249.206","µmol/L","Humid","18.773","deg","79163","µV","26.091","°C","1019.000","hPa","34.1","pmil","0","53.442","deg","23.711","°C","100.000","%a.s.","21.016","deg","23.307","°C","1019.000","hPa","0.861","-0.02617","0.00035","0","0","13.56","Humid","22.75","0","51.00","250718.12","SABD0000000001","AAV1.0.0.11","1.1.2.0","PSt7-10","170328-022","9/30/2017 7:09:10 PM","0000-00","0","no battery","V"
"11/03/2018","09:51:24","9","default","550496092","OXY_CH9","27.383","min","249.289","µmol/L","Humid","18.769","deg","79161","µV","26.093","°C","1019.000","hPa","34.1","pmil","0","53.442","deg","23.711","°C","100.000","%a.s.","21.016","deg","23.307","°C","1019.000","hPa","0.861","-0.02617","0.00035","0","0","13.56","Humid","22.75","0","51.00","250723.82","SABD0000000001","AAV1.0.0.11","1.1.2.0","PSt7-10","170328-022","9/30/2017 7:09:10 PM","0000-00","0","no battery","V"
"11/03/2018","09:51:25","9","default","550496092","OXY_CH9","27.399","min","249.142","µmol/L","Humid","18.777","deg","79161","µV","26.087","°C","1019.000","hPa","34.1","pmil","0","53.442","deg","23.711","°C","100.000","%a.s.","21.016","deg","23.307","°C","1019.000","hPa","0.861","-0.02617","0.00035","0","0","13.56","Humid","22.75","0","51.00","250723.00","SABD0000000001","AAV1.0.0.11","1.1.2.0","PSt7-10","170328-022","9/30/2017 7:09:10 PM","0000-00","0","no battery","V"
"11/03/2018","09:51:26","9","default","550496092","OXY_CH9","27.415","min","249.329","µmol/L","Humid","18.769","deg","79151","µV","26.087","°C","1019.000","hPa","34.1","pmil","0","53.442","deg","23.711","°C","100.000","%a.s.","21.016","deg","23.307","°C","1019.000","hPa","0.861","-0.02617","0.00035","0","0","13.56","Humid","22.75","0","51.00","250715.32","SABD0000000001","AAV1.0.0.11","1.1.2.0","PSt7-10","170328-022","9/30/2017 7:09:10 PM","0000-00","0","no battery","V"
"11/03/2018","09:51:27","9","default","550496092","OXY_CH9","27.432","min","249.321","µmol/L","Humid","18.774","deg","79158","µV","26.072","°C","1019.000","hPa","34.1","pmil","0","53.442","deg","23.711","°C","100.000","%a.s.","21.016","deg","23.307","°C","1019.000","hPa","0.861","-0.02617","0.00035","0","0","13.56","Humid","22.75","0","51.00","250718.58","SABD0000000001","AAV1.0.0.11","1.1.2.0","PSt7-10","170328-022","9/30/2017 7:09:10 PM","0000-00","0","no battery","V"
"11/03/2018","09:51:28","9","default","550496092","OXY_CH9","27.449","min","249.218","µmol/L","Humid","18.771","deg","79163","µV","26.096","°C","1019.000","hPa","34.1","pmil","0","53.442","deg","23.711","°C","100.000","%a.s.","21.016","deg","23.307","°C","1019.000","hPa","0.861","-0.02617","0.00035","0","0","13.56","Humid","22.75","0","51.00","250717.65","SABD0000000001","AAV1.0.0.11","1.1.2.0","PSt7-10","170328-022","9/30/2017 7:09:10 PM","0000-00","0","no battery","V"
"11/03/2018","09:51:29","9","default","550496092","OXY_CH9","27.466","min","249.096","µmol/L","Humid","18.775","deg","79159","µV","26.099","°C","1019.000","hPa","34.1","pmil","0","53.442","deg","23.711","°C","100.000","%a.s.","21.016","deg","23.307","°C","1019.000","hPa","0.861","-0.02617","0.00035","0","0","13.56","Humid","22.75","0","51.00","250715.40","SABD0000000001","AAV1.0.0.11","1.1.2.0","PSt7-10","170328-022","9/30/2017 7:09:10 PM","0000-00","0","no battery","V"
"11/03/2018","09:51:30","9","default","550496092","OXY_CH9","27.482","min","249.030","µmol/L","Humid","18.777","deg","79154","µV","26.102","°C","1019.000","hPa","34.1","pmil","0","53.442","deg","23.711","°C","100.000","%a.s.","21.016","deg","23.307","°C","1019.000","hPa","0.861","-0.02617","0.00035","0","0","13.56","Humid","22.75","0","51.00","250702.96","SABD0000000001","AAV1.0.0.11","1.1.2.0","PSt7-10","170328-022","9/30/2017 7:09:10 PM","0000-00","0","no battery","V"
"11/03/2018","09:51:31","9","default","550496092","OXY_CH9","27.499","min","249.218","µmol/L","Humid","18.772","deg","79160","µV","26.093","°C","1019.000","hPa","34.1","pmil","0","53.442","deg","23.711","°C","100.000","%a.s.","21.016","deg","23.307","°C","1019.000","hPa","0.861","-0.02617","0.00035","0","0","13.56","Humid","22.75","0","51.00","250714.86","SABD0000000001","AAV1.0.0.11","1.1.2.0","PSt7-10","170328-022","9/30/2017 7:09:10 PM","0000-00","0","no battery","V"
"11/03/2018","09:51:32","9","default","550496092","OXY_CH9","27.516","min","249.260","µmol/L","Humid","18.772","deg","79173","µV","26.087","°C","1019.000","hPa","34.1","pmil","0","53.442","deg","23.711","°C","100.000","%a.s.","21.016","deg","23.307","°C","1019.000","hPa","0.861","-0.02617","0.00035","0","0","13.56","Humid","22.75","0","51.00","250723.93","SABD0000000001","AAV1.0.0.11","1.1.2.0","PSt7-10","170328-022","9/30/2017 7:09:10 PM","0000-00","0","no battery","V"
"11/03/2018","09:51:33","9","default","550496092","OXY_CH9","27.533","min","249.219","µmol/L","Humid","18.771","deg","79156","µV","26.096","°C","1019.000","hPa","34.1","pmil","0","53.442","deg","23.711","°C","100.000","%a.s.","21.016","deg","23.307","°C","1019.000","hPa","0.861","-0.02617","0.00035","0","0","13.56","Humid","22.75","0","51.00","250717.84","SABD0000000001","AAV1.0.0.11","1.1.2.0","PSt7-10","170328-022","9/30/2017 7:09:10 PM","0000-00","0","no battery","V"
"11/03/2018","09:51:34","9","default","550496092","OXY_CH9","27.550","min","249.346","µmol/L","Humid","18.768","deg","79167","µV","26.088","°C","1019.000","hPa","34.1","pmil","0","53.442","deg","23.711","°C","100.000","%a.s.","21.016","deg","23.307","°C","1019.000","hPa","0.861","-0.02617","0.00035","0","0","13.56","Humid","22.75","0","51.00","250723.96","SABD0000000001","AAV1.0.0.11","1.1.2.0","PSt7-10","170328-022","9/30/2017 7:09:10 PM","0000-00","0","no battery","V"
"11/03/2018","09:51:35","9","default","550496092","OXY_CH9","27.566","min","249.198","µmol/L","Humid","18.775","deg","79157","µV","26.086","°C","1019.000","hPa","34.1","pmil","0","53.442","deg","23.711","°C","100.000","%a.s.","21.016","deg","23.307","°C","1019.000","hPa","0.861","-0.02617","0.00035","0","0","13.56","Humid","22.75","0","51.00","250716.19","SABD0000000001","AAV1.0.0.11","1.1.2.0","PSt7-10","170328-022","9/30/2017 7:09:10 PM","0000-00","0","no battery","V"
"11/03/2018","09:51:36","9","default","550496092","OXY_CH9","27.582","min","249.333","µmol/L","Humid","18.770","deg","79168","µV","26.084","°C","1019.000","hPa","34.1","pmil","0","53.442","deg","23.711","°C","100.000","%a.s.","21.016","deg","23.307","°C","1019.000","hPa","0.861","-0.02617","0.00035","0","0","13.56","Humid","22.75","0","51.00","250712.57","SABD0000000001","AAV1.0.0.11","1.1.2.0","PSt7-10","170328-022","9/30/2017 7:09:10 PM","0000-00","0","no battery","V"
"11/03/2018","09:51:37","9","default","550496092","OXY_CH9","27.599","min","249.100","µmol/L","Humid","18.777","deg","79160","µV","26.092","°C","1019.000","hPa","34.1","pmil","0","53.442","deg","23.711","°C","100.000","%a.s.","21.016","deg","23.307","°C","1019.000","hPa","0.861","-0.02617","0.00035","0","0","13.56","Humid","22.75","0","51.00","250712.13","SABD0000000001","AAV1.0.0.11","1.1.2.0","PSt7-10","170328-022","9/30/2017 7:09:10 PM","0000-00","0","no battery","V"
"11/03/2018","09:51:38","9","default","550496092","OXY_CH9","27.616","min","249.042","µmol/L","Humid","18.775","deg","79162","µV","26.107","°C","1019.000","hPa","34.1","pmil","0","53.442","deg","23.711","°C","100.000","%a.s.","21.016","deg","23.307","°C","1019.000","hPa","0.861","-0.02617","0.00035","0","0","13.56","Humid","22.75","0","51.00","250716.87","SABD0000000001","AAV1.0.0.11","1.1.2.0","PSt7-10","170328-022","9/30/2017 7:09:10 PM","0000-00","0","no battery","V"
"11/03/2018","09:51:39","9","default","550496092","OXY_CH9","27.632","min","249.112","µmol/L","Humid","18.777","deg","79163","µV","26.091","°C","1019.000","hPa","34.1","pmil","0","53.442","deg","23.711","°C","100.000","%a.s.","21.016","deg","23.307","°C","1019.000","hPa","0.861","-0.02617","0.00035","0","0","13.56","Humid","22.75","0","51.00","250712.21","SABD0000000001","AAV1.0.0.11","1.1.2.0","PSt7-10","170328-022","9/30/2017 7:09:10 PM","0000-00","0","no battery","V"
"11/03/2018","09:51:40","9","default","550496092","OXY_CH9","27.649","min","249.114","µmol/L","Humid","18.778","deg","79166","µV","26.087","°C","1019.000","hPa","34.1","pmil","0","53.442","deg","23.711","°C","100.000","%a.s.","21.016","deg","23.307","°C","1019.000","hPa","0.861","-0.02617","0.00035","0","0","13.56","Humid","22.75","0","51.00","250702.56","SABD0000000001","AAV1.0.0.11","1.1.2.0","PSt7-10","170328-022","9/30/2017 7:09:10 PM","0000-00","0","no battery","V"
"11/03/2018","09:51:41","9","default","550496092","OXY_CH9","27.666","min","249.197","µmol/L","Humid","18.776","deg","79160","µV","26.083","°C","1019.000","hPa","34.1","pmil","0","53.442","deg","23.711","°C","100.000","%a.s.","21.016","deg","23.307","°C","1019.000","hPa","0.861","-0.02617","0.00035","0","0","13.56","Humid","22.75","0","51.00","250704.83","SABD0000000001","AAV1.0.0.11","1.1.2.0","PSt7-10","170328-022","9/30/2017 7:09:10 PM","0000-00","0","no battery","V"
"11/03/2018","09:51:42","9","default","550496092","OXY_CH9","27.683","min","249.143","µmol/L","Humid","18.777","deg","79158","µV","26.087","°C","1019.000","hPa","34.1","pmil","0","53.442","deg","23.711","°C","100.000","%a.s.","21.016","deg","23.307","°C","1019.000","hPa","0.861","-0.02617","0.00035","0","0","13.56","Humid","22.75","0","51.00","250699.57","SABD0000000001","AAV1.0.0.11","1.1.2.0","PSt7-10","170328-022","9/30/2017 7:09:10 PM","0000-00","0","no battery","V"
"11/03/2018","09:51:43","9","default","550496092","OXY_CH9","27.699","min","249.232","µmol/L","Humid","18.774","deg","79163","µV","26.084","°C","1019.000","hPa","34.1","pmil","0","53.442","deg","23.711","°C","100.000","%a.s.","21.016","deg","23.307","°C","1019.000","hPa","0.861","-0.02617","0.00035","0","0","13.56","Humid","22.75","0","51.00","250714.24","SABD0000000001","AAV1.0.0.11","1.1.2.0","PSt7-10","170328-022","9/30/2017 7:09:10 PM","0000-00","0","no battery","V"
"11/03/2018","09:51:44","9","default","550496092","OXY_CH9","27.716","min","249.278","µmol/L","Humid","18.772","deg","79155","µV","26.085","°C","1019.000","hPa","34.1","pmil","0","53.442","deg","23.711","°C","100.000","%a.s.","21.016","deg","23.307","°C","1019.000","hPa","0.861","-0.02617","0.00035","0","0","13.56","Humid","22.75","0","51.00","250707.42","SABD0000000001","AAV1.0.0.11","1.1.2.0","PSt7-10","170328-022","9/30/2017 7:09:10 PM","0000-00","0","no battery","V"
"11/03/2018","09:51:45","9","default","550496092","OXY_CH9","27.732","min","249.286","µmol/L","Humid","18.773","deg","79162","µV","26.080","°C","1019.000","hPa","34.1","pmil","0","53.442","deg","23.711","°C","100.000","%a.s.","21.016","deg","23.307","°C","1019.000","hPa","0.861","-0.02617","0.00035","0","0","13.56","Humid","22.75","0","51.00","250703.43","SABD0000000001","AAV1.0.0.11","1.1.2.0","PSt7-10","170328-022","9/30/2017 7:09:10 PM","0000-00","0","no battery","V"
"11/03/2018","09:51:46","9","default","550496092","OXY_CH9","27.749","min","249.239","µmol/L","Humid","18.774","deg","79159","µV","26.083","°C","1019.000","hPa","34.1","pmil","0","53.442","deg","23.711","°C","100.000","%a.s.","21.016","deg","23.307","°C","1019.000","hPa","0.861","-0.02617","0.00035","0","0","13.56","Humid","22.75","0","51.00","250710.23","SABD0000000001","AAV1.0.0.11","1.1.2.0","PSt7-10","170328-022","9/30/2017 7:09:10 PM","0000-00","0","no battery","V"
"11/03/2018","09:51:47","9","default","550496092","OXY_CH9","27.766","min","249.236","µmol/L","Humid","18.773","deg","79160","µV","26.087","°C","1019.000","hPa","34.1","pmil","0","53.442","deg","23.711","°C","100.000","%a.s.","21.016","deg","23.307","°C","1019.000","hPa","0.861","-0.02617","0.00035","0","0","13.56","Humid","22.75","0","51.00","250708.66","SABD0000000001","AAV1.0.0.11","1.1.2.0","PSt7-10","170328-022","9/30/2017 7:09:10 PM","0000-00","0","no battery","V"
"11/03/2018","09:51:48","9","default","550496092","OXY_CH9","27.782","min","249.179","µmol/L","Humid","18.773","deg","79163","µV","26.095","°C","1019.000","hPa","34.1","pmil","0","53.442","deg","23.711","°C","100.000","%a.s.","21.016","deg","23.307","°C","1019.000","hPa","0.861","-0.02617","0.00035","0","0","13.56","Humid","22.75","0","51.00","250702.98","SABD0000000001","AAV1.0.0.11","1.1.2.0","PSt7-10","170328-022","9/30/2017 7:09:10 PM","0000-00","0","no battery","V"
"11/03/2018","09:51:49","9","default","550496092","OXY_CH9","27.799","min","249.153","µmol/L","Humid","18.777","deg","79163","µV","26.085","°C","1019.000","hPa","34.1","pmil","0","53.442","deg","23.711","°C","100.000","%a.s.","21.016","deg","23.307","°C","1019.000","hPa","0.861","-0.02617","0.00035","0","0","13.56","Humid","22.75","0","51.00","250700.01","SABD0000000001","AAV1.0.0.11","1.1.2.0","PSt7-10","170328-022","9/30/2017 7:09:10 PM","0000-00","0","no battery","V"
"11/03/2018","09:51:50","9","default","550496092","OXY_CH9","27.816","min","249.191","µmol/L","Humid","18.775","deg","79162","µV","26.087","°C","1019.000","hPa","34.1","pmil","0","53.442","deg","23.711","°C","100.000","%a.s.","21.016","deg","23.307","°C","1019.000","hPa","0.861","-0.02617","0.00035","0","0","13.56","Humid","22.75","0","51.00","250696.13","SABD0000000001","AAV1.0.0.11","1.1.2.0","PSt7-10","170328-022","9/30/2017 7:09:10 PM","0000-00","0","no battery","V"
"11/03/2018","09:51:51","9","default","550496092","OXY_CH9","27.833","min","249.093","µmol/L","Humid","18.777","deg","79162","µV","26.093","°C","1019.000","hPa","34.1","pmil","0","53.442","deg","23.711","°C","100.000","%a.s.","21.016","deg","23.307","°C","1019.000","hPa","0.861","-0.02617","0.00035","0","0","13.56","Humid","22.75","0","51.00","250703.09","SABD0000000001","AAV1.0.0.11","1.1.2.0","PSt7-10","170328-022","9/30/2017 7:09:10 PM","0000-00","0","no battery","V"
"11/03/2018","09:51:52","9","default","550496092","OXY_CH9","27.849","min","249.041","µmol/L","Humid","18.777","deg","79164","µV","26.101","°C","1019.000","hPa","34.1","pmil","0","53.442","deg","23.711","°C","100.000","%a.s.","21.016","deg","23.307","°C","1019.000","hPa","0.861","-0.02617","0.00035","0","0","13.56","Humid","22.75","0","51.00","250694.16","SABD0000000001","AAV1.0.0.11","1.1.2.0","PSt7-10","170328-022","9/30/2017 7:09:10 PM","0000-00","0","no battery","V"
"11/03/2018","09:51:53","9","default","550496092","OXY_CH9","27.865","min","249.052","µmol/L","Humid","18.776","deg","79156","µV","26.102","°C","1019.000","hPa","34.1","pmil","0","53.442","deg","23.711","°C","100.000","%a.s.","21.016","deg","23.307","°C","1019.000","hPa","0.861","-0.02617","0.00035","0","0","13.56","Humid","22.75","0","51.00","250693.59","SABD0000000001","AAV1.0.0.11","1.1.2.0","PSt7-10","170328-022","9/30/2017 7:09:10 PM","0000-00","0","no battery","V"
"11/03/2018","09:51:54","9","default","550496092","OXY_CH9","27.882","min","249.266","µmol/L","Humid","18.773","deg","79164","µV","26.083","°C","1019.000","hPa","34.1","pmil","0","53.442","deg","23.711","°C","100.000","%a.s.","21.016","deg","23.307","°C","1019.000","hPa","0.861","-0.02617","0.00035","0","0","13.56","Humid","22.75","0","51.00","250705.41","SABD0000000001","AAV1.0.0.11","1.1.2.0","PSt7-10","170328-022","9/30/2017 7:09:10 PM","0000-00","0","no battery","V"
"11/03/2018","09:51:55","9","default","550496092","OXY_CH9","27.899","min","249.278","µmol/L","Humid","18.770","deg","79166","µV","26.091","°C","1019.000","hPa","34.1","pmil","0","53.442","deg","23.711","°C","100.000","%a.s.","21.016","deg","23.307","°C","1019.000","hPa","0.861","-0.02617","0.00035","0","0","13.56","Humid","22.75","0","51.00","250704.24","SABD0000000001","AAV1.0.0.11","1.1.2.0","PSt7-10","170328-022","9/30/2017 7:09:10 PM","0000-00","0","no battery","V"
"11/03/2018","09:51:56","9","default","550496092","OXY_CH9","27.916","min","249.290","µmol/L","Humid","18.773","deg","79160","µV","26.080","°C","1019.000","hPa","34.1","pmil","0","53.442","deg","23.711","°C","100.000","%a.s.","21.016","deg","23.307","°C","1019.000","hPa","0.861","-0.02617","0.00035","0","0","13.56","Humid","22.75","0","51.00","250694.18","SABD0000000001","AAV1.0.0.11","1.1.2.0","PSt7-10","170328-022","9/30/2017 7:09:10 PM","0000-00","0","no battery","V"
"11/03/2018","09:51:57","9","default","550496092","OXY_CH9","27.932","min","249.110","µmol/L","Humid","18.775","deg","79161","µV","26.098","°C","1019.000","hPa","34.1","pmil","0","53.442","deg","23.711","°C","100.000","%a.s.","21.016","deg","23.307","°C","1019.000","hPa","0.861","-0.02617","0.00035","0","0","13.56","Humid","22.75","0","51.00","250690.05","SABD0000000001","AAV1.0.0.11","1.1.2.0","PSt7-10","170328-022","9/30/2017 7:09:10 PM","0000-00","0","no battery","V"
"11/03/2018","09:51:58","9","default","550496092","OXY_CH9","27.949","min","249.135","µmol/L","Humid","18.777","deg","79162","µV","26.088","°C","1019.000","hPa","34.1","pmil","0","53.442","deg","23.711","°C","100.000","%a.s.","21.016","deg","23.307","°C","1019.000","hPa","0.861","-0.02617","0.00035","0","0","13.56","Humid","22.75","0","51.00","250696.77","SABD0000000001","AAV1.0.0.11","1.1.2.0","PSt7-10","170328-022","9/30/2017 7:09:10 PM","0000-00","0","no battery","V"
"11/03/2018","09:51:59","9","default","550496092","OXY_CH9","27.966","min","249.209","µmol/L","Humid","18.774","deg","79164","µV","26.087","°C","1019.000","hPa","34.1","pmil","0","53.442","deg","23.711","°C","100.000","%a.s.","21.016","deg","23.307","°C","1019.000","hPa","0.861","-0.02617","0.00035","0","0","13.56","Humid","22.75","0","51.00","250695.96","SABD0000000001","AAV1.0.0.11","1.1.2.0","PSt7-10","170328-022","9/30/2017 7:09:10 PM","0000-00","0","no battery","V"
"11/03/2018","09:52:00","9","default","550496092","OXY_CH9","27.983","min","249.214","µmol/L","Humid","18.778","deg","79165","µV","26.074","°C","1019.000","hPa","34.1","pmil","0","53.442","deg","23.711","°C","100.000","%a.s.","21.016","deg","23.307","°C","1019.000","hPa","0.861","-0.02617","0.00035","0","0","13.56","Humid","22.75","0","51.00","250686.30","SABD0000000001","AAV1.0.0.11","1.1.2.0","PSt7-10","170328-022","9/30/2017 7:09:10 PM","0000-00","0","no battery","V"
"11/03/2018","09:52:01","9","default","550496092","OXY_CH9","27.999","min","249.148","µmol/L","Humid","18.775","deg","79156","µV","26.093","°C","1019.000","hPa","34.1","pmil","0","53.442","deg","23.711","°C","100.000","%a.s.","21.016","deg","23.307","°C","1019.000","hPa","0.861","-0.02617","0.00035","0","0","13.56","Humid","22.75","0","51.00","250678.58","SABD0000000001","AAV1.0.0.11","1.1.2.0","PSt7-10","170328-022","9/30/2017 7:09:10 PM","0000-00","0","no battery","V"
"11/03/2018","09:52:02","9","default","550496092","OXY_CH9","28.015","min","249.153","µmol/L","Humid","18.776","deg","79161","µV","26.089","°C","1019.000","hPa","34.1","pmil","0","53.442","deg","23.711","°C","100.000","%a.s.","21.016","deg","23.307","°C","1019.000","hPa","0.861","-0.02617","0.00035","0","0","13.56","Humid","22.75","0","51.00","250681.38","SABD0000000001","AAV1.0.0.11","1.1.2.0","PSt7-10","170328-022","9/30/2017 7:09:10 PM","0000-00","0","no battery","V"
"11/03/2018","09:52:03","9","default","550496092","OXY_CH9","28.032","min","249.101","µmol/L","Humid","18.776","deg","79159","µV","26.096","°C","1019.000","hPa","34.1","pmil","0","53.442","deg","23.711","°C","100.000","%a.s.","21.016","deg","23.307","°C","1019.000","hPa","0.861","-0.02617","0.00035","0","0","13.56","Humid","22.75","0","51.00","250687.52","SABD0000000001","AAV1.0.0.11","1.1.2.0","PSt7-10","170328-022","9/30/2017 7:09:10 PM","0000-00","0","no battery","V"
"11/03/2018","09:52:04","9","default","550496092","OXY_CH9","28.049","min","249.062","µmol/L","Humid","18.779","deg","79161","µV","26.091","°C","1019.000","hPa","34.1","pmil","0","53.442","deg","23.711","°C","100.000","%a.s.","21.016","deg","23.307","°C","1019.000","hPa","0.861","-0.02617","0.00035","0","0","13.56","Humid","22.75","0","51.00","250687.39","SABD0000000001","AAV1.0.0.11","1.1.2.0","PSt7-10","170328-022","9/30/2017 7:09:10 PM","0000-00","0","no battery","V"
"11/03/2018","09:52:05","9","default","550496092","OXY_CH9","28.066","min","249.277","µmol/L","Humid","18.776","deg","79159","µV","26.072","°C","1019.000","hPa","34.1","pmil","0","53.442","deg","23.711","°C","100.000","%a.s.","21.016","deg","23.307","°C","1019.000","hPa","0.861","-0.02617","0.00035","0","0","13.56","Humid","22.75","0","51.00","250693.92","SABD0000000001","AAV1.0.0.11","1.1.2.0","PSt7-10","170328-022","9/30/2017 7:09:10 PM","0000-00","0","no battery","V"
"11/03/2018","09:52:06","9","default","550496092","OXY_CH9","28.083","min","249.200","µmol/L","Humid","18.775","deg","79162","µV","26.085","°C","1019.000","hPa","34.1","pmil","0","53.442","deg","23.711","°C","100.000","%a.s.","21.016","deg","23.307","°C","1019.000","hPa","0.861","-0.02617","0.00035","0","0","13.56","Humid","22.75","0","51.00","250685.68","SABD0000000001","AAV1.0.0.11","1.1.2.0","PSt7-10","170328-022","9/30/2017 7:09:10 PM","0000-00","0","no battery","V"
"11/03/2018","09:52:07","9","default","550496092","OXY_CH9","28.099","min","249.108","µmol/L","Humid","18.774","deg","79161","µV","26.101","°C","1019.000","hPa","34.1","pmil","0","53.442","deg","23.711","°C","100.000","%a.s.","21.016","deg","23.307","°C","1019.000","hPa","0.861","-0.02617","0.00035","0","0","13.56","Humid","22.75","0","51.00","250674.61","SABD0000000001","AAV1.0.0.11","1.1.2.0","PSt7-10","170328-022","9/30/2017 7:09:10 PM","0000-00","0","no battery","V"
"11/03/2018","09:52:08","9","default","550496092","OXY_CH9","28.116","min","249.120","µmol/L","Humid","18.775","deg","79157","µV","26.096","°C","1019.000","hPa","34.1","pmil","0","53.442","deg","23.711","°C","100.000","%a.s.","21.016","deg","23.307","°C","1019.000","hPa","0.861","-0.02617","0.00035","0","0","13.56","Humid","22.75","0","51.00","250686.31","SABD0000000001","AAV1.0.0.11","1.1.2.0","PSt7-10","170328-022","9/30/2017 7:09:10 PM","0000-00","0","no battery","V"
"11/03/2018","09:52:09","9","default","550496092","OXY_CH9","28.132","min","249.191","µmol/L","Humid","18.773","deg","79155","µV","26.093","°C","1019.000","hPa","34.1","pmil","0","53.442","deg","23.711","°C","100.000","%a.s.","21.016","deg","23.307","°C","1019.000","hPa","0.861","-0.02617","0.00035","0","0","13.56","Humid","22.75","0","51.00","250680.65","SABD0000000001","AAV1.0.0.11","1.1.2.0","PSt7-10","170328-022","9/30/2017 7:09:10 PM","0000-00","0","no battery","V"
"11/03/2018","09:52:10","9","default","550496092","OXY_CH9","28.149","min","249.130","µmol/L","Humid","18.776","deg","79158","µV","26.092","°C","1019.000","hPa","34.1","pmil","0","53.442","deg","23.711","°C","100.000","%a.s.","21.016","deg","23.307","°C","1019.000","hPa","0.861","-0.02617","0.00035","0","0","13.56","Humid","22.75","0","51.00","250683.46","SABD0000000001","AAV1.0.0.11","1.1.2.0","PSt7-10","170328-022","9/30/2017 7:09:10 PM","0000-00","0","no battery","V"
"11/03/2018","09:52:11","9","default","550496092","OXY_CH9","28.166","min","249.090","µmol/L","Humid","18.776","deg","79166","µV","26.097","°C","1019.000","hPa","34.1","pmil","0","53.442","deg","23.711","°C","100.000","%a.s.","21.016","deg","23.307","°C","1019.000","hPa","0.861","-0.02617","0.00035","0","0","13.56","Humid","22.75","0","51.00","250685.01","SABD0000000001","AAV1.0.0.11","1.1.2.0","PSt7-10","170328-022","9/30/2017 7:09:10 PM","0000-00","0","no battery","V"
"11/03/2018","09:52:12","9","default","550496092","OXY_CH9","28.182","min","249.164","µmol/L","Humid","18.774","deg","79155","µV","26.094","°C","1019.000","hPa","34.1","pmil","0","53.442","deg","23.711","°C","100.000","%a.s.","21.016","deg","23.307","°C","1019.000","hPa","0.861","-0.02617","0.00035","0","0","13.56","Humid","22.75","0","51.00","250683.85","SABD0000000001","AAV1.0.0.11","1.1.2.0","PSt7-10","170328-022","9/30/2017 7:09:10 PM","0000-00","0","no battery","V"
"11/03/2018","09:52:13","9","default","550496092","OXY_CH9","28.199","min","249.207","µmol/L","Humid","18.773","deg","79160","µV","26.091","°C","1019.000","hPa","34.1","pmil","0","53.442","deg","23.711","°C","100.000","%a.s.","21.016","deg","23.307","°C","1019.000","hPa","0.861","-0.02617","0.00035","0","0","13.56","Humid","22.75","0","51.00","250682.95","SABD0000000001","AAV1.0.0.11","1.1.2.0","PSt7-10","170328-022","9/30/2017 7:09:10 PM","0000-00","0","no battery","V"
"11/03/2018","09:52:14","9","default","550496092","OXY_CH9","28.216","min","249.091","µmol/L","Humid","18.780","deg","79160","µV","26.084","°C","1019.000","hPa","34.1","pmil","0","53.442","deg","23.711","°C","100.000","%a.s.","21.016","deg","23.307","°C","1019.000","hPa","0.861","-0.02617","0.00035","0","0","13.56","Humid","22.75","0","51.00","250672.23","SABD0000000001","AAV1.0.0.11","1.1.2.0","PSt7-10","170328-022","9/30/2017 7:09:10 PM","0000-00","0","no battery","V"
"11/03/2018","09:52:15","9","default","550496092","OXY_CH9","28.233","min","249.139","µmol/L","Humid","18.777","deg","79162","µV","26.087","°C","1019.000","hPa","34.1","pmil","0","53.442","deg","23.711","°C","100.000","%a.s.","21.016","deg","23.307","°C","1019.000","hPa","0.861","-0.02617","0.00035","0","0","13.56","Humid","22.75","0","51.00","250674.42","SABD0000000001","AAV1.0.0.11","1.1.2.0","PSt7-10","170328-022","9/30/2017 7:09:10 PM","0000-00","0","no battery","V"
"11/03/2018","09:52:16","9","default","550496092","OXY_CH9","28.249","min","249.184","µmol/L","Humid","18.776","deg","79165","µV","26.084","°C","1019.000","hPa","34.1","pmil","0","53.442","deg","23.711","°C","100.000","%a.s.","21.016","deg","23.307","°C","1019.000","hPa","0.861","-0.02617","0.00035","0","0","13.56","Humid","22.75","0","51.00","250672.01","SABD0000000001","AAV1.0.0.11","1.1.2.0","PSt7-10","170328-022","9/30/2017 7:09:10 PM","0000-00","0","no battery","V"
"11/03/2018","09:52:17","9","default","550496092","OXY_CH9","28.266","min","249.051","µmol/L","Humid","18.779","deg","79157","µV","26.093","°C","1019.000","hPa","34.1","pmil","0","53.442","deg","23.711","°C","100.000","%a.s.","21.016","deg","23.307","°C","1019.000","hPa","0.861","-0.02617","0.00035","0","0","13.56","Humid","22.75","0","51.00","250672.50","SABD0000000001","AAV1.0.0.11","1.1.2.0","PSt7-10","170328-022","9/30/2017 7:09:10 PM","0000-00","0","no battery","V"
"11/03/2018","09:52:18","9","default","550496092","OXY_CH9","28.283","min","249.008","µmol/L","Humid","18.781","deg","79156","µV","26.092","°C","1019.000","hPa","34.1","pmil","0","53.442","deg","23.711","°C","100.000","%a.s.","21.016","deg","23.307","°C","1019.000","hPa","0.861","-0.02617","0.00035","0","0","13.56","Humid","22.75","0","51.00","250671.16","SABD0000000001","AAV1.0.0.11","1.1.2.0","PSt7-10","170328-022","9/30/2017 7:09:10 PM","0000-00","0","no battery","V"
"11/03/2018","09:52:19","9","default","550496092","OXY_CH9","28.299","min","249.039","µmol/L","Humid","18.780","deg","79160","µV","26.091","°C","1019.000","hPa","34.1","pmil","0","53.442","deg","23.711","°C","100.000","%a.s.","21.016","deg","23.307","°C","1019.000","hPa","0.861","-0.02617","0.00035","0","0","13.56","Humid","22.75","0","51.00","250678.19","SABD0000000001","AAV1.0.0.11","1.1.2.0","PSt7-10","170328-022","9/30/2017 7:09:10 PM","0000-00","0","no battery","V"
"11/03/2018","09:52:20","9","default","550496092","OXY_CH9","28.316","min","249.094","µmol/L","Humid","18.775","deg","79157","µV","26.100","°C","1019.000","hPa","34.1","pmil","0","53.442","deg","23.711","°C","100.000","%a.s.","21.016","deg","23.307","°C","1019.000","hPa","0.861","-0.02617","0.00035","0","0","13.56","Humid","22.75","0","51.00","250668.50","SABD0000000001","AAV1.0.0.11","1.1.2.0","PSt7-10","170328-022","9/30/2017 7:09:10 PM","0000-00","0","no battery","V"
"11/03/2018","09:52:21","9","default","550496092","OXY_CH9","28.332","min","249.177","µmol/L","Humid","18.777","deg","79150","µV","26.082","°C","1019.000","hPa","34.1","pmil","0","53.442","deg","23.711","°C","100.000","%a.s.","21.016","deg","23.307","°C","1019.000","hPa","0.861","-0.02617","0.00035","0","0","13.56","Humid","22.75","0","51.00","250664.28","SABD0000000001","AAV1.0.0.11","1.1.2.0","PSt7-10","170328-022","9/30/2017 7:09:10 PM","0000-00","0","no battery","V"
"11/03/2018","09:52:22","9","default","550496092","OXY_CH9","28.349","min","249.156","µmol/L","Humid","18.779","deg","79161","µV","26.078","°C","1019.000","hPa","34.1","pmil","0","53.442","deg","23.711","°C","100.000","%a.s.","21.016","deg","23.307","°C","1019.000","hPa","0.861","-0.02617","0.00035","0","0","13.56","Humid","22.75","0","51.00","250669.76","SABD0000000001","AAV1.0.0.11","1.1.2.0","PSt7-10","170328-022","9/30/2017 7:09:10 PM","0000-00","0","no battery","V"
"11/03/2018","09:52:23","9","default","550496092","OXY_CH9","28.366","min","249.136","µmol/L","Humid","18.776","deg","79153","µV","26.091","°C","1019.000","hPa","34.1","pmil","0","53.442","deg","23.711","°C","100.000","%a.s.","21.016","deg","23.307","°C","1019.000","hPa","0.861","-0.02617","0.00035","0","0","13.56","Humid","22.75","0","51.00","250665.52","SABD0000000001","AAV1.0.0.11","1.1.2.0","PSt7-10","170328-022","9/30/2017 7:09:10 PM","0000-00","0","no battery","V"
"11/03/2018","09:52:24","9","default","550496092","OXY_CH9","28.383","min","249.146","µmol/L","Humid","18.780","deg","79156","µV","26.077","°C","1019.000","hPa","34.1","pmil","0","53.442","deg","23.711","°C","100.000","%a.s.","21.016","deg","23.307","°C","1019.000","hPa","0.861","-0.02617","0.00035","0","0","13.56","Humid","22.75","0","51.00","250667.10","SABD0000000001","AAV1.0.0.11","1.1.2.0","PSt7-10","170328-022","9/30/2017 7:09:10 PM","0000-00","0","no battery","V"
"11/03/2018","09:52:25","9","default","550496092","OXY_CH9","28.399","min","249.223","µmol/L","Humid","18.773","deg","79150","µV","26.089","°C","1019.000","hPa","34.1","pmil","0","53.442","deg","23.711","°C","100.000","%a.s.","21.016","deg","23.307","°C","1019.000","hPa","0.861","-0.02617","0.00035","0","0","13.56","Humid","22.75","0","51.00","250660.96","SABD0000000001","AAV1.0.0.11","1.1.2.0","PSt7-10","170328-022","9/30/2017 7:09:10 PM","0000-00","0","no battery","V"
"11/03/2018","09:52:26","9","default","550496092","OXY_CH9","28.416","min","249.229","µmol/L","Humid","18.774","deg","79148","µV","26.085","°C","1019.000","hPa","34.1","pmil","0","53.442","deg","23.711","°C","100.000","%a.s.","21.016","deg","23.307","°C","1019.000","hPa","0.861","-0.02617","0.00035","0","0","13.56","Humid","22.75","0","51.00","250664.95","SABD0000000001","AAV1.0.0.11","1.1.2.0","PSt7-10","170328-022","9/30/2017 7:09:10 PM","0000-00","0","no battery","V"
"11/03/2018","09:52:27","9","default","550496092","OXY_CH9","28.433","min","249.216","µmol/L","Humid","18.772","deg","79147","µV","26.093","°C","1019.000","hPa","34.1","pmil","0","53.442","deg","23.711","°C","100.000","%a.s.","21.016","deg","23.307","°C","1019.000","hPa","0.861","-0.02617","0.00035","0","0","13.56","Humid","22.75","0","51.00","250665.68","SABD0000000001","AAV1.0.0.11","1.1.2.0","PSt7-10","170328-022","9/30/2017 7:09:10 PM","0000-00","0","no battery","V"
"11/03/2018","09:52:28","9","default","550496092","OXY_CH9","28.449","min","249.122","µmol/L","Humid","18.774","deg","79161","µV","26.099","°C","1019.000","hPa","34.1","pmil","0","53.442","deg","23.711","°C","100.000","%a.s.","21.016","deg","23.307","°C","1019.000","hPa","0.861","-0.02617","0.00035","0","0","13.56","Humid","22.75","0","51.00","250665.13","SABD0000000001","AAV1.0.0.11","1.1.2.0","PSt7-10","170328-022","9/30/2017 7:09:10 PM","0000-00","0","no battery","V"
"11/03/2018","09:52:29","9","default","550496092","OXY_CH9","28.465","min","249.092","µmol/L","Humid","18.777","deg","79161","µV","26.094","°C","1019.000","hPa","34.1","pmil","0","53.442","deg","23.711","°C","100.000","%a.s.","21.016","deg","23.307","°C","1019.000","hPa","0.861","-0.02617","0.00035","0","0","13.56","Humid","22.75","0","51.00","250662.90","SABD0000000001","AAV1.0.0.11","1.1.2.0","PSt7-10","170328-022","9/30/2017 7:09:10 PM","0000-00","0","no battery","V"
"11/03/2018","09:52:30","9","default","550496092","OXY_CH9","28.482","min","248.999","µmol/L","Humid","18.781","deg","79152","µV","26.093","°C","1019.000","hPa","34.1","pmil","0","53.442","deg","23.711","°C","100.000","%a.s.","21.016","deg","23.307","°C","1019.000","hPa","0.861","-0.02617","0.00035","0","0","13.56","Humid","22.75","0","51.00","250665.49","SABD0000000001","AAV1.0.0.11","1.1.2.0","PSt7-10","170328-022","9/30/2017 7:09:10 PM","0000-00","0","no battery","V"
"11/03/2018","09:52:31","9","default","550496092","OXY_CH9","28.499","min","249.148","µmol/L","Humid","18.776","deg","79152","µV","26.089","°C","1019.000","hPa","34.1","pmil","0","53.442","deg","23.711","°C","100.000","%a.s.","21.016","deg","23.307","°C","1019.000","hPa","0.861","-0.02617","0.00035","0","0","13.56","Humid","22.75","0","51.00","250671.25","SABD0000000001","AAV1.0.0.11","1.1.2.0","PSt7-10","170328-022","9/30/2017 7:09:10 PM","0000-00","0","no battery","V"
"11/03/2018","09:52:32","9","default","550496092","OXY_CH9","28.516","min","249.098","µmol/L","Humid","18.777","deg","79158","µV","26.093","°C","1019.000","hPa","34.1","pmil","0","53.442","deg","23.711","°C","100.000","%a.s.","21.016","deg","23.307","°C","1019.000","hPa","0.861","-0.02617","0.00035","0","0","13.56","Humid","22.75","0","51.00","250678.23","SABD0000000001","AAV1.0.0.11","1.1.2.0","PSt7-10","170328-022","9/30/2017 7:09:10 PM","0000-00","0","no battery","V"
"11/03/2018","09:52:33","9","default","550496092","OXY_CH9","28.533","min","249.096","µmol/L","Humid","18.780","deg","79160","µV","26.083","°C","1019.000","hPa","34.1","pmil","0","53.442","deg","23.711","°C","100.000","%a.s.","21.016","deg","23.307","°C","1019.000","hPa","0.861","-0.02617","0.00035","0","0","13.56","Humid","22.75","0","51.00","250671.86","SABD0000000001","AAV1.0.0.11","1.1.2.0","PSt7-10","170328-022","9/30/2017 7:09:10 PM","0000-00","0","no battery","V"
"11/03/2018","09:52:34","9","default","550496092","OXY_CH9","28.549","min","249.020","µmol/L","Humid","18.781","deg","79158","µV","26.090","°C","1019.000","hPa","34.1","pmil","0","53.442","deg","23.711","°C","100.000","%a.s.","21.016","deg","23.307","°C","1019.000","hPa","0.861","-0.02617","0.00035","0","0","13.56","Humid","22.75","0","51.00","250664.28","SABD0000000001","AAV1.0.0.11","1.1.2.0","PSt7-10","170328-022","9/30/2017 7:09:10 PM","0000-00","0","no battery","V"
"11/03/2018","09:52:35","9","default","550496092","OXY_CH9","28.566","min","249.123","µmol/L","Humid","18.775","deg","79155","µV","26.096","°C","1019.000","hPa","34.1","pmil","0","53.442","deg","23.711","°C","100.000","%a.s.","21.016","deg","23.307","°C","1019.000","hPa","0.861","-0.02617","0.00035","0","0","13.56","Humid","22.75","0","51.00","250664.48","SABD0000000001","AAV1.0.0.11","1.1.2.0","PSt7-10","170328-022","9/30/2017 7:09:10 PM","0000-00","0","no battery","V"
"11/03/2018","09:52:36","9","default","550496092","OXY_CH9","28.583","min","249.136","µmol/L","Humid","18.778","deg","79153","µV","26.084","°C","1019.000","hPa","34.1","pmil","0","53.442","deg","23.711","°C","100.000","%a.s.","21.016","deg","23.307","°C","1019.000","hPa","0.861","-0.02617","0.00035","0","0","13.56","Humid","22.75","0","51.00","250666.53","SABD0000000001","AAV1.0.0.11","1.1.2.0","PSt7-10","170328-022","9/30/2017 7:09:10 PM","0000-00","0","no battery","V"
"11/03/2018","09:52:37","9","default","550496092","OXY_CH9","28.599","min","249.169","µmol/L","Humid","18.778","deg","79159","µV","26.080","°C","1019.000","hPa","34.1","pmil","0","53.442","deg","23.711","°C","100.000","%a.s.","21.016","deg","23.307","°C","1019.000","hPa","0.861","-0.02617","0.00035","0","0","13.56","Humid","22.75","0","51.00","250659.23","SABD0000000001","AAV1.0.0.11","1.1.2.0","PSt7-10","170328-022","9/30/2017 7:09:10 PM","0000-00","0","no battery","V"
"11/03/2018","09:52:38","9","default","550496092","OXY_CH9","28.615","min","249.178","µmol/L","Humid","18.778","deg","79155","µV","26.079","°C","1019.000","hPa","34.1","pmil","0","53.442","deg","23.711","°C","100.000","%a.s.","21.016","deg","23.307","°C","1019.000","hPa","0.861","-0.02617","0.00035","0","0","13.56","Humid","22.75","0","51.00","250658.20","SABD0000000001","AAV1.0.0.11","1.1.2.0","PSt7-10","170328-022","9/30/2017 7:09:10 PM","0000-00","0","no battery","V"
"11/03/2018","09:52:39","9","default","550496092","OXY_CH9","28.632","min","249.135","µmol/L","Humid","18.780","deg","79159","µV","26.078","°C","1019.000","hPa","34.1","pmil","0","53.442","deg","23.711","°C","100.000","%a.s.","21.016","deg","23.307","°C","1019.000","hPa","0.861","-0.02617","0.00035","0","0","13.56","Humid","22.75","0","51.00","250657.57","SABD0000000001","AAV1.0.0.11","1.1.2.0","PSt7-10","170328-022","9/30/2017 7:09:10 PM","0000-00","0","no battery","V"
"11/03/2018","09:52:40","9","default","550496092","OXY_CH9","28.649","min","249.055","µmol/L","Humid","18.781","deg","79159","µV","26.086","°C","1019.000","hPa","34.1","pmil","0","53.442","deg","23.711","°C","100.000","%a.s.","21.016","deg","23.307","°C","1019.000","hPa","0.861","-0.02617","0.00035","0","0","13.56","Humid","22.75","0","51.00","250662.51","SABD0000000001","AAV1.0.0.11","1.1.2.0","PSt7-10","170328-022","9/30/2017 7:09:10 PM","0000-00","0","no battery","V"
"11/03/2018","09:52:41","9","default","550496092","OXY_CH9","28.666","min","249.236","µmol/L","Humid","18.774","deg","79153","µV","26.084","°C","1019.000","hPa","34.1","pmil","0","53.442","deg","23.711","°C","100.000","%a.s.","21.016","deg","23.307","°C","1019.000","hPa","0.861","-0.02617","0.00035","0","0","13.56","Humid","22.75","0","51.00","250652.09","SABD0000000001","AAV1.0.0.11","1.1.2.0","PSt7-10","170328-022","9/30/2017 7:09:10 PM","0000-00","0","no battery","V"
"11/03/2018","09:52:42","9","default","550496092","OXY_CH9","28.683","min","249.156","µmol/L","Humid","18.776","deg","79167","µV","26.088","°C","1019.000","hPa","34.1","pmil","0","53.442","deg","23.711","°C","100.000","%a.s.","21.016","deg","23.307","°C","1019.000","hPa","0.861","-0.02617","0.00035","0","0","13.56","Humid","22.75","0","51.00","250664.53","SABD0000000001","AAV1.0.0.11","1.1.2.0","PSt7-10","170328-022","9/30/2017 7:09:10 PM","0000-00","0","no battery","V"
"11/03/2018","09:52:43","9","default","550496092","OXY_CH9","28.699","min","249.144","µmol/L","Humid","18.779","deg","79152","µV","26.080","°C","1019.000","hPa","34.1","pmil","0","53.442","deg","23.711","°C","100.000","%a.s.","21.016","deg","23.307","°C","1019.000","hPa","0.861","-0.02617","0.00035","0","0","13.56","Humid","22.75","0","51.00","250661.06","SABD0000000001","AAV1.0.0.11","1.1.2.0","PSt7-10","170328-022","9/30/2017 7:09:10 PM","0000-00","0","no battery","V"
"11/03/2018","09:52:44","9","default","550496092","OXY_CH9","28.716","min","249.009","µmol/L","Humid","18.784","deg","79164","µV","26.082","°C","1019.000","hPa","34.1","pmil","0","53.442","deg","23.711","°C","100.000","%a.s.","21.016","deg","23.307","°C","1019.000","hPa","0.861","-0.02617","0.00035","0","0","13.56","Humid","22.75","0","51.00","250663.15","SABD0000000001","AAV1.0.0.11","1.1.2.0","PSt7-10","170328-022","9/30/2017 7:09:10 PM","0000-00","0","no battery","V"
"11/03/2018","09:52:45","9","default","550496092","OXY_CH9","28.733","min","248.978","µmol/L","Humid","18.781","deg","79152","µV","26.096","°C","1019.000","hPa","34.1","pmil","0","53.442","deg","23.711","°C","100.000","%a.s.","21.016","deg","23.307","°C","1019.000","hPa","0.861","-0.02617","0.00035","0","0","13.56","Humid","22.75","0","51.00","250654.85","SABD0000000001","AAV1.0.0.11","1.1.2.0","PSt7-10","170328-022","9/30/2017 7:09:10 PM","0000-00","0","no battery","V"
"11/03/2018","09:52:46","9","default","550496092","OXY_CH9","28.749","min","249.025","µmol/L","Humid","18.779","deg","79156","µV","26.096","°C","1019.000","hPa","34.1","pmil","0","53.442","deg","23.711","°C","100.000","%a.s.","21.016","deg","23.307","°C","1019.000","hPa","0.861","-0.02617","0.00035","0","0","13.56","Humid","22.75","0","51.00","250658.48","SABD0000000001","AAV1.0.0.11","1.1.2.0","PSt7-10","170328-022","9/30/2017 7:09:10 PM","0000-00","0","no battery","V"
"11/03/2018","09:52:47","9","default","550496092","OXY_CH9","28.766","min","248.985","µmol/L","Humid","18.780","deg","79153","µV","26.098","°C","1019.000","hPa","34.1","pmil","0","53.442","deg","23.711","°C","100.000","%a.s.","21.016","deg","23.307","°C","1019.000","hPa","0.861","-0.02617","0.00035","0","0","13.56","Humid","22.75","0","51.00","250652.80","SABD0000000001","AAV1.0.0.11","1.1.2.0","PSt7-10","170328-022","9/30/2017 7:09:10 PM","0000-00","0","no battery","V"
"11/03/2018","09:52:48","9","default","550496092","OXY_CH9","28.782","min","248.904","µmol/L","Humid","18.783","deg","79156","µV","26.100","°C","1019.000","hPa","34.1","pmil","0","53.442","deg","23.711","°C","100.000","%a.s.","21.016","deg","23.307","°C","1019.000","hPa","0.861","-0.02617","0.00035","0","0","13.56","Humid","22.75","0","51.00","250654.18","SABD0000000001","AAV1.0.0.11","1.1.2.0","PSt7-10","170328-022","9/30/2017 7:09:10 PM","0000-00","0","no battery","V"
"11/03/2018","09:52:49","9","default","550496092","OXY_CH9","28.799","min","248.987","µmol/L","Humid","18.783","deg","79159","µV","26.088","°C","1019.000","hPa","34.1","pmil","0","53.442","deg","23.711","°C","100.000","%a.s.","21.016","deg","23.307","°C","1019.000","hPa","0.861","-0.02617","0.00035","0","0","13.56","Humid","22.75","0","51.00","250650.26","SABD0000000001","AAV1.0.0.11","1.1.2.0","PSt7-10","170328-022","9/30/2017 7:09:10 PM","0000-00","0","no battery","V"
"11/03/2018","09:52:50","9","default","550496092","OXY_CH9","28.816","min","249.138","µmol/L","Humid","18.775","deg","79162","µV","26.094","°C","1019.000","hPa","34.1","pmil","0","53.442","deg","23.711","°C","100.000","%a.s.","21.016","deg","23.307","°C","1019.000","hPa","0.861","-0.02617","0.00035","0","0","13.56","Humid","22.75","0","51.00","250656.10","SABD0000000001","AAV1.0.0.11","1.1.2.0","PSt7-10","170328-022","9/30/2017 7:09:10 PM","0000-00","0","no battery","V"
"11/03/2018","09:52:51","9","default","550496092","OXY_CH9","28.833","min","249.073","µmol/L","Humid","18.779","deg","79153","µV","26.090","°C","1019.000","hPa","34.1","pmil","0","53.442","deg","23.711","°C","100.000","%a.s.","21.016","deg","23.307","°C","1019.000","hPa","0.861","-0.02617","0.00035","0","0","13.56","Humid","22.75","0","51.00","250651.79","SABD0000000001","AAV1.0.0.11","1.1.2.0","PSt7-10","170328-022","9/30/2017 7:09:10 PM","0000-00","0","no battery","V"
"11/03/2018","09:52:52","9","default","550496092","OXY_CH9","28.849","min","249.045","µmol/L","Humid","18.780","deg","79154","µV","26.090","°C","1019.000","hPa","34.1","pmil","0","53.442","deg","23.711","°C","100.000","%a.s.","21.016","deg","23.307","°C","1019.000","hPa","0.861","-0.02617","0.00035","0","0","13.56","Humid","22.75","0","51.00","250641.79","SABD0000000001","AAV1.0.0.11","1.1.2.0","PSt7-10","170328-022","9/30/2017 7:09:10 PM","0000-00","0","no battery","V"
"11/03/2018","09:52:53","9","default","550496092","OXY_CH9","28.866","min","249.174","µmol/L","Humid","18.774","deg","79149","µV","26.092","°C","1019.000","hPa","34.1","pmil","0","53.442","deg","23.711","°C","100.000","%a.s.","21.016","deg","23.307","°C","1019.000","hPa","0.861","-0.02617","0.00035","0","0","13.56","Humid","22.75","0","51.00","250642.13","SABD0000000001","AAV1.0.0.11","1.1.2.0","PSt7-10","170328-022","9/30/2017 7:09:10 PM","0000-00","0","no battery","V"
"11/03/2018","09:52:54","9","default","550496092","OXY_CH9","28.883","min","249.105","µmol/L","Humid","18.779","deg","79152","µV","26.085","°C","1019.000","hPa","34.1","pmil","0","53.442","deg","23.711","°C","100.000","%a.s.","21.016","deg","23.307","°C","1019.000","hPa","0.861","-0.02617","0.00035","0","0","13.56","Humid","22.75","0","51.00","250636.23","SABD0000000001","AAV1.0.0.11","1.1.2.0","PSt7-10","170328-022","9/30/2017 7:09:10 PM","0000-00","0","no battery","V"
"11/03/2018","09:52:55","9","default","550496092","OXY_CH9","28.899","min","248.942","µmol/L","Humid","18.783","deg","79153","µV","26.094","°C","1019.000","hPa","34.1","pmil","0","53.442","deg","23.711","°C","100.000","%a.s.","21.016","deg","23.307","°C","1019.000","hPa","0.861","-0.02617","0.00035","0","0","13.56","Humid","22.75","0","51.00","250647.14","SABD0000000001","AAV1.0.0.11","1.1.2.0","PSt7-10","170328-022","9/30/2017 7:09:10 PM","0000-00","0","no battery","V"
"11/03/2018","09:52:56","9","default","550496092","OXY_CH9","28.915","min","248.982","µmol/L","Humid","18.782","deg","79156","µV","26.092","°C","1019.000","hPa","34.1","pmil","0","53.442","deg","23.711","°C","100.000","%a.s.","21.016","deg","23.307","°C","1019.000","hPa","0.861","-0.02617","0.00035","0","0","13.56","Humid","22.75","0","51.00","250647.07","SABD0000000001","AAV1.0.0.11","1.1.2.0","PSt7-10","170328-022","9/30/2017 7:09:10 PM","0000-00","0","no battery","V"
"11/03/2018","09:52:57","9","default","550496092","OXY_CH9","28.932","min","248.974","µmol/L","Humid","18.783","deg","79159","µV","26.090","°C","1019.000","hPa","34.1","pmil","0","53.442","deg","23.711","°C","100.000","%a.s.","21.016","deg","23.307","°C","1019.000","hPa","0.861","-0.02617","0.00035","0","0","13.56","Humid","22.75","0","51.00","250646.10","SABD0000000001","AAV1.0.0.11","1.1.2.0","PSt7-10","170328-022","9/30/2017 7:09:10 PM","0000-00","0","no battery","V"
"11/03/2018","09:52:58","9","default","550496092","OXY_CH9","28.949","min","248.998","µmol/L","Humid","18.781","deg","79161","µV","26.093","°C","1019.000","hPa","34.1","pmil","0","53.442","deg","23.711","°C","100.000","%a.s.","21.016","deg","23.307","°C","1019.000","hPa","0.861","-0.02617","0.00035","0","0","13.56","Humid","22.75","0","51.00","250645.92","SABD0000000001","AAV1.0.0.11","1.1.2.0","PSt7-10","170328-022","9/30/2017 7:09:10 PM","0000-00","0","no battery","V"
"11/03/2018","09:52:59","9","default","550496092","OXY_CH9","28.966","min","249.096","µmol/L","Humid","18.778","deg","79162","µV","26.090","°C","1019.000","hPa","34.1","pmil","0","53.442","deg","23.711","°C","100.000","%a.s.","21.016","deg","23.307","°C","1019.000","hPa","0.861","-0.02617","0.00035","0","0","13.56","Humid","22.75","0","51.00","250651.51","SABD0000000001","AAV1.0.0.11","1.1.2.0","PSt7-10","170328-022","9/30/2017 7:09:10 PM","0000-00","0","no battery","V"
"11/03/2018","09:53:00","9","default","550496092","OXY_CH9","28.982","min","248.898","µmol/L","Humid","18.781","deg","79157","µV","26.107","°C","1019.000","hPa","34.1","pmil","0","53.442","deg","23.711","°C","100.000","%a.s.","21.016","deg","23.307","°C","1019.000","hPa","0.861","-0.02617","0.00035","0","0","13.56","Humid","22.75","0","51.00","250638.78","SABD0000000001","AAV1.0.0.11","1.1.2.0","PSt7-10","170328-022","9/30/2017 7:09:10 PM","0000-00","0","no battery","V"
"11/03/2018","09:53:01","9","default","550496092","OXY_CH9","28.999","min","249.195","µmol/L","Humid","18.778","deg","79164","µV","26.076","°C","1019.000","hPa","34.1","pmil","0","53.442","deg","23.711","°C","100.000","%a.s.","21.016","deg","23.307","°C","1019.000","hPa","0.861","-0.02617","0.00035","0","0","13.56","Humid","22.75","0","51.00","250637.46","SABD0000000001","AAV1.0.0.11","1.1.2.0","PSt7-10","170328-022","9/30/2017 7:09:10 PM","0000-00","0","no battery","V"
"11/03/2018","09:53:02","9","default","550496092","OXY_CH9","29.016","min","249.113","µmol/L","Humid","18.782","deg","79152","µV","26.074","°C","1019.000","hPa","34.1","pmil","0","53.442","deg","23.711","°C","100.000","%a.s.","21.016","deg","23.307","°C","1019.000","hPa","0.861","-0.02617","0.00035","0","0","13.56","Humid","22.75","0","51.00","250632.59","SABD0000000001","AAV1.0.0.11","1.1.2.0","PSt7-10","170328-022","9/30/2017 7:09:10 PM","0000-00","0","no battery","V"
"11/03/2018","09:53:03","9","default","550496092","OXY_CH9","29.033","min","248.951","µmol/L","Humid","18.784","deg","79160","µV","26.090","°C","1019.000","hPa","34.1","pmil","0","53.442","deg","23.711","°C","100.000","%a.s.","21.016","deg","23.307","°C","1019.000","hPa","0.861","-0.02617","0.00035","0","0","13.56","Humid","22.75","0","51.00","250638.63","SABD0000000001","AAV1.0.0.11","1.1.2.0","PSt7-10","170328-022","9/30/2017 7:09:10 PM","0000-00","0","no battery","V"
"11/03/2018","09:53:04","9","default","550496092","OXY_CH9","29.049","min","248.956","µmol/L","Humid","18.785","deg","79155","µV","26.086","°C","1019.000","hPa","34.1","pmil","0","53.442","deg","23.711","°C","100.000","%a.s.","21.016","deg","23.307","°C","1019.000","hPa","0.861","-0.02617","0.00035","0","0","13.56","Humid","22.75","0","51.00","250642.76","SABD0000000001","AAV1.0.0.11","1.1.2.0","PSt7-10","170328-022","9/30/2017 7:09:10 PM","0000-00","0","no battery","V"
"11/03/2018","09:53:05","9","default","550496092","OXY_CH9","29.065","min","248.958","µmol/L","Humid","18.781","deg","79151","µV","26.099","°C","1019.000","hPa","34.1","pmil","0","53.442","deg","23.711","°C","100.000","%a.s.","21.016","deg","23.307","°C","1019.000","hPa","0.861","-0.02617","0.00035","0","0","13.56","Humid","22.75","0","51.00","250628.96","SABD0000000001","AAV1.0.0.11","1.1.2.0","PSt7-10","170328-022","9/30/2017 7:09:10 PM","0000-00","0","no battery","V"
"11/03/2018","09:53:06","9","default","550496092","OXY_CH9","29.082","min","248.969","µmol/L","Humid","18.781","deg","79153","µV","26.097","°C","1019.000","hPa","34.1","pmil","0","53.442","deg","23.711","°C","100.000","%a.s.","21.016","deg","23.307","°C","1019.000","hPa","0.861","-0.02617","0.00035","0","0","13.56","Humid","22.75","0","51.00","250632.28","SABD0000000001","AAV1.0.0.11","1.1.2.0","PSt7-10","170328-022","9/30/2017 7:09:10 PM","0000-00","0","no battery","V"
"11/03/2018","09:53:07","9","default","550496092","OXY_CH9","29.099","min","249.030","µmol/L","Humid","18.781","deg","79157","µV","26.089","°C","1019.000","hPa","34.1","pmil","0","53.442","deg","23.711","°C","100.000","%a.s.","21.016","deg","23.307","°C","1019.000","hPa","0.861","-0.02617","0.00035","0","0","13.56","Humid","22.75","0","51.00","250638.62","SABD0000000001","AAV1.0.0.11","1.1.2.0","PSt7-10","170328-022","9/30/2017 7:09:10 PM","0000-00","0","no battery","V"
"11/03/2018","09:53:08","9","default","550496092","OXY_CH9","29.116","min","248.945","µmol/L","Humid","18.781","deg","79155","µV","26.101","°C","1019.000","hPa","34.1","pmil","0","53.442","deg","23.711","°C","100.000","%a.s.","21.016","deg","23.307","°C","1019.000","hPa","0.861","-0.02617","0.00035","0","0","13.56","Humid","22.75","0","51.00","250636.12","SABD0000000001","AAV1.0.0.11","1.1.2.0","PSt7-10","170328-022","9/30/2017 7:09:10 PM","0000-00","0","no battery","V"
"11/03/2018","09:53:09","9","default","550496092","OXY_CH9","29.132","min","248.924","µmol/L","Humid","18.784","deg","79159","µV","26.094","°C","1019.000","hPa","34.1","pmil","0","53.442","deg","23.711","°C","100.000","%a.s.","21.016","deg","23.307","°C","1019.000","hPa","0.861","-0.02617","0.00035","0","0","13.56","Humid","22.75","0","51.00","250615.16","SABD0000000001","AAV1.0.0.11","1.1.2.0","PSt7-10","170328-022","9/30/2017 7:09:10 PM","0000-00","0","no battery","V"
"11/03/2018","09:53:10","9","default","550496092","OXY_CH9","29.149","min","249.003","µmol/L","Humid","18.781","deg","79154","µV","26.093","°C","1019.000","hPa","34.1","pmil","0","53.442","deg","23.711","°C","100.000","%a.s.","21.016","deg","23.307","°C","1019.000","hPa","0.861","-0.02617","0.00035","0","0","13.56","Humid","22.75","0","51.00","250620.09","SABD0000000001","AAV1.0.0.11","1.1.2.0","PSt7-10","170328-022","9/30/2017 7:09:10 PM","0000-00","0","no battery","V"
"11/03/2018","09:53:11","9","default","550496092","OXY_CH9","29.166","min","249.016","µmol/L","Humid","18.782","deg","79157","µV","26.088","°C","1019.000","hPa","34.1","pmil","0","53.442","deg","23.711","°C","100.000","%a.s.","21.016","deg","23.307","°C","1019.000","hPa","0.861","-0.02617","0.00035","0","0","13.56","Humid","22.75","0","51.00","250622.74","SABD0000000001","AAV1.0.0.11","1.1.2.0","PSt7-10","170328-022","9/30/2017 7:09:10 PM","0000-00","0","no battery","V"
"11/03/2018","09:53:12","9","default","550496092","OXY_CH9","29.183","min","248.968","µmol/L","Humid","18.783","deg","79156","µV","26.091","°C","1019.000","hPa","34.1","pmil","0","53.442","deg","23.711","°C","100.000","%a.s.","21.016","deg","23.307","°C","1019.000","hPa","0.861","-0.02617","0.00035","0","0","13.56","Humid","22.75","0","51.00","250618.30","SABD0000000001","AAV1.0.0.11","1.1.2.0","PSt7-10","170328-022","9/30/2017 7:09:10 PM","0000-00","0","no battery","V"
"11/03/2018","09:53:13","9","default","550496092","OXY_CH9","29.199","min","248.800","µmol/L","Humid","18.787","deg","79154","µV","26.101","°C","1019.000","hPa","34.1","pmil","0","53.442","deg","23.711","°C","100.000","%a.s.","21.016","deg","23.307","°C","1019.000","hPa","0.861","-0.02617","0.00035","0","0","13.56","Humid","22.75","0","51.00","250623.87","SABD0000000001","AAV1.0.0.11","1.1.2.0","PSt7-10","170328-022","9/30/2017 7:09:10 PM","0000-00","0","no battery","V"
"11/03/2018","09:53:14","9","default","550496092","OXY_CH9","29.216","min","248.863","µmol/L","Humid","18.787","deg","79163","µV","26.092","°C","1019.000","hPa","34.1","pmil","0","53.442","deg","23.711","°C","100.000","%a.s.","21.016","deg","23.307","°C","1019.000","hPa","0.861","-0.02617","0.00035","0","0","13.56","Humid","22.75","0","51.00","250629.72","SABD0000000001","AAV1.0.0.11","1.1.2.0","PSt7-10","170328-022","9/30/2017 7:09:10 PM","0000-00","0","no battery","V"
"11/03/2018","09:53:15","9","default","550496092","OXY_CH9","29.232","min","248.983","µmol/L","Humid","18.785","deg","79162","µV","26.082","°C","1019.000","hPa","34.1","pmil","0","53.442","deg","23.711","°C","100.000","%a.s.","21.016","deg","23.307","°C","1019.000","hPa","0.861","-0.02617","0.00035","0","0","13.56","Humid","22.75","0","51.00","250630.21","SABD0000000001","AAV1.0.0.11","1.1.2.0","PSt7-10","170328-022","9/30/2017 7:09:10 PM","0000-00","0","no battery","V"
"11/03/2018","09:53:16","9","default","550496092","OXY_CH9","29.249","min","249.178","µmol/L","Humid","18.777","deg","79158","µV","26.082","°C","1019.000","hPa","34.1","pmil","0","53.442","deg","23.711","°C","100.000","%a.s.","21.016","deg","23.307","°C","1019.000","hPa","0.861","-0.02617","0.00035","0","0","13.56","Humid","22.75","0","51.00","250636.68","SABD0000000001","AAV1.0.0.11","1.1.2.0","PSt7-10","170328-022","9/30/2017 7:09:10 PM","0000-00","0","no battery","V"
"11/03/2018","09:53:17","9","default","550496092","OXY_CH9","29.266","min","249.142","µmol/L","Humid","18.781","deg","79154","µV","26.074","°C","1019.000","hPa","34.1","pmil","0","53.442","deg","23.711","°C","100.000","%a.s.","21.016","deg","23.307","°C","1019.000","hPa","0.861","-0.02617","0.00035","0","0","13.56","Humid","22.75","0","51.00","250624.91","SABD0000000001","AAV1.0.0.11","1.1.2.0","PSt7-10","170328-022","9/30/2017 7:09:10 PM","0000-00","0","no battery","V"
"11/03/2018","09:53:18","9","default","550496092","OXY_CH9","29.282","min","248.865","µmol/L","Humid","18.788","deg","79157","µV","26.089","°C","1019.000","hPa","34.1","pmil","0","53.442","deg","23.711","°C","100.000","%a.s.","21.016","deg","23.307","°C","1019.000","hPa","0.861","-0.02617","0.00035","0","0","13.56","Humid","22.75","0","51.00","250627.40","SABD0000000001","AAV1.0.0.11","1.1.2.0","PSt7-10","170328-022","9/30/2017 7:09:10 PM","0000-00","0","no battery","V"
"11/03/2018","09:53:19","9","default","550496092","OXY_CH9","29.299","min","248.949","µmol/L","Humid","18.782","deg","79162","µV","26.097","°C","1019.000","hPa","34.1","pmil","0","53.442","deg","23.711","°C","100.000","%a.s.","21.016","deg","23.307","°C","1019.000","hPa","0.861","-0.02617","0.00035","0","0","13.56","Humid","22.75","0","51.00","250630.93","SABD0000000001","AAV1.0.0.11","1.1.2.0","PSt7-10","170328-022","9/30/2017 7:09:10 PM","0000-00","0","no battery","V"
"11/03/2018","09:53:20","9","default","550496092","OXY_CH9","29.316","min","249.126","µmol/L","Humid","18.780","deg","79156","µV","26.079","°C","1019.000","hPa","34.1","pmil","0","53.442","deg","23.711","°C","100.000","%a.s.","21.016","deg","23.307","°C","1019.000","hPa","0.861","-0.02617","0.00035","0","0","13.56","Humid","22.75","0","51.00","250628.31","SABD0000000001","AAV1.0.0.11","1.1.2.0","PSt7-10","170328-022","9/30/2017 7:09:10 PM","0000-00","0","no battery","V"
"11/03/2018","09:53:21","9","default","550496092","OXY_CH9","29.333","min","248.977","µmol/L","Humid","18.786","deg","79156","µV","26.080","°C","1019.000","hPa","34.1","pmil","0","53.442","deg","23.711","°C","100.000","%a.s.","21.016","deg","23.307","°C","1019.000","hPa","0.861","-0.02617","0.00035","0","0","13.56","Humid","22.75","0","51.00","250622.45","SABD0000000001","AAV1.0.0.11","1.1.2.0","PSt7-10","170328-022","9/30/2017 7:09:10 PM","0000-00","0","no battery","V"
"11/03/2018","09:53:22","9","default","550496092","OXY_CH9","29.349","min","249.170","µmol/L","Humid","18.780","deg","79154","µV","26.073","°C","1019.000","hPa","34.1","pmil","0","53.442","deg","23.711","°C","100.000","%a.s.","21.016","deg","23.307","°C","1019.000","hPa","0.861","-0.02617","0.00035","0","0","13.56","Humid","22.75","0","51.00","250617.15","SABD0000000001","AAV1.0.0.11","1.1.2.0","PSt7-10","170328-022","9/30/2017 7:09:10 PM","0000-00","0","no battery","V"
"11/03/2018","09:53:23","9","default","550496092","OXY_CH9","29.366","min","248.869","µmol/L","Humid","18.785","deg","79157","µV","26.098","°C","1019.000","hPa","34.1","pmil","0","53.442","deg","23.711","°C","100.000","%a.s.","21.016","deg","23.307","°C","1019.000","hPa","0.861","-0.02617","0.00035","0","0","13.56","Humid","22.75","0","51.00","250620.98","SABD0000000001","AAV1.0.0.11","1.1.2.0","PSt7-10","170328-022","9/30/2017 7:09:10 PM","0000-00","0","no battery","V"
"11/03/2018","09:53:24","9","default","550496092","OXY_CH9","29.383","min","248.863","µmol/L","Humid","18.784","deg","79166","µV","26.102","°C","1019.000","hPa","34.1","pmil","0","53.442","deg","23.711","°C","100.000","%a.s.","21.016","deg","23.307","°C","1019.000","hPa","0.861","-0.02617","0.00035","0","0","13.56","Humid","22.75","0","51.00","250622.30","SABD0000000001","AAV1.0.0.11","1.1.2.0","PSt7-10","170328-022","9/30/2017 7:09:10 PM","0000-00","0","no battery","V"
"11/03/2018","09:53:25","9","default","550496092","OXY_CH9","29.399","min","248.988","µmol/L","Humid","18.781","deg","79155","µV","26.095","°C","1019.000","hPa","34.1","pmil","0","53.442","deg","23.711","°C","100.000","%a.s.","21.016","deg","23.307","°C","1019.000","hPa","0.861","-0.02617","0.00035","0","0","13.56","Humid","22.75","0","51.00","250615.74","SABD0000000001","AAV1.0.0.11","1.1.2.0","PSt7-10","170328-022","9/30/2017 7:09:10 PM","0000-00","0","no battery","V"
"11/03/2018","09:53:26","9","default","550496092","OXY_CH9","29.415","min","248.829","µmol/L","Humid","18.787","deg","79150","µV","26.097","°C","1019.000","hPa","34.1","pmil","0","53.442","deg","23.711","°C","100.000","%a.s.","21.016","deg","23.307","°C","1019.000","hPa","0.861","-0.02617","0.00035","0","0","13.56","Humid","22.75","0","51.00","250621.15","SABD0000000001","AAV1.0.0.11","1.1.2.0","PSt7-10","170328-022","9/30/2017 7:09:10 PM","0000-00","0","no battery","V"
"11/03/2018","09:53:27","9","default","550496092","OXY_CH9","29.432","min","249.033","µmol/L","Humid","18.782","deg","79160","µV","26.085","°C","1019.000","hPa","34.1","pmil","0","53.442","deg","23.711","°C","100.000","%a.s.","21.016","deg","23.307","°C","1019.000","hPa","0.861","-0.02617","0.00035","0","0","13.56","Humid","22.75","0","51.00","250628.34","SABD0000000001","AAV1.0.0.11","1.1.2.0","PSt7-10","170328-022","9/30/2017 7:09:10 PM","0000-00","0","no battery","V"
"11/03/2018","09:53:28","9","default","550496092","OXY_CH9","29.449","min","248.912","µmol/L","Humid","18.784","deg","79162","µV","26.095","°C","1019.000","hPa","34.1","pmil","0","53.442","deg","23.711","°C","100.000","%a.s.","21.016","deg","23.307","°C","1019.000","hPa","0.861","-0.02617","0.00035","0","0","13.56","Humid","22.75","0","51.00","250618.82","SABD0000000001","AAV1.0.0.11","1.1.2.0","PSt7-10","170328-022","9/30/2017 7:09:10 PM","0000-00","0","no battery","V"
"11/03/2018","09:53:29","9","default","550496092","OXY_CH9","29.466","min","248.934","µmol/L","Humid","18.782","deg","79161","µV","26.099","°C","1019.000","hPa","34.1","pmil","0","53.442","deg","23.711","°C","100.000","%a.s.","21.016","deg","23.307","°C","1019.000","hPa","0.861","-0.02617","0.00035","0","0","13.56","Humid","22.75","0","51.00","250615.91","SABD0000000001","AAV1.0.0.11","1.1.2.0","PSt7-10","170328-022","9/30/2017 7:09:10 PM","0000-00","0","no battery","V"
"11/03/2018","09:53:30","9","default","550496092","OXY_CH9","29.482","min","249.103","µmol/L","Humid","18.779","deg","79156","µV","26.086","°C","1019.000","hPa","34.1","pmil","0","53.442","deg","23.711","°C","100.000","%a.s.","21.016","deg","23.307","°C","1019.000","hPa","0.861","-0.02617","0.00035","0","0","13.56","Humid","22.75","0","51.00","250616.44","SABD0000000001","AAV1.0.0.11","1.1.2.0","PSt7-10","170328-022","9/30/2017 7:09:10 PM","0000-00","0","no battery","V"
"11/03/2018","09:53:31","9","default","550496092","OXY_CH9","29.499","min","248.940","µmol/L","Humid","18.785","deg","79156","µV","26.088","°C","1019.000","hPa","34.1","pmil","0","53.442","deg","23.711","°C","100.000","%a.s.","21.016","deg","23.307","°C","1019.000","hPa","0.861","-0.02617","0.00035","0","0","13.56","Humid","22.75","0","51.00","250618.01","SABD0000000001","AAV1.0.0.11","1.1.2.0","PSt7-10","170328-022","9/30/2017 7:09:10 PM","0000-00","0","no battery","V"
"11/03/2018","09:53:32","9","default","550496092","OXY_CH9","29.516","min","248.908","µmol/L","Humid","18.787","deg","79162","µV","26.086","°C","1019.000","hPa","34.1","pmil","0","53.442","deg","23.711","°C","100.000","%a.s.","21.016","deg","23.307","°C","1019.000","hPa","0.861","-0.02617","0.00035","0","0","13.56","Humid","22.75","0","51.00","250625.49","SABD0000000001","AAV1.0.0.11","1.1.2.0","PSt7-10","170328-022","9/30/2017 7:09:10 PM","0000-00","0","no battery","V"
"11/03/2018","09:53:33","9","default","550496092","OXY_CH9","29.533","min","248.842","µmol/L","Humid","18.785","deg","79157","µV","26.102","°C","1019.000","hPa","34.1","pmil","0","53.442","deg","23.711","°C","100.000","%a.s.","21.016","deg","23.307","°C","1019.000","hPa","0.861","-0.02617","0.00035","0","0","13.56","Humid","22.75","0","51.00","250617.02","SABD0000000001","AAV1.0.0.11","1.1.2.0","PSt7-10","170328-022","9/30/2017 7:09:10 PM","0000-00","0","no battery","V"
"11/03/2018","09:53:34","9","default","550496092","OXY_CH9","29.549","min","248.915","µmol/L","Humid","18.786","deg","79158","µV","26.088","°C","1019.000","hPa","34.1","pmil","0","53.442","deg","23.711","°C","100.000","%a.s.","21.016","deg","23.307","°C","1019.000","hPa","0.861","-0.02617","0.00035","0","0","13.56","Humid","22.75","0","51.00","250605.25","SABD0000000001","AAV1.0.0.11","1.1.2.0","PSt7-10","170328-022","9/30/2017 7:09:10 PM","0000-00","0","no battery","V"
"11/03/2018","09:53:35","9","default","550496092","OXY_CH9","29.566","min","248.957","µmol/L","Humid","18.786","deg","79157","µV","26.083","°C","1019.000","hPa","34.1","pmil","0","53.442","deg","23.711","°C","100.000","%a.s.","21.016","deg","23.307","°C","1019.000","hPa","0.861","-0.02617","0.00035","0","0","13.56","Humid","22.75","0","51.00","250607.74","SABD0000000001","AAV1.0.0.11","1.1.2.0","PSt7-10","170328-022","9/30/2017 7:09:10 PM","0000-00","0","no battery","V"
"11/03/2018","09:53:36","9","default","550496092","OXY_CH9","29.583","min","248.880","µmol/L","Humid","18.785","deg","79150","µV","26.096","°C","1019.000","hPa","34.1","pmil","0","53.442","deg","23.711","°C","100.000","%a.s.","21.016","deg","23.307","°C","1019.000","hPa","0.861","-0.02617","0.00035","0","0","13.56","Humid","22.75","0","51.00","250604.28","SABD0000000001","AAV1.0.0.11","1.1.2.0","PSt7-10","170328-022","9/30/2017 7:09:10 PM","0000-00","0","no battery","V"
"11/03/2018","09:53:37","9","default","550496092","OXY_CH9","29.599","min","249.171","µmol/L","Humid","18.780","deg","79159","µV","26.073","°C","1019.000","hPa","34.1","pmil","0","53.442","deg","23.711","°C","100.000","%a.s.","21.016","deg","23.307","°C","1019.000","hPa","0.861","-0.02617","0.00035","0","0","13.56","Humid","22.75","0","51.00","250606.21","SABD0000000001","AAV1.0.0.11","1.1.2.0","PSt7-10","170328-022","9/30/2017 7:09:10 PM","0000-00","0","no battery","V"
"11/03/2018","09:53:38","9","default","550496092","OXY_CH9","29.615","min","249.100","µmol/L","Humid","18.782","deg","79158","µV","26.076","°C","1019.000","hPa","34.1","pmil","0","53.442","deg","23.711","°C","100.000","%a.s.","21.016","deg","23.307","°C","1019.000","hPa","0.861","-0.02617","0.00035","0","0","13.56","Humid","22.75","0","51.00","250611.33","SABD0000000001","AAV1.0.0.11","1.1.2.0","PSt7-10","170328-022","9/30/2017 7:09:10 PM","0000-00","0","no battery","V"
"11/03/2018","09:53:39","9","default","550496092","OXY_CH9","29.632","min","248.983","µmol/L","Humid","18.783","deg","79158","µV","26.089","°C","1019.000","hPa","34.1","pmil","0","53.442","deg","23.711","°C","100.000","%a.s.","21.016","deg","23.307","°C","1019.000","hPa","0.861","-0.02617","0.00035","0","0","13.56","Humid","22.75","0","51.00","250606.15","SABD0000000001","AAV1.0.0.11","1.1.2.0","PSt7-10","170328-022","9/30/2017 7:09:10 PM","0000-00","0","no battery","V"
"11/03/2018","09:53:40","9","default","550496092","OXY_CH9","29.649","min","249.031","µmol/L","Humid","18.785","deg","79151","µV","26.076","°C","1019.000","hPa","34.1","pmil","0","53.442","deg","23.711","°C","100.000","%a.s.","21.016","deg","23.307","°C","1019.000","hPa","0.861","-0.02617","0.00035","0","0","13.56","Humid","22.75","0","51.00","250606.31","SABD0000000001","AAV1.0.0.11","1.1.2.0","PSt7-10","170328-022","9/30/2017 7:09:10 PM","0000-00","0","no battery","V"
"11/03/2018","09:53:41","9","default","550496092","OXY_CH9","29.666","min","248.908","µmol/L","Humid","18.790","deg","79159","µV","26.076","°C","1019.000","hPa","34.1","pmil","0","53.442","deg","23.711","°C","100.000","%a.s.","21.016","deg","23.307","°C","1019.000","hPa","0.861","-0.02617","0.00035","0","0","13.56","Humid","22.75","0","51.00","250606.44","SABD0000000001","AAV1.0.0.11","1.1.2.0","PSt7-10","170328-022","9/30/2017 7:09:10 PM","0000-00","0","no battery","V"
"11/03/2018","09:53:42","9","default","550496092","OXY_CH9","29.682","min","248.884","µmol/L","Humid","18.784","deg","79159","µV","26.099","°C","1019.000","hPa","34.1","pmil","0","53.442","deg","23.711","°C","100.000","%a.s.","21.016","deg","23.307","°C","1019.000","hPa","0.861","-0.02617","0.00035","0","0","13.56","Humid","22.75","0","51.00","250597.16","SABD0000000001","AAV1.0.0.11","1.1.2.0","PSt7-10","170328-022","9/30/2017 7:09:10 PM","0000-00","0","no battery","V"
"11/03/2018","09:53:43","9","default","550496092","OXY_CH9","29.699","min","248.783","µmol/L","Humid","18.788","deg","79153","µV","26.100","°C","1019.000","hPa","34.1","pmil","0","53.442","deg","23.711","°C","100.000","%a.s.","21.016","deg","23.307","°C","1019.000","hPa","0.861","-0.02617","0.00035","0","0","13.56","Humid","22.75","0","51.00","250609.12","SABD0000000001","AAV1.0.0.11","1.1.2.0","PSt7-10","170328-022","9/30/2017 7:09:10 PM","0000-00","0","no battery","V"
"11/03/2018","09:53:44","9","default","550496092","OXY_CH9","29.716","min","248.867","µmol/L","Humid","18.789","deg","79145","µV","26.085","°C","1019.000","hPa","34.1","pmil","0","53.442","deg","23.711","°C","100.000","%a.s.","21.016","deg","23.307","°C","1019.000","hPa","0.861","-0.02617","0.00035","0","0","13.56","Humid","22.75","0","51.00","250599.60","SABD0000000001","AAV1.0.0.11","1.1.2.0","PSt7-10","170328-022","9/30/2017 7:09:10 PM","0000-00","0","no battery","V"
"11/03/2018","09:53:45","9","default","550496092","OXY_CH9","29.733","min","248.899","µmol/L","Humid","18.787","deg","79153","µV","26.087","°C","1019.000","hPa","34.1","pmil","0","53.442","deg","23.711","°C","100.000","%a.s.","21.016","deg","23.307","°C","1019.000","hPa","0.861","-0.02617","0.00035","0","0","13.56","Humid","22.75","0","51.00","250598.38","SABD0000000001","AAV1.0.0.11","1.1.2.0","PSt7-10","170328-022","9/30/2017 7:09:10 PM","0000-00","0","no battery","V"
"11/03/2018","09:53:46","9","default","550496092","OXY_CH9","29.749","min","248.993","µmol/L","Humid","18.785","deg","79156","µV","26.081","°C","1019.000","hPa","34.1","pmil","0","53.442","deg","23.711","°C","100.000","%a.s.","21.016","deg","23.307","°C","1019.000","hPa","0.861","-0.02617","0.00035","0","0","13.56","Humid","22.75","0","51.00","250605.68","SABD0000000001","AAV1.0.0.11","1.1.2.0","PSt7-10","170328-022","9/30/2017 7:09:10 PM","0000-00","0","no battery","V"
"11/03/2018","09:53:47","9","default","550496092","OXY_CH9","29.765","min","248.907","µmol/L","Humid","18.785","deg","79152","µV","26.093","°C","1019.000","hPa","34.1","pmil","0","53.442","deg","23.711","°C","100.000","%a.s.","21.016","deg","23.307","°C","1019.000","hPa","0.861","-0.02617","0.00035","0","0","13.56","Humid","22.75","0","51.00","250604.92","SABD0000000001","AAV1.0.0.11","1.1.2.0","PSt7-10","170328-022","9/30/2017 7:09:10 PM","0000-00","0","no battery","V"
"11/03/2018","09:53:48","9","default","550496092","OXY_CH9","29.782","min","248.824","µmol/L","Humid","18.790","deg","79152","µV","26.088","°C","1019.000","hPa","34.1","pmil","0","53.442","deg","23.711","°C","100.000","%a.s.","21.016","deg","23.307","°C","1019.000","hPa","0.861","-0.02617","0.00035","0","0","13.56","Humid","22.75","0","51.00","250602.29","SABD0000000001","AAV1.0.0.11","1.1.2.0","PSt7-10","170328-022","9/30/2017 7:09:10 PM","0000-00","0","no battery","V"
"11/03/2018","09:53:49","9","default","550496092","OXY_CH9","29.799","min","248.929","µmol/L","Humid","18.787","deg","79150","µV","26.083","°C","1019.000","hPa","34.1","pmil","0","53.442","deg","23.711","°C","100.000","%a.s.","21.016","deg","23.307","°C","1019.000","hPa","0.861","-0.02617","0.00035","0","0","13.56","Humid","22.75","0","51.00","250605.85","SABD0000000001","AAV1.0.0.11","1.1.2.0","PSt7-10","170328-022","9/30/2017 7:09:10 PM","0000-00","0","no battery","V"
"11/03/2018","09:53:50","9","default","550496092","OXY_CH9","29.816","min","248.960","µmol/L","Humid","18.783","deg","79159","µV","26.092","°C","1019.000","hPa","34.1","pmil","0","53.442","deg","23.711","°C","100.000","%a.s.","21.016","deg","23.307","°C","1019.000","hPa","0.861","-0.02617","0.00035","0","0","13.56","Humid","22.75","0","51.00","250599.09","SABD0000000001","AAV1.0.0.11","1.1.2.0","PSt7-10","170328-022","9/30/2017 7:09:10 PM","0000-00","0","no battery","V"
"11/03/2018","09:53:51","9","default","550496092","OXY_CH9","29.833","min","248.808","µmol/L","Humid","18.791","deg","79152","µV","26.087","°C","1019.000","hPa","34.1","pmil","0","53.442","deg","23.711","°C","100.000","%a.s.","21.016","deg","23.307","°C","1019.000","hPa","0.861","-0.02617","0.00035","0","0","13.56","Humid","22.75","0","51.00","250598.86","SABD0000000001","AAV1.0.0.11","1.1.2.0","PSt7-10","170328-022","9/30/2017 7:09:10 PM","0000-00","0","no battery","V"
"11/03/2018","09:53:52","9","default","550496092","OXY_CH9","29.849","min","248.757","µmol/L","Humid","18.790","deg","79151","µV","26.097","°C","1019.000","hPa","34.1","pmil","0","53.442","deg","23.711","°C","100.000","%a.s.","21.016","deg","23.307","°C","1019.000","hPa","0.861","-0.02617","0.00035","0","0","13.56","Humid","22.75","0","51.00","250596.82","SABD0000000001","AAV1.0.0.11","1.1.2.0","PSt7-10","170328-022","9/30/2017 7:09:10 PM","0000-00","0","no battery","V"
"11/03/2018","09:53:53","9","default","550496092","OXY_CH9","29.866","min","248.866","µmol/L","Humid","18.784","deg","79146","µV","26.101","°C","1019.000","hPa","34.1","pmil","0","53.442","deg","23.711","°C","100.000","%a.s.","21.016","deg","23.307","°C","1019.000","hPa","0.861","-0.02617","0.00035","0","0","13.56","Humid","22.75","0","51.00","250596.15","SABD0000000001","AAV1.0.0.11","1.1.2.0","PSt7-10","170328-022","9/30/2017 7:09:10 PM","0000-00","0","no battery","V"
"11/03/2018","09:53:54","9","default","550496092","OXY_CH9","29.883","min","248.969","µmol/L","Humid","18.783","deg","79148","µV","26.091","°C","1019.000","hPa","34.1","pmil","0","53.442","deg","23.711","°C","100.000","%a.s.","21.016","deg","23.307","°C","1019.000","hPa","0.861","-0.02617","0.00035","0","0","13.56","Humid","22.75","0","51.00","250599.70","SABD0000000001","AAV1.0.0.11","1.1.2.0","PSt7-10","170328-022","9/30/2017 7:09:10 PM","0000-00","0","no battery","V"
"11/03/2018","09:53:55","9","default","550496092","OXY_CH9","29.899","min","249.062","µmol/L","Humid","18.783","deg","79143","µV","26.078","°C","1019.000","hPa","34.1","pmil","0","53.442","deg","23.711","°C","100.000","%a.s.","21.016","deg","23.307","°C","1019.000","hPa","0.861","-0.02617","0.00035","0","0","13.56","Humid","22.75","0","51.00","250594.83","SABD0000000001","AAV1.0.0.11","1.1.2.0","PSt7-10","170328-022","9/30/2017 7:09:10 PM","0000-00","0","no battery","V"
"11/03/2018","09:53:56","9","default","550496092","OXY_CH9","29.915","min","249.091","µmol/L","Humid","18.785","deg","79148","µV","26.068","°C","1019.000","hPa","34.1","pmil","0","53.442","deg","23.711","°C","100.000","%a.s.","21.016","deg","23.307","°C","1019.000","hPa","0.861","-0.02617","0.00035","0","0","13.56","Humid","22.75","0","51.00","250587.08","SABD0000000001","AAV1.0.0.11","1.1.2.0","PSt7-10","170328-022","9/30/2017 7:09:10 PM","0000-00","0","no battery","V"
"11/03/2018","09:53:57","9","default","550496092","OXY_CH9","29.932","min","248.957","µmol/L","Humid","18.788","deg","79160","µV","26.076","°C","1019.000","hPa","34.1","pmil","0","53.442","deg","23.711","°C","100.000","%a.s.","21.016","deg","23.307","°C","1019.000","hPa","0.861","-0.02617","0.00035","0","0","13.56","Humid","22.75","0","51.00","250591.14","SABD0000000001","AAV1.0.0.11","1.1.2.0","PSt7-10","170328-022","9/30/2017 7:09:10 PM","0000-00","0","no battery","V"
"11/03/2018","09:53:58","9","default","550496092","OXY_CH9","29.949","min","248.887","µmol/L","Humid","18.785","deg","79150","µV","26.095","°C","1019.000","hPa","34.1","pmil","0","53.442","deg","23.711","°C","100.000","%a.s.","21.016","deg","23.307","°C","1019.000","hPa","0.861","-0.02617","0.00035","0","0","13.56","Humid","22.75","0","51.00","250595.25","SABD0000000001","AAV1.0.0.11","1.1.2.0","PSt7-10","170328-022","9/30/2017 7:09:10 PM","0000-00","0","no battery","V"
"11/03/2018","09:53:59","9","default","550496092","OXY_CH9","29.966","min","248.951","µmol/L","Humid","18.786","deg","79156","µV","26.084","°C","1019.000","hPa","34.1","pmil","0","53.442","deg","23.711","°C","100.000","%a.s.","21.016","deg","23.307","°C","1019.000","hPa","0.861","-0.02617","0.00035","0","0","13.56","Humid","22.75","0","51.00","250593.37","SABD0000000001","AAV1.0.0.11","1.1.2.0","PSt7-10","170328-022","9/30/2017 7:09:10 PM","0000-00","0","no battery","V"
"11/03/2018","09:54:00","9","default","550496092","OXY_CH9","29.983","min","248.850","µmol/L","Humid","18.789","deg","79161","µV","26.087","°C","1019.000","hPa","34.1","pmil","0","53.442","deg","23.711","°C","100.000","%a.s.","21.016","deg","23.307","°C","1019.000","hPa","0.861","-0.02617","0.00035","0","0","13.56","Humid","22.75","0","51.00","250588.71","SABD0000000001","AAV1.0.0.11","1.1.2.0","PSt7-10","170328-022","9/30/2017 7:09:10 PM","0000-00","0","no battery","V"
"11/03/2018","09:54:01","9","default","550496092","OXY_CH9","29.999","min","248.983","µmol/L","Humid","18.786","deg","79142","µV","26.079","°C","1019.000","hPa","34.1","pmil","0","53.442","deg","23.711","°C","100.000","%a.s.","21.016","deg","23.307","°C","1019.000","hPa","0.861","-0.02617","0.00035","0","0","13.56","Humid","22.75","0","51.00","250587.00","SABD0000000001","AAV1.0.0.11","1.1.2.0","PSt7-10","170328-022","9/30/2017 7:09:10 PM","0000-00","0","no battery","V"
"11/03/2018","09:54:02","9","default","550496092","OXY_CH9","30.016","min","248.588","µmol/L","Humid","18.794","deg","79159","µV","26.107","°C","1019.000","hPa","34.1","pmil","0","53.442","deg","23.711","°C","100.000","%a.s.","21.016","deg","23.307","°C","1019.000","hPa","0.861","-0.02617","0.00035","0","0","13.56","Humid","22.75","0","51.00","250593.36","SABD0000000001","AAV1.0.0.11","1.1.2.0","PSt7-10","170328-022","9/30/2017 7:09:10 PM","0000-00","0","no battery","V"
"11/03/2018","09:54:03","9","default","550496092","OXY_CH9","30.033","min","248.886","µmol/L","Humid","18.785","deg","79144","µV","26.096","°C","1019.000","hPa","34.1","pmil","0","53.442","deg","23.711","°C","100.000","%a.s.","21.016","deg","23.307","°C","1019.000","hPa","0.861","-0.02617","0.00035","0","0","13.56","Humid","22.75","0","51.00","250583.85","SABD0000000001","AAV1.0.0.11","1.1.2.0","PSt7-10","170328-022","9/30/2017 7:09:10 PM","0000-00","0","no battery","V"
"11/03/2018","09:54:04","9","default","550496092","OXY_CH9","30.050","min","248.926","µmol/L","Humid","18.787","deg","79154","µV","26.084","°C","1019.000","hPa","34.1","pmil","0","53.442","deg","23.711","°C","100.000","%a.s.","21.016","deg","23.307","°C","1019.000","hPa","0.861","-0.02617","0.00035","0","0","13.56","Humid","22.75","0","51.00","250598.53","SABD0000000001","AAV1.0.0.11","1.1.2.0","PSt7-10","170328-022","9/30/2017 7:09:10 PM","0000-00","0","no battery","V"
"11/03/2018","09:54:05","9","default","550496092","OXY_CH9","30.066","min","248.961","µmol/L","Humid","18.787","deg","79152","µV","26.079","°C","1019.000","hPa","34.1","pmil","0","53.442","deg","23.711","°C","100.000","%a.s.","21.016","deg","23.307","°C","1019.000","hPa","0.861","-0.02617","0.00035","0","0","13.56","Humid","22.75","0","51.00","250589.75","SABD0000000001","AAV1.0.0.11","1.1.2.0","PSt7-10","170328-022","9/30/2017 7:09:10 PM","0000-00","0","no battery","V"
"11/03/2018","09:54:06","9","default","550496092","OXY_CH9","30.082","min","248.800","µmol/L","Humid","18.789","deg","79149","µV","26.094","°C","1019.000","hPa","34.1","pmil","0","53.442","deg","23.711","°C","100.000","%a.s.","21.016","deg","23.307","°C","1019.000","hPa","0.861","-0.02617","0.00035","0","0","13.56","Humid","22.75","0","51.00","250586.53","SABD0000000001","AAV1.0.0.11","1.1.2.0","PSt7-10","170328-022","9/30/2017 7:09:10 PM","0000-00","0","no battery","V"
"11/03/2018","09:54:07","9","default","550496092","OXY_CH9","30.099","min","248.744","µmol/L","Humid","18.792","deg","79147","µV","26.092","°C","1019.000","hPa","34.1","pmil","0","53.442","deg","23.711","°C","100.000","%a.s.","21.016","deg","23.307","°C","1019.000","hPa","0.861","-0.02617","0.00035","0","0","13.56","Humid","22.75","0","51.00","250595.06","SABD0000000001","AAV1.0.0.11","1.1.2.0","PSt7-10","170328-022","9/30/2017 7:09:10 PM","0000-00","0","no battery","V"
"11/03/2018","09:54:08","9","default","550496092","OXY_CH9","30.116","min","249.019","µmol/L","Humid","18.785","deg","79151","µV","26.078","°C","1019.000","hPa","34.1","pmil","0","53.442","deg","23.711","°C","100.000","%a.s.","21.016","deg","23.307","°C","1019.000","hPa","0.861","-0.02617","0.00035","0","0","13.56","Humid","22.75","0","51.00","250587.81","SABD0000000001","AAV1.0.0.11","1.1.2.0","PSt7-10","170328-022","9/30/2017 7:09:10 PM","0000-00","0","no battery","V"
"11/03/2018","09:54:09","9","default","550496092","OXY_CH9","30.132","min","248.924","µmol/L","Humid","18.789","deg","79149","µV","26.077","°C","1019.000","hPa","34.1","pmil","0","53.442","deg","23.711","°C","100.000","%a.s.","21.016","deg","23.307","°C","1019.000","hPa","0.861","-0.02617","0.00035","0","0","13.56","Humid","22.75","0","51.00","250584.33","SABD0000000001","AAV1.0.0.11","1.1.2.0","PSt7-10","170328-022","9/30/2017 7:09:10 PM","0000-00","0","no battery","V"
"11/03/2018","09:54:10","9","default","550496092","OXY_CH9","30.149","min","248.768","µmol/L","Humid","18.791","deg","79146","µV","26.092","°C","1019.000","hPa","34.1","pmil","0","53.442","deg","23.711","°C","100.000","%a.s.","21.016","deg","23.307","°C","1019.000","hPa","0.861","-0.02617","0.00035","0","0","13.56","Humid","22.75","0","51.00","250584.33","SABD0000000001","AAV1.0.0.11","1.1.2.0","PSt7-10","170328-022","9/30/2017 7:09:10 PM","0000-00","0","no battery","V"
"11/03/2018","09:54:11","9","default","550496092","OXY_CH9","30.166","min","248.932","µmol/L","Humid","18.786","deg","79148","µV","26.086","°C","1019.000","hPa","34.1","pmil","0","53.442","deg","23.711","°C","100.000","%a.s.","21.016","deg","23.307","°C","1019.000","hPa","0.861","-0.02617","0.00035","0","0","13.56","Humid","22.75","0","51.00","250587.93","SABD0000000001","AAV1.0.0.11","1.1.2.0","PSt7-10","170328-022","9/30/2017 7:09:10 PM","0000-00","0","no battery","V"
"11/03/2018","09:54:12","9","default","550496092","OXY_CH9","30.183","min","248.896","µmol/L","Humid","18.787","deg","79160","µV","26.088","°C","1019.000","hPa","34.1","pmil","0","53.442","deg","23.711","°C","100.000","%a.s.","21.016","deg","23.307","°C","1019.000","hPa","0.861","-0.02617","0.00035","0","0","13.56","Humid","22.75","0","51.00","250577.71","SABD0000000001","AAV1.0.0.11","1.1.2.0","PSt7-10","170328-022","9/30/2017 7:09:10 PM","0000-00","0","no battery","V"
"11/03/2018","09:54:13","9","default","550496092","OXY_CH9","30.200","min","248.908","µmol/L","Humid","18.783","deg","79148","µV","26.099","°C","1019.000","hPa","34.1","pmil","0","53.442","deg","23.711","°C","100.000","%a.s.","21.016","deg","23.307","°C","1019.000","hPa","0.861","-0.02617","0.00035","0","0","13.56","Humid","22.75","0","51.00","250587.32","SABD0000000001","AAV1.0.0.11","1.1.2.0","PSt7-10","170328-022","9/30/2017 7:09:10 PM","0000-00","0","no battery","V"
"11/03/2018","09:54:14","9","default","550496092","OXY_CH9","30.215","min","248.807","µmol/L","Humid","18.790","deg","79154","µV","26.090","°C","1019.000","hPa","34.1","pmil","0","53.442","deg","23.711","°C","100.000","%a.s.","21.016","deg","23.307","°C","1019.000","hPa","0.861","-0.02617","0.00035","0","0","13.56","Humid","22.75","0","51.00","250584.92","SABD0000000001","AAV1.0.0.11","1.1.2.0","PSt7-10","170328-022","9/30/2017 7:09:10 PM","0000-00","0","no battery","V"
"11/03/2018","09:54:15","9","default","550496092","OXY_CH9","30.232","min","248.942","µmol/L","Humid","18.785","deg","79147","µV","26.088","°C","1019.000","hPa","34.1","pmil","0","53.442","deg","23.711","°C","100.000","%a.s.","21.016","deg","23.307","°C","1019.000","hPa","0.861","-0.02617","0.00035","0","0","13.56","Humid","22.75","0","51.00","250581.94","SABD0000000001","AAV1.0.0.11","1.1.2.0","PSt7-10","170328-022","9/30/2017 7:09:10 PM","0000-00","0","no battery","V"
"11/03/2018","09:54:16","9","default","550496092","OXY_CH9","30.249","min","248.853","µmol/L","Humid","18.787","deg","79150","µV","26.093","°C","1019.000","hPa","34.1","pmil","0","53.442","deg","23.711","°C","100.000","%a.s.","21.016","deg","23.307","°C","1019.000","hPa","0.861","-0.02617","0.00035","0","0","13.56","Humid","22.75","0","51.00","250590.12","SABD0000000001","AAV1.0.0.11","1.1.2.0","PSt7-10","170328-022","9/30/2017 7:09:10 PM","0000-00","0","no battery","V"
"11/03/2018","09:54:17","9","default","550496092","OXY_CH9","30.265","min","248.812","µmol/L","Humid","18.789","deg","79150","µV","26.093","°C","1019.000","hPa","34.1","pmil","0","53.442","deg","23.711","°C","100.000","%a.s.","21.016","deg","23.307","°C","1019.000","hPa","0.861","-0.02617","0.00035","0","0","13.56","Humid","22.75","0","51.00","250591.92","SABD0000000001","AAV1.0.0.11","1.1.2.0","PSt7-10","170328-022","9/30/2017 7:09:10 PM","0000-00","0","no battery","V"
"11/03/2018","09:54:18","9","default","550496092","OXY_CH9","30.282","min","248.853","µmol/L","Humid","18.791","deg","79156","µV","26.080","°C","1019.000","hPa","34.1","pmil","0","53.442","deg","23.711","°C","100.000","%a.s.","21.016","deg","23.307","°C","1019.000","hPa","0.861","-0.02617","0.00035","0","0","13.56","Humid","22.75","0","51.00","250588.78","SABD0000000001","AAV1.0.0.11","1.1.2.0","PSt7-10","170328-022","9/30/2017 7:09:10 PM","0000-00","0","no battery","V"
"11/03/2018","09:54:19","9","default","550496092","OXY_CH9","30.299","min","248.911","µmol/L","Humid","18.787","deg","79152","µV","26.086","°C","1019.000","hPa","34.1","pmil","0","53.442","deg","23.711","°C","100.000","%a.s.","21.016","deg","23.307","°C","1019.000","hPa","0.861","-0.02617","0.00035","0","0","13.56","Humid","22.75","0","51.00","250595.11","SABD0000000001","AAV1.0.0.11","1.1.2.0","PSt7-10","170328-022","9/30/2017 7:09:10 PM","0000-00","0","no battery","V"
"11/03/2018","09:54:20","9","default","550496092","OXY_CH9","30.316","min","248.664","µmol/L","Humid","18.796","deg","79151","µV","26.090","°C","1019.000","hPa","34.1","pmil","0","53.442","deg","23.711","°C","100.000","%a.s.","21.016","deg","23.307","°C","1019.000","hPa","0.861","-0.02617","0.00035","0","0","13.56","Humid","22.75","0","51.00","250576.68","SABD0000000001","AAV1.0.0.11","1.1.2.0","PSt7-10","170328-022","9/30/2017 7:09:10 PM","0000-00","0","no battery","V"
"11/03/2018","09:54:21","9","default","550496092","OXY_CH9","30.333","min","248.797","µmol/L","Humid","18.790","deg","79153","µV","26.091","°C","1019.000","hPa","34.1","pmil","0","53.442","deg","23.711","°C","100.000","%a.s.","21.016","deg","23.307","°C","1019.000","hPa","0.861","-0.02617","0.00035","0","0","13.56","Humid","22.75","0","51.00","250582.21","SABD0000000001","AAV1.0.0.11","1.1.2.0","PSt7-10","170328-022","9/30/2017 7:09:10 PM","0000-00","0","no battery","V"
"11/03/2018","09:54:22","9","default","550496092","OXY_CH9","30.349","min","248.925","µmol/L","Humid","18.783","deg","79155","µV","26.097","°C","1019.000","hPa","34.1","pmil","0","53.442","deg","23.711","°C","100.000","%a.s.","21.016","deg","23.307","°C","1019.000","hPa","0.861","-0.02617","0.00035","0","0","13.56","Humid","22.75","0","51.00","250576.31","SABD0000000001","AAV1.0.0.11","1.1.2.0","PSt7-10","170328-022","9/30/2017 7:09:10 PM","0000-00","0","no battery","V"
"11/03/2018","09:54:23","9","default","550496092","OXY_CH9","30.366","min","248.812","µmol/L","Humid","18.792","deg","79149","µV","26.083","°C","1019.000","hPa","34.1","pmil","0","53.442","deg","23.711","°C","100.000","%a.s.","21.016","deg","23.307","°C","1019.000","hPa","0.861","-0.02617","0.00035","0","0","13.56","Humid","22.75","0","51.00","250582.57","SABD0000000001","AAV1.0.0.11","1.1.2.0","PSt7-10","170328-022","9/30/2017 7:09:10 PM","0000-00","0","no battery","V"
"11/03/2018","09:54:24","9","default","550496092","OXY_CH9","30.382","min","248.822","µmol/L","Humid","18.789","deg","79154","µV","26.091","°C","1019.000","hPa","34.1","pmil","0","53.442","deg","23.711","°C","100.000","%a.s.","21.016","deg","23.307","°C","1019.000","hPa","0.861","-0.02617","0.00035","0","0","13.56","Humid","22.75","0","51.00","250576.15","SABD0000000001","AAV1.0.0.11","1.1.2.0","PSt7-10","170328-022","9/30/2017 7:09:10 PM","0000-00","0","no battery","V"
"11/03/2018","09:54:25","9","default","550496092","OXY_CH9","30.399","min","248.891","µmol/L","Humid","18.787","deg","79150","µV","26.088","°C","1019.000","hPa","34.1","pmil","0","53.442","deg","23.711","°C","100.000","%a.s.","21.016","deg","23.307","°C","1019.000","hPa","0.861","-0.02617","0.00035","0","0","13.56","Humid","22.75","0","51.00","250581.36","SABD0000000001","AAV1.0.0.11","1.1.2.0","PSt7-10","170328-022","9/30/2017 7:09:10 PM","0000-00","0","no battery","V"
"11/03/2018","09:54:26","9","default","550496092","OXY_CH9","30.416","min","248.621","µmol/L","Humid","18.796","deg","79149","µV","26.096","°C","1019.000","hPa","34.1","pmil","0","53.442","deg","23.711","°C","100.000","%a.s.","21.016","deg","23.307","°C","1019.000","hPa","0.861","-0.02617","0.00035","0","0","13.56","Humid","22.75","0","51.00","250579.91","SABD0000000001","AAV1.0.0.11","1.1.2.0","PSt7-10","170328-022","9/30/2017 7:09:10 PM","0000-00","0","no battery","V"
"11/03/2018","09:54:27","9","default","550496092","OXY_CH9","30.432","min","248.792","µmol/L","Humid","18.790","deg","79145","µV","26.092","°C","1019.000","hPa","34.1","pmil","0","53.442","deg","23.711","°C","100.000","%a.s.","21.016","deg","23.307","°C","1019.000","hPa","0.861","-0.02617","0.00035","0","0","13.56","Humid","22.75","0","51.00","250576.89","SABD0000000001","AAV1.0.0.11","1.1.2.0","PSt7-10","170328-022","9/30/2017 7:09:10 PM","0000-00","0","no battery","V"
"11/03/2018","09:54:28","9","default","550496092","OXY_CH9","30.449","min","248.906","µmol/L","Humid","18.788","deg","79148","µV","26.083","°C","1019.000","hPa","34.1","pmil","0","53.442","deg","23.711","°C","100.000","%a.s.","21.016","deg","23.307","°C","1019.000","hPa","0.861","-0.02617","0.00035","0","0","13.56","Humid","22.75","0","51.00","250576.42","SABD0000000001","AAV1.0.0.11","1.1.2.0","PSt7-10","170328-022","9/30/2017 7:09:10 PM","0000-00","0","no battery","V"
"11/03/2018","09:54:29","9","default","550496092","OXY_CH9","30.466","min","248.924","µmol/L","Humid","18.786","deg","79154","µV","26.087","°C","1019.000","hPa","34.1","pmil","0","53.442","deg","23.711","°C","100.000","%a.s.","21.016","deg","23.307","°C","1019.000","hPa","0.861","-0.02617","0.00035","0","0","13.56","Humid","22.75","0","51.00","250580.98","SABD0000000001","AAV1.0.0.11","1.1.2.0","PSt7-10","170328-022","9/30/2017 7:09:10 PM","0000-00","0","no battery","V"
"11/03/2018","09:54:30","9","default","550496092","OXY_CH9","30.483","min","248.857","µmol/L","Humid","18.793","deg","79151","µV","26.073","°C","1019.000","hPa","34.1","pmil","0","53.442","deg","23.711","°C","100.000","%a.s.","21.016","deg","23.307","°C","1019.000","hPa","0.861","-0.02617","0.00035","0","0","13.56","Humid","22.75","0","51.00","250572.90","SABD0000000001","AAV1.0.0.11","1.1.2.0","PSt7-10","170328-022","9/30/2017 7:09:10 PM","0000-00","0","no battery","V"
"11/03/2018","09:54:31","9","default","550496092","OXY_CH9","30.499","min","248.834","µmol/L","Humid","18.788","deg","79152","µV","26.093","°C","1019.000","hPa","34.1","pmil","0","53.442","deg","23.711","°C","100.000","%a.s.","21.016","deg","23.307","°C","1019.000","hPa","0.861","-0.02617","0.00035","0","0","13.56","Humid","22.75","0","51.00","250575.28","SABD0000000001","AAV1.0.0.11","1.1.2.0","PSt7-10","170328-022","9/30/2017 7:09:10 PM","0000-00","0","no battery","V"
"11/03/2018","09:54:32","9","default","550496092","OXY_CH9","30.515","min","248.873","µmol/L","Humid","18.789","deg","79154","µV","26.084","°C","1019.000","hPa","34.1","pmil","0","53.442","deg","23.711","°C","100.000","%a.s.","21.016","deg","23.307","°C","1019.000","hPa","0.861","-0.02617","0.00035","0","0","13.56","Humid","22.75","0","51.00","250577.01","SABD0000000001","AAV1.0.0.11","1.1.2.0","PSt7-10","170328-022","9/30/2017 7:09:10 PM","0000-00","0","no battery","V"
"11/03/2018","09:54:33","9","default","550496092","OXY_CH9","30.532","min","248.917","µmol/L","Humid","18.785","deg","79155","µV","26.091","°C","1019.000","hPa","34.1","pmil","0","53.442","deg","23.711","°C","100.000","%a.s.","21.016","deg","23.307","°C","1019.000","hPa","0.861","-0.02617","0.00035","0","0","13.56","Humid","22.75","0","51.00","250576.47","SABD0000000001","AAV1.0.0.11","1.1.2.0","PSt7-10","170328-022","9/30/2017 7:09:10 PM","0000-00","0","no battery","V"
"11/03/2018","09:54:34","9","default","550496092","OXY_CH9","30.549","min","248.784","µmol/L","Humid","18.792","deg","79154","µV","26.087","°C","1019.000","hPa","34.1","pmil","0","53.442","deg","23.711","°C","100.000","%a.s.","21.016","deg","23.307","°C","1019.000","hPa","0.861","-0.02617","0.00035","0","0","13.56","Humid","22.75","0","51.00","250579.09","SABD0000000001","AAV1.0.0.11","1.1.2.0","PSt7-10","170328-022","9/30/2017 7:09:10 PM","0000-00","0","no battery","V"
"11/03/2018","09:54:35","9","default","550496092","OXY_CH9","30.566","min","248.708","µmol/L","Humid","18.795","deg","79157","µV","26.087","°C","1019.000","hPa","34.1","pmil","0","53.442","deg","23.711","°C","100.000","%a.s.","21.016","deg","23.307","°C","1019.000","hPa","0.861","-0.02617","0.00035","0","0","13.56","Humid","22.75","0","51.00","250570.22","SABD0000000001","AAV1.0.0.11","1.1.2.0","PSt7-10","170328-022","9/30/2017 7:09:10 PM","0000-00","0","no battery","V"
"11/03/2018","09:54:36","9","default","550496092","OXY_CH9","30.583","min","248.816","µmol/L","Humid","18.792","deg","79147","µV","26.082","°C","1019.000","hPa","34.1","pmil","0","53.442","deg","23.711","°C","100.000","%a.s.","21.016","deg","23.307","°C","1019.000","hPa","0.861","-0.02617","0.00035","0","0","13.56","Humid","22.75","0","51.00","250564.54","SABD0000000001","AAV1.0.0.11","1.1.2.0","PSt7-10","170328-022","9/30/2017 7:09:10 PM","0000-00","0","no battery","V"
"11/03/2018","09:54:37","9","default","550496092","OXY_CH9","30.599","min","248.741","µmol/L","Humid","18.793","deg","79154","µV","26.089","°C","1019.000","hPa","34.1","pmil","0","53.442","deg","23.711","°C","100.000","%a.s.","21.016","deg","23.307","°C","1019.000","hPa","0.861","-0.02617","0.00035","0","0","13.56","Humid","22.75","0","51.00","250562.67","SABD0000000001","AAV1.0.0.11","1.1.2.0","PSt7-10","170328-022","9/30/2017 7:09:10 PM","0000-00","0","no battery","V"
"11/03/2018","09:54:38","9","default","550496092","OXY_CH9","30.616","min","248.878","µmol/L","Humid","18.789","deg","79158","µV","26.084","°C","1019.000","hPa","34.1","pmil","0","53.442","deg","23.711","°C","100.000","%a.s.","21.016","deg","23.307","°C","1019.000","hPa","0.861","-0.02617","0.00035","0","0","13.56","Humid","22.75","0","51.00","250579.32","SABD0000000001","AAV1.0.0.11","1.1.2.0","PSt7-10","170328-022","9/30/2017 7:09:10 PM","0000-00","0","no battery","V"
"11/03/2018","09:54:39","9","default","550496092","OXY_CH9","30.633","min","248.724","µmol/L","Humid","18.795","deg","79150","µV","26.085","°C","1019.000","hPa","34.1","pmil","0","53.442","deg","23.711","°C","100.000","%a.s.","21.016","deg","23.307","°C","1019.000","hPa","0.861","-0.02617","0.00035","0","0","13.56","Humid","22.75","0","51.00","250567.69","SABD0000000001","AAV1.0.0.11","1.1.2.0","PSt7-10","170328-022","9/30/2017 7:09:10 PM","0000-00","0","no battery","V"
"11/03/2018","09:54:40","9","default","550496092","OXY_CH9","30.649","min","248.792","µmol/L","Humid","18.792","deg","79155","µV","26.085","°C","1019.000","hPa","34.1","pmil","0","53.442","deg","23.711","°C","100.000","%a.s.","21.016","deg","23.307","°C","1019.000","hPa","0.861","-0.02617","0.00035","0","0","13.56","Humid","22.75","0","51.00","250564.76","SABD0000000001","AAV1.0.0.11","1.1.2.0","PSt7-10","170328-022","9/30/2017 7:09:10 PM","0000-00","0","no battery","V"
"11/03/2018","09:54:41","9","default","550496092","OXY_CH9","30.666","min","248.753","µmol/L","Humid","18.791","deg","79154","µV","26.094","°C","1019.000","hPa","34.1","pmil","0","53.442","deg","23.711","°C","100.000","%a.s.","21.016","deg","23.307","°C","1019.000","hPa","0.861","-0.02617","0.00035","0","0","13.56","Humid","22.75","0","51.00","250561.49","SABD0000000001","AAV1.0.0.11","1.1.2.0","PSt7-10","170328-022","9/30/2017 7:09:10 PM","0000-00","0","no battery","V"
"11/03/2018","09:54:42","9","default","550496092","OXY_CH9","30.682","min","248.718","µmol/L","Humid","18.790","deg","79152","µV","26.102","°C","1019.000","hPa","34.1","pmil","0","53.442","deg","23.711","°C","100.000","%a.s.","21.016","deg","23.307","°C","1019.000","hPa","0.861","-0.02617","0.00035","0","0","13.56","Humid","22.75","0","51.00","250564.73","SABD0000000001","AAV1.0.0.11","1.1.2.0","PSt7-10","170328-022","9/30/2017 7:09:10 PM","0000-00","0","no battery","V"
"11/03/2018","09:54:43","9","default","550496092","OXY_CH9","30.699","min","248.712","µmol/L","Humid","18.794","deg","79158","µV","26.090","°C","1019.000","hPa","34.1","pmil","0","53.442","deg","23.711","°C","100.000","%a.s.","21.016","deg","23.307","°C","1019.000","hPa","0.861","-0.02617","0.00035","0","0","13.56","Humid","22.75","0","51.00","250563.40","SABD0000000001","AAV1.0.0.11","1.1.2.0","PSt7-10","170328-022","9/30/2017 7:09:10 PM","0000-00","0","no battery","V"
"11/03/2018","09:54:44","9","default","550496092","OXY_CH9","30.716","min","248.826","µmol/L","Humid","18.789","deg","79155","µV","26.091","°C","1019.000","hPa","34.1","pmil","0","53.442","deg","23.711","°C","100.000","%a.s.","21.016","deg","23.307","°C","1019.000","hPa","0.861","-0.02617","0.00035","0","0","13.56","Humid","22.75","0","51.00","250566.49","SABD0000000001","AAV1.0.0.11","1.1.2.0","PSt7-10","170328-022","9/30/2017 7:09:10 PM","0000-00","0","no battery","V"
"11/03/2018","09:54:45","9","default","550496092","OXY_CH9","30.732","min","248.657","µmol/L","Humid","18.791","deg","79151","µV","26.107","°C","1019.000","hPa","34.1","pmil","0","53.442","deg","23.711","°C","100.000","%a.s.","21.016","deg","23.307","°C","1019.000","hPa","0.861","-0.02617","0.00035","0","0","13.56","Humid","22.75","0","51.00","250559.82","SABD0000000001","AAV1.0.0.11","1.1.2.0","PSt7-10","170328-022","9/30/2017 7:09:10 PM","0000-00","0","no battery","V"
"11/03/2018","09:54:46","9","default","550496092","OXY_CH9","30.749","min","248.741","µmol/L","Humid","18.795","deg","79151","µV","26.083","°C","1019.000","hPa","34.1","pmil","0","53.442","deg","23.711","°C","100.000","%a.s.","21.016","deg","23.307","°C","1019.000","hPa","0.861","-0.02617","0.00035","0","0","13.56","Humid","22.75","0","51.00","250561.01","SABD0000000001","AAV1.0.0.11","1.1.2.0","PSt7-10","170328-022","9/30/2017 7:09:10 PM","0000-00","0","no battery","V"
"11/03/2018","09:54:47","9","default","550496092","OXY_CH9","30.766","min","248.791","µmol/L","Humid","18.791","deg","79150","µV","26.089","°C","1019.000","hPa","34.1","pmil","0","53.442","deg","23.711","°C","100.000","%a.s.","21.016","deg","23.307","°C","1019.000","hPa","0.861","-0.02617","0.00035","0","0","13.56","Humid","22.75","0","51.00","250554.00","SABD0000000001","AAV1.0.0.11","1.1.2.0","PSt7-10","170328-022","9/30/2017 7:09:10 PM","0000-00","0","no battery","V"
"11/03/2018","09:54:48","9","default","550496092","OXY_CH9","30.783","min","248.756","µmol/L","Humid","18.794","deg","79156","µV","26.084","°C","1019.000","hPa","34.1","pmil","0","53.442","deg","23.711","°C","100.000","%a.s.","21.016","deg","23.307","°C","1019.000","hPa","0.861","-0.02617","0.00035","0","0","13.56","Humid","22.75","0","51.00","250559.48","SABD0000000001","AAV1.0.0.11","1.1.2.0","PSt7-10","170328-022","9/30/2017 7:09:10 PM","0000-00","0","no battery","V"
"11/03/2018","09:54:49","9","default","550496092","OXY_CH9","30.800","min","248.780","µmol/L","Humid","18.791","deg","79159","µV","26.090","°C","1019.000","hPa","34.1","pmil","0","53.442","deg","23.711","°C","100.000","%a.s.","21.016","deg","23.307","°C","1019.000","hPa","0.861","-0.02617","0.00035","0","0","13.56","Humid","22.75","0","51.00","250566.77","SABD0000000001","AAV1.0.0.11","1.1.2.0","PSt7-10","170328-022","9/30/2017 7:09:10 PM","0000-00","0","no battery","V"
"11/03/2018","09:54:50","9","default","550496092","OXY_CH9","30.816","min","248.769","µmol/L","Humid","18.793","deg","79164","µV","26.085","°C","1019.000","hPa","34.1","pmil","0","53.442","deg","23.711","°C","100.000","%a.s.","21.016","deg","23.307","°C","1019.000","hPa","0.861","-0.02617","0.00035","0","0","13.56","Humid","22.75","0","51.00","250557.27","SABD0000000001","AAV1.0.0.11","1.1.2.0","PSt7-10","170328-022","9/30/2017 7:09:10 PM","0000-00","0","no battery","V"
"11/03/2018","09:54:51","9","default","550496092","OXY_CH9","30.832","min","248.809","µmol/L","Humid","18.789","deg","79150","µV","26.093","°C","1019.000","hPa","34.1","pmil","0","53.442","deg","23.711","°C","100.000","%a.s.","21.016","deg","23.307","°C","1019.000","hPa","0.861","-0.02617","0.00035","0","0","13.56","Humid","22.75","0","51.00","250558.53","SABD0000000001","AAV1.0.0.11","1.1.2.0","PSt7-10","170328-022","9/30/2017 7:09:10 PM","0000-00","0","no battery","V"
"11/03/2018","09:54:52","9","default","550496092","OXY_CH9","30.849","min","248.847","µmol/L","Humid","18.789","deg","79155","µV","26.088","°C","1019.000","hPa","34.1","pmil","0","53.442","deg","23.711","°C","100.000","%a.s.","21.016","deg","23.307","°C","1019.000","hPa","0.861","-0.02617","0.00035","0","0","13.56","Humid","22.75","0","51.00","250554.85","SABD0000000001","AAV1.0.0.11","1.1.2.0","PSt7-10","170328-022","9/30/2017 7:09:10 PM","0000-00","0","no battery","V"
"11/03/2018","09:54:53","9","default","550496092","OXY_CH9","30.866","min","248.811","µmol/L","Humid","18.793","deg","79149","µV","26.080","°C","1019.000","hPa","34.1","pmil","0","53.442","deg","23.711","°C","100.000","%a.s.","21.016","deg","23.307","°C","1019.000","hPa","0.861","-0.02617","0.00035","0","0","13.56","Humid","22.75","0","51.00","250546.99","SABD0000000001","AAV1.0.0.11","1.1.2.0","PSt7-10","170328-022","9/30/2017 7:09:10 PM","0000-00","0","no battery","V"
"11/03/2018","09:54:54","9","default","550496092","OXY_CH9","30.882","min","248.784","µmol/L","Humid","18.792","deg","79152","µV","26.087","°C","1019.000","hPa","34.1","pmil","0","53.442","deg","23.711","°C","100.000","%a.s.","21.016","deg","23.307","°C","1019.000","hPa","0.861","-0.02617","0.00035","0","0","13.56","Humid","22.75","0","51.00","250556.52","SABD0000000001","AAV1.0.0.11","1.1.2.0","PSt7-10","170328-022","9/30/2017 7:09:10 PM","0000-00","0","no battery","V"
"11/03/2018","09:54:55","9","default","550496092","OXY_CH9","30.899","min","248.818","µmol/L","Humid","18.793","deg","79159","µV","26.079","°C","1019.000","hPa","34.1","pmil","0","53.442","deg","23.711","°C","100.000","%a.s.","21.016","deg","23.307","°C","1019.000","hPa","0.861","-0.02617","0.00035","0","0","13.56","Humid","22.75","0","51.00","250552.38","SABD0000000001","AAV1.0.0.11","1.1.2.0","PSt7-10","170328-022","9/30/2017 7:09:10 PM","0000-00","0","no battery","V"
"11/03/2018","09:54:56","9","default","550496092","OXY_CH9","30.916","min","248.743","µmol/L","Humid","18.794","deg","79151","µV","26.086","°C","1019.000","hPa","34.1","pmil","0","53.442","deg","23.711","°C","100.000","%a.s.","21.016","deg","23.307","°C","1019.000","hPa","0.861","-0.02617","0.00035","0","0","13.56","Humid","22.75","0","51.00","250556.87","SABD0000000001","AAV1.0.0.11","1.1.2.0","PSt7-10","170328-022","9/30/2017 7:09:10 PM","0000-00","0","no battery","V"
"11/03/2018","09:54:57","9","default","550496092","OXY_CH9","30.933","min","248.837","µmol/L","Humid","18.793","deg","79161","µV","26.076","°C","1019.000","hPa","34.1","pmil","0","53.442","deg","23.711","°C","100.000","%a.s.","21.016","deg","23.307","°C","1019.000","hPa","0.861","-0.02617","0.00035","0","0","13.56","Humid","22.75","0","51.00","250553.28","SABD0000000001","AAV1.0.0.11","1.1.2.0","PSt7-10","170328-022","9/30/2017 7:09:10 PM","0000-00","0","no battery","V"
"11/03/2018","09:54:58","9","default","550496092","OXY_CH9","30.949","min","248.815","µmol/L","Humid","18.791","deg","79164","µV","26.086","°C","1019.000","hPa","34.1","pmil","0","53.442","deg","23.711","°C","100.000","%a.s.","21.016","deg","23.307","°C","1019.000","hPa","0.861","-0.02617","0.00035","0","0","13.56","Humid","22.75","0","51.00","250554.74","SABD0000000001","AAV1.0.0.11","1.1.2.0","PSt7-10","170328-022","9/30/2017 7:09:10 PM","0000-00","0","no battery","V"
"11/03/2018","09:54:59","9","default","550496092","OXY_CH9","30.965","min","248.751","µmol/L","Humid","18.791","deg","79153","µV","26.094","°C","1019.000","hPa","34.1","pmil","0","53.442","deg","23.711","°C","100.000","%a.s.","21.016","deg","23.307","°C","1019.000","hPa","0.861","-0.02617","0.00035","0","0","13.56","Humid","22.75","0","51.00","250545.59","SABD0000000001","AAV1.0.0.11","1.1.2.0","PSt7-10","170328-022","9/30/2017 7:09:10 PM","0000-00","0","no battery","V"
"11/03/2018","09:55:00","9","default","550496092","OXY_CH9","30.982","min","248.707","µmol/L","Humid","18.792","deg","79154","µV","26.097","°C","1019.000","hPa","34.1","pmil","0","53.442","deg","23.711","°C","100.000","%a.s.","21.016","deg","23.307","°C","1019.000","hPa","0.861","-0.02617","0.00035","0","0","13.56","Humid","22.75","0","51.00","250539.35","SABD0000000001","AAV1.0.0.11","1.1.2.0","PSt7-10","170328-022","9/30/2017 7:09:10 PM","0000-00","0","no battery","V"
"11/03/2018","09:55:01","9","default","550496092","OXY_CH9","30.999","min","248.781","µmol/L","Humid","18.796","deg","79149","µV","26.074","°C","1019.000","hPa","34.1","pmil","0","53.442","deg","23.711","°C","100.000","%a.s.","21.016","deg","23.307","°C","1019.000","hPa","0.861","-0.02617","0.00035","0","0","13.56","Humid","22.75","0","51.00","250549.99","SABD0000000001","AAV1.0.0.11","1.1.2.0","PSt7-10","170328-022","9/30/2017 7:09:10 PM","0000-00","0","no battery","V"
"11/03/2018","09:55:02","9","default","550496092","OXY_CH9","31.016","min","248.754","µmol/L","Humid","18.793","deg","79150","µV","26.087","°C","1019.000","hPa","34.1","pmil","0","53.442","deg","23.711","°C","100.000","%a.s.","21.016","deg","23.307","°C","1019.000","hPa","0.861","-0.02617","0.00035","0","0","13.56","Humid","22.75","0","51.00","250557.65","SABD0000000001","AAV1.0.0.11","1.1.2.0","PSt7-10","170328-022","9/30/2017 7:09:10 PM","0000-00","0","no battery","V"
"11/03/2018","09:55:03","9","default","550496092","OXY_CH9","31.032","min","248.789","µmol/L","Humid","18.792","deg","79147","µV","26.086","°C","1019.000","hPa","34.1","pmil","0","53.442","deg","23.711","°C","100.000","%a.s.","21.016","deg","23.307","°C","1019.000","hPa","0.861","-0.02617","0.00035","0","0","13.56","Humid","22.75","0","51.00","250544.48","SABD0000000001","AAV1.0.0.11","1.1.2.0","PSt7-10","170328-022","9/30/2017 7:09:10 PM","0000-00","0","no battery","V"
"11/03/2018","09:55:04","9","default","550496092","OXY_CH9","31.049","min","248.762","µmol/L","Humid","18.793","deg","79149","µV","26.086","°C","1019.000","hPa","34.1","pmil","0","53.442","deg","23.711","°C","100.000","%a.s.","21.016","deg","23.307","°C","1019.000","hPa","0.861","-0.02617","0.00035","0","0","13.56","Humid","22.75","0","51.00","250551.79","SABD0000000001","AAV1.0.0.11","1.1.2.0","PSt7-10","170328-022","9/30/2017 7:09:10 PM","0000-00","0","no battery","V"
"11/03/2018","09:55:05","9","default","550496092","OXY_CH9","31.066","min","248.700","µmol/L","Humid","18.796","deg","79161","µV","26.085","°C","1019.000","hPa","34.1","pmil","0","53.442","deg","23.711","°C","100.000","%a.s.","21.016","deg","23.307","°C","1019.000","hPa","0.861","-0.02617","0.00035","0","0","13.56","Humid","22.75","0","51.00","250552.35","SABD0000000001","AAV1.0.0.11","1.1.2.0","PSt7-10","170328-022","9/30/2017 7:09:10 PM","0000-00","0","no battery","V"
"11/03/2018","09:55:06","9","default","550496092","OXY_CH9","31.083","min","248.711","µmol/L","Humid","18.795","deg","79152","µV","26.087","°C","1019.000","hPa","34.1","pmil","0","53.442","deg","23.711","°C","100.000","%a.s.","21.016","deg","23.307","°C","1019.000","hPa","0.861","-0.02617","0.00035","0","0","13.56","Humid","22.75","0","51.00","250549.17","SABD0000000001","AAV1.0.0.11","1.1.2.0","PSt7-10","170328-022","9/30/2017 7:09:10 PM","0000-00","0","no battery","V"
"11/03/2018","09:55:07","9","default","550496092","OXY_CH9","31.099","min","248.780","µmol/L","Humid","18.795","deg","79155","µV","26.077","°C","1019.000","hPa","34.1","pmil","0","53.442","deg","23.711","°C","100.000","%a.s.","21.016","deg","23.307","°C","1019.000","hPa","0.861","-0.02617","0.00035","0","0","13.56","Humid","22.75","0","51.00","250542.97","SABD0000000001","AAV1.0.0.11","1.1.2.0","PSt7-10","170328-022","9/30/2017 7:09:10 PM","0000-00","0","no battery","V"
"11/03/2018","09:55:08","9","default","550496092","OXY_CH9","31.116","min","248.543","µmol/L","Humid","18.799","deg","79159","µV","26.097","°C","1019.000","hPa","34.1","pmil","0","53.442","deg","23.711","°C","100.000","%a.s.","21.016","deg","23.307","°C","1019.000","hPa","0.861","-0.02617","0.00035","0","0","13.56","Humid","22.75","0","51.00","250555.20","SABD0000000001","AAV1.0.0.11","1.1.2.0","PSt7-10","170328-022","9/30/2017 7:09:10 PM","0000-00","0","no battery","V"
"11/03/2018","09:55:09","9","default","550496092","OXY_CH9","31.132","min","248.661","µmol/L","Humid","18.795","deg","79162","µV","26.094","°C","1019.000","hPa","34.1","pmil","0","53.442","deg","23.711","°C","100.000","%a.s.","21.016","deg","23.307","°C","1019.000","hPa","0.861","-0.02617","0.00035","0","0","13.56","Humid","22.75","0","51.00","250550.98","SABD0000000001","AAV1.0.0.11","1.1.2.0","PSt7-10","170328-022","9/30/2017 7:09:10 PM","0000-00","0","no battery","V"
"11/03/2018","09:55:10","9","default","550496092","OXY_CH9","31.149","min","248.627","µmol/L","Humid","18.800","deg","79162","µV","26.082","°C","1019.000","hPa","34.1","pmil","0","53.442","deg","23.711","°C","100.000","%a.s.","21.016","deg","23.307","°C","1019.000","hPa","0.861","-0.02617","0.00035","0","0","13.56","Humid","22.75","0","51.00","250549.56","SABD0000000001","AAV1.0.0.11","1.1.2.0","PSt7-10","170328-022","9/30/2017 7:09:10 PM","0000-00","0","no battery","V"
"11/03/2018","09:55:11","9","default","550496092","OXY_CH9","31.166","min","248.711","µmol/L","Humid","18.796","deg","79161","µV","26.084","°C","1019.000","hPa","34.1","pmil","0","53.442","deg","23.711","°C","100.000","%a.s.","21.016","deg","23.307","°C","1019.000","hPa","0.861","-0.02617","0.00035","0","0","13.56","Humid","22.75","0","51.00","250557.86","SABD0000000001","AAV1.0.0.11","1.1.2.0","PSt7-10","170328-022","9/30/2017 7:09:10 PM","0000-00","0","no battery","V"
"11/03/2018","09:55:12","9","default","550496092","OXY_CH9","31.182","min","248.819","µmol/L","Humid","18.791","deg","79154","µV","26.085","°C","1019.000","hPa","34.1","pmil","0","53.442","deg","23.711","°C","100.000","%a.s.","21.016","deg","23.307","°C","1019.000","hPa","0.861","-0.02617","0.00035","0","0","13.56","Humid","22.75","0","51.00","250547.80","SABD0000000001","AAV1.0.0.11","1.1.2.0","PSt7-10","170328-022","9/30/2017 7:09:10 PM","0000-00","0","no battery","V"
"11/03/2018","09:55:13","9","default","550496092","OXY_CH9","31.199","min","248.665","µmol/L","Humid","18.796","deg","79158","µV","26.090","°C","1019.000","hPa","34.1","pmil","0","53.442","deg","23.711","°C","100.000","%a.s.","21.016","deg","23.307","°C","1019.000","hPa","0.861","-0.02617","0.00035","0","0","13.56","Humid","22.75","0","51.00","250556.59","SABD0000000001","AAV1.0.0.11","1.1.2.0","PSt7-10","170328-022","9/30/2017 7:09:10 PM","0000-00","0","no battery","V"
"11/03/2018","09:55:14","9","default","550496092","OXY_CH9","31.216","min","248.672","µmol/L","Humid","18.796","deg","79157","µV","26.089","°C","1019.000","hPa","34.1","pmil","0","53.442","deg","23.711","°C","100.000","%a.s.","21.016","deg","23.307","°C","1019.000","hPa","0.861","-0.02617","0.00035","0","0","13.56","Humid","22.75","0","51.00","250539.73","SABD0000000001","AAV1.0.0.11","1.1.2.0","PSt7-10","170328-022","9/30/2017 7:09:10 PM","0000-00","0","no battery","V"
"11/03/2018","09:55:15","9","default","550496092","OXY_CH9","31.233","min","248.739","µmol/L","Humid","18.796","deg","79161","µV","26.080","°C","1019.000","hPa","34.1","pmil","0","53.442","deg","23.711","°C","100.000","%a.s.","21.016","deg","23.307","°C","1019.000","hPa","0.861","-0.02617","0.00035","0","0","13.56","Humid","22.75","0","51.00","250549.65","SABD0000000001","AAV1.0.0.11","1.1.2.0","PSt7-10","170328-022","9/30/2017 7:09:10 PM","0000-00","0","no battery","V"
"11/03/2018","09:55:16","9","default","550496092","OXY_CH9","31.250","min","248.735","µmol/L","Humid","18.796","deg","79154","µV","26.080","°C","1019.000","hPa","34.1","pmil","0","53.442","deg","23.711","°C","100.000","%a.s.","21.016","deg","23.307","°C","1019.000","hPa","0.861","-0.02617","0.00035","0","0","13.56","Humid","22.75","0","51.00","250535.43","SABD0000000001","AAV1.0.0.11","1.1.2.0","PSt7-10","170328-022","9/30/2017 7:09:10 PM","0000-00","0","no battery","V"
"11/03/2018","09:55:17","9","default","550496092","OXY_CH9","31.266","min","248.723","µmol/L","Humid","18.798","deg","79162","µV","26.075","°C","1019.000","hPa","34.1","pmil","0","53.442","deg","23.711","°C","100.000","%a.s.","21.016","deg","23.307","°C","1019.000","hPa","0.861","-0.02617","0.00035","0","0","13.56","Humid","22.75","0","51.00","250534.93","SABD0000000001","AAV1.0.0.11","1.1.2.0","PSt7-10","170328-022","9/30/2017 7:09:10 PM","0000-00","0","no battery","V"
"11/03/2018","09:55:18","9","default","550496092","OXY_CH9","31.282","min","248.542","µmol/L","Humid","18.797","deg","79160","µV","26.103","°C","1019.000","hPa","34.1","pmil","0","53.442","deg","23.711","°C","100.000","%a.s.","21.016","deg","23.307","°C","1019.000","hPa","0.861","-0.02617","0.00035","0","0","13.56","Humid","22.75","0","51.00","250542.68","SABD0000000001","AAV1.0.0.11","1.1.2.0","PSt7-10","170328-022","9/30/2017 7:09:10 PM","0000-00","0","no battery","V"
"11/03/2018","09:55:19","9","default","550496092","OXY_CH9","31.299","min","248.571","µmol/L","Humid","18.797","deg","79149","µV","26.099","°C","1019.000","hPa","34.1","pmil","0","53.442","deg","23.711","°C","100.000","%a.s.","21.016","deg","23.307","°C","1019.000","hPa","0.861","-0.02617","0.00035","0","0","13.56","Humid","22.75","0","51.00","250532.42","SABD0000000001","AAV1.0.0.11","1.1.2.0","PSt7-10","170328-022","9/30/2017 7:09:10 PM","0000-00","0","no battery","V"
"11/03/2018","09:55:20","9","default","550496092","OXY_CH9","31.316","min","248.483","µmol/L","Humid","18.801","deg","79160","µV","26.098","°C","1019.000","hPa","34.1","pmil","0","53.442","deg","23.711","°C","100.000","%a.s.","21.016","deg","23.307","°C","1019.000","hPa","0.861","-0.02617","0.00035","0","0","13.56","Humid","22.75","0","51.00","250541.47","SABD0000000001","AAV1.0.0.11","1.1.2.0","PSt7-10","170328-022","9/30/2017 7:09:10 PM","0000-00","0","no battery","V"
"11/03/2018","09:55:21","9","default","550496092","OXY_CH9","31.333","min","248.609","µmol/L","Humid","18.794","deg","79154","µV","26.104","°C","1019.000","hPa","34.1","pmil","0","53.442","deg","23.711","°C","100.000","%a.s.","21.016","deg","23.307","°C","1019.000","hPa","0.861","-0.02617","0.00035","0","0","13.56","Humid","22.75","0","51.00","250532.69","SABD0000000001","AAV1.0.0.11","1.1.2.0","PSt7-10","170328-022","9/30/2017 7:09:10 PM","0000-00","0","no battery","V"
"11/03/2018","09:55:22","9","default","550496092","OXY_CH9","31.349","min","248.506","µmol/L","Humid","18.800","deg","79154","µV","26.098","°C","1019.000","hPa","34.1","pmil","0","53.442","deg","23.711","°C","100.000","%a.s.","21.016","deg","23.307","°C","1019.000","hPa","0.861","-0.02617","0.00035","0","0","13.56","Humid","22.75","0","51.00","250541.21","SABD0000000001","AAV1.0.0.11","1.1.2.0","PSt7-10","170328-022","9/30/2017 7:09:10 PM","0000-00","0","no battery","V"
"11/03/2018","09:55:23","9","default","550496092","OXY_CH9","31.366","min","248.731","µmol/L","Humid","18.792","deg","79156","µV","26.094","°C","1019.000","hPa","34.1","pmil","0","53.442","deg","23.711","°C","100.000","%a.s.","21.016","deg","23.307","°C","1019.000","hPa","0.861","-0.02617","0.00035","0","0","13.56","Humid","22.75","0","51.00","250542.82","SABD0000000001","AAV1.0.0.11","1.1.2.0","PSt7-10","170328-022","9/30/2017 7:09:10 PM","0000-00","0","no battery","V"
"11/03/2018","09:55:24","9","default","550496092","OXY_CH9","31.382","min","248.829","µmol/L","Humid","18.790","deg","79153","µV","26.087","°C","1019.000","hPa","34.1","pmil","0","53.442","deg","23.711","°C","100.000","%a.s.","21.016","deg","23.307","°C","1019.000","hPa","0.861","-0.02617","0.00035","0","0","13.56","Humid","22.75","0","51.00","250536.59","SABD0000000001","AAV1.0.0.11","1.1.2.0","PSt7-10","170328-022","9/30/2017 7:09:10 PM","0000-00","0","no battery","V"
"11/03/2018","09:55:25","9","default","550496092","OXY_CH9","31.399","min","248.742","µmol/L","Humid","18.795","deg","79158","µV","26.083","°C","1019.000","hPa","34.1","pmil","0","53.442","deg","23.711","°C","100.000","%a.s.","21.016","deg","23.307","°C","1019.000","hPa","0.861","-0.02617","0.00035","0","0","13.56","Humid","22.75","0","51.00","250538.23","SABD0000000001","AAV1.0.0.11","1.1.2.0","PSt7-10","170328-022","9/30/2017 7:09:10 PM","0000-00","0","no battery","V"
"11/03/2018","09:55:26","9","default","550496092","OXY_CH9","31.415","min","248.600","µmol/L","Humid","18.796","deg","79146","µV","26.099","°C","1019.000","hPa","34.1","pmil","0","53.442","deg","23.711","°C","100.000","%a.s.","21.016","deg","23.307","°C","1019.000","hPa","0.861","-0.02617","0.00035","0","0","13.56","Humid","22.75","0","51.00","250536.03","SABD0000000001","AAV1.0.0.11","1.1.2.0","PSt7-10","170328-022","9/30/2017 7:09:10 PM","0000-00","0","no battery","V"
"11/03/2018","09:55:27","9","default","550496092","OXY_CH9","31.432","min","248.632","µmol/L","Humid","18.795","deg","79155","µV","26.097","°C","1019.000","hPa","34.1","pmil","0","53.442","deg","23.711","°C","100.000","%a.s.","21.016","deg","23.307","°C","1019.000","hPa","0.861","-0.02617","0.00035","0","0","13.56","Humid","22.75","0","51.00","250539.25","SABD0000000001","AAV1.0.0.11","1.1.2.0","PSt7-10","170328-022","9/30/2017 7:09:10 PM","0000-00","0","no battery","V"
"11/03/2018","09:55:28","9","default","550496092","OXY_CH9","31.449","min","248.591","µmol/L","Humid","18.798","deg","79158","µV","26.093","°C","1019.000","hPa","34.1","pmil","0","53.442","deg","23.711","°C","100.000","%a.s.","21.016","deg","23.307","°C","1019.000","hPa","0.861","-0.02617","0.00035","0","0","13.56","Humid","22.75","0","51.00","250541.42","SABD0000000001","AAV1.0.0.11","1.1.2.0","PSt7-10","170328-022","9/30/2017 7:09:10 PM","0000-00","0","no battery","V"
"11/03/2018","09:55:29","9","default","550496092","OXY_CH9","31.466","min","248.787","µmol/L","Humid","18.791","deg","79156","µV","26.089","°C","1019.000","hPa","34.1","pmil","0","53.442","deg","23.711","°C","100.000","%a.s.","21.016","deg","23.307","°C","1019.000","hPa","0.861","-0.02617","0.00035","0","0","13.56","Humid","22.75","0","51.00","250552.97","SABD0000000001","AAV1.0.0.11","1.1.2.0","PSt7-10","170328-022","9/30/2017 7:09:10 PM","0000-00","0","no battery","V"
"11/03/2018","09:55:30","9","default","550496092","OXY_CH9","31.483","min","248.675","µmol/L","Humid","18.797","deg","79154","µV","26.085","°C","1019.000","hPa","34.1","pmil","0","53.442","deg","23.711","°C","100.000","%a.s.","21.016","deg","23.307","°C","1019.000","hPa","0.861","-0.02617","0.00035","0","0","13.56","Humid","22.75","0","51.00","250533.93","SABD0000000001","AAV1.0.0.11","1.1.2.0","PSt7-10","170328-022","9/30/2017 7:09:10 PM","0000-00","0","no battery","V"
"11/03/2018","09:55:31","9","default","550496092","OXY_CH9","31.499","min","248.707","µmol/L","Humid","18.795","deg","79150","µV","26.087","°C","1019.000","hPa","34.1","pmil","0","53.442","deg","23.711","°C","100.000","%a.s.","21.016","deg","23.307","°C","1019.000","hPa","0.861","-0.02617","0.00035","0","0","13.56","Humid","22.75","0","51.00","250541.56","SABD0000000001","AAV1.0.0.11","1.1.2.0","PSt7-10","170328-022","9/30/2017 7:09:10 PM","0000-00","0","no battery","V"
"11/03/2018","09:55:32","9","default","550496092","OXY_CH9","31.516","min","248.743","µmol/L","Humid","18.794","deg","79155","µV","26.086","°C","1019.000","hPa","34.1","pmil","0","53.442","deg","23.711","°C","100.000","%a.s.","21.016","deg","23.307","°C","1019.000","hPa","0.861","-0.02617","0.00035","0","0","13.56","Humid","22.75","0","51.00","250545.76","SABD0000000001","AAV1.0.0.11","1.1.2.0","PSt7-10","170328-022","9/30/2017 7:09:10 PM","0000-00","0","no battery","V"
"11/03/2018","09:55:33","9","default","550496092","OXY_CH9","31.533","min","248.652","µmol/L","Humid","18.796","deg","79160","µV","26.091","°C","1019.000","hPa","34.1","pmil","0","53.442","deg","23.711","°C","100.000","%a.s.","21.016","deg","23.307","°C","1019.000","hPa","0.861","-0.02617","0.00035","0","0","13.56","Humid","22.75","0","51.00","250544.44","SABD0000000001","AAV1.0.0.11","1.1.2.0","PSt7-10","170328-022","9/30/2017 7:09:10 PM","0000-00","0","no battery","V"
"11/03/2018","09:55:34","9","default","550496092","OXY_CH9","31.549","min","248.655","µmol/L","Humid","18.798","deg","79156","µV","26.085","°C","1019.000","hPa","34.1","pmil","0","53.442","deg","23.711","°C","100.000","%a.s.","21.016","deg","23.307","°C","1019.000","hPa","0.861","-0.02617","0.00035","0","0","13.56","Humid","22.75","0","51.00","250534.96","SABD0000000001","AAV1.0.0.11","1.1.2.0","PSt7-10","170328-022","9/30/2017 7:09:10 PM","0000-00","0","no battery","V"
"11/03/2018","09:55:35","9","default","550496092","OXY_CH9","31.565","min","248.685","µmol/L","Humid","18.798","deg","79149","µV","26.081","°C","1019.000","hPa","34.1","pmil","0","53.442","deg","23.711","°C","100.000","%a.s.","21.016","deg","23.307","°C","1019.000","hPa","0.861","-0.02617","0.00035","0","0","13.56","Humid","22.75","0","51.00","250529.79","SABD0000000001","AAV1.0.0.11","1.1.2.0","PSt7-10","170328-022","9/30/2017 7:09:10 PM","0000-00","0","no battery","V"
"11/03/2018","09:55:36","9","default","550496092","OXY_CH9","31.582","min","248.588","µmol/L","Humid","18.799","deg","79147","µV","26.091","°C","1019.000","hPa","34.1","pmil","0","53.442","deg","23.711","°C","100.000","%a.s.","21.016","deg","23.307","°C","1019.000","hPa","0.861","-0.02617","0.00035","0","0","13.56","Humid","22.75","0","51.00","250535.85","SABD0000000001","AAV1.0.0.11","1.1.2.0","PSt7-10","170328-022","9/30/2017 7:09:10 PM","0000-00","0","no battery","V"
"11/03/2018","09:55:37","9","default","550496092","OXY_CH9","31.599","min","248.680","µmol/L","Humid","18.793","deg","79152","µV","26.097","°C","1019.000","hPa","34.1","pmil","0","53.442","deg","23.711","°C","100.000","%a.s.","21.016","deg","23.307","°C","1019.000","hPa","0.861","-0.02617","0.00035","0","0","13.56","Humid","22.75","0","51.00","250540.37","SABD0000000001","AAV1.0.0.11","1.1.2.0","PSt7-10","170328-022","9/30/2017 7:09:10 PM","0000-00","0","no battery","V"
"11/03/2018","09:55:38","9","default","550496092","OXY_CH9","31.616","min","248.537","µmol/L","Humid","18.798","deg","79158","µV","26.101","°C","1019.000","hPa","34.1","pmil","0","53.442","deg","23.711","°C","100.000","%a.s.","21.016","deg","23.307","°C","1019.000","hPa","0.861","-0.02617","0.00035","0","0","13.56","Humid","22.75","0","51.00","250525.88","SABD0000000001","AAV1.0.0.11","1.1.2.0","PSt7-10","170328-022","9/30/2017 7:09:10 PM","0000-00","0","no battery","V"
"11/03/2018","09:55:39","9","default","550496092","OXY_CH9","31.633","min","248.495","µmol/L","Humid","18.798","deg","79151","µV","26.106","°C","1019.000","hPa","34.1","pmil","0","53.442","deg","23.711","°C","100.000","%a.s.","21.016","deg","23.307","°C","1019.000","hPa","0.861","-0.02617","0.00035","0","0","13.56","Humid","22.75","0","51.00","250529.98","SABD0000000001","AAV1.0.0.11","1.1.2.0","PSt7-10","170328-022","9/30/2017 7:09:10 PM","0000-00","0","no battery","V"
"11/03/2018","09:55:40","9","default","550496092","OXY_CH9","31.649","min","248.669","µmol/L","Humid","18.798","deg","79157","µV","26.083","°C","1019.000","hPa","34.1","pmil","0","53.442","deg","23.711","°C","100.000","%a.s.","21.016","deg","23.307","°C","1019.000","hPa","0.861","-0.02617","0.00035","0","0","13.56","Humid","22.75","0","51.00","250526.16","SABD0000000001","AAV1.0.0.11","1.1.2.0","PSt7-10","170328-022","9/30/2017 7:09:10 PM","0000-00","0","no battery","V"
"11/03/2018","09:55:41","9","default","550496092","OXY_CH9","31.666","min","248.618","µmol/L","Humid","18.801","deg","79157","µV","26.080","°C","1019.000","hPa","34.1","pmil","0","53.442","deg","23.711","°C","100.000","%a.s.","21.016","deg","23.307","°C","1019.000","hPa","0.861","-0.02617","0.00035","0","0","13.56","Humid","22.75","0","51.00","250521.11","SABD0000000001","AAV1.0.0.11","1.1.2.0","PSt7-10","170328-022","9/30/2017 7:09:10 PM","0000-00","0","no battery","V"
"11/03/2018","09:55:42","9","default","550496092","OXY_CH9","31.683","min","248.637","µmol/L","Humid","18.798","deg","79147","µV","26.087","°C","1019.000","hPa","34.1","pmil","0","53.442","deg","23.711","°C","100.000","%a.s.","21.016","deg","23.307","°C","1019.000","hPa","0.861","-0.02617","0.00035","0","0","13.56","Humid","22.75","0","51.00","250535.87","SABD0000000001","AAV1.0.0.11","1.1.2.0","PSt7-10","170328-022","9/30/2017 7:09:10 PM","0000-00","0","no battery","V"
"11/03/2018","09:55:43","9","default","550496092","OXY_CH9","31.700","min","248.742","µmol/L","Humid","18.795","deg","79152","µV","26.083","°C","1019.000","hPa","34.1","pmil","0","53.442","deg","23.711","°C","100.000","%a.s.","21.016","deg","23.307","°C","1019.000","hPa","0.861","-0.02617","0.00035","0","0","13.56","Humid","22.75","0","51.00","250523.76","SABD0000000001","AAV1.0.0.11","1.1.2.0","PSt7-10","170328-022","9/30/2017 7:09:10 PM","0000-00","0","no battery","V"
"11/03/2018","09:55:44","9","default","550496092","OXY_CH9","31.716","min","248.604","µmol/L","Humid","18.799","deg","79145","µV","26.088","°C","1019.000","hPa","34.1","pmil","0","53.442","deg","23.711","°C","100.000","%a.s.","21.016","deg","23.307","°C","1019.000","hPa","0.861","-0.02617","0.00035","0","0","13.56","Humid","22.75","0","51.00","250522.93","SABD0000000001","AAV1.0.0.11","1.1.2.0","PSt7-10","170328-022","9/30/2017 7:09:10 PM","0000-00","0","no battery","V"
"11/03/2018","09:55:45","9","default","550496092","OXY_CH9","31.732","min","248.517","µmol/L","Humid","18.803","deg","79155","µV","26.087","°C","1019.000","hPa","34.1","pmil","0","53.442","deg","23.711","°C","100.000","%a.s.","21.016","deg","23.307","°C","1019.000","hPa","0.861","-0.02617","0.00035","0","0","13.56","Humid","22.75","0","51.00","250526.75","SABD0000000001","AAV1.0.0.11","1.1.2.0","PSt7-10","170328-022","9/30/2017 7:09:10 PM","0000-00","0","no battery","V"
"11/03/2018","09:55:46","9","default","550496092","OXY_CH9","31.749","min","248.546","µmol/L","Humid","18.801","deg","79153","µV","26.090","°C","1019.000","hPa","34.1","pmil","0","53.442","deg","23.711","°C","100.000","%a.s.","21.016","deg","23.307","°C","1019.000","hPa","0.861","-0.02617","0.00035","0","0","13.56","Humid","22.75","0","51.00","250523.42","SABD0000000001","AAV1.0.0.11","1.1.2.0","PSt7-10","170328-022","9/30/2017 7:09:10 PM","0000-00","0","no battery","V"
"11/03/2018","09:55:47","9","default","550496092","OXY_CH9","31.766","min","248.439","µmol/L","Humid","18.801","deg","79146","µV","26.104","°C","1019.000","hPa","34.1","pmil","0","53.442","deg","23.711","°C","100.000","%a.s.","21.016","deg","23.307","°C","1019.000","hPa","0.861","-0.02617","0.00035","0","0","13.56","Humid","22.75","0","51.00","250525.38","SABD0000000001","AAV1.0.0.11","1.1.2.0","PSt7-10","170328-022","9/30/2017 7:09:10 PM","0000-00","0","no battery","V"
"11/03/2018","09:55:48","9","default","550496092","OXY_CH9","31.782","min","248.488","µmol/L","Humid","18.803","deg","79153","µV","26.091","°C","1019.000","hPa","34.1","pmil","0","53.442","deg","23.711","°C","100.000","%a.s.","21.016","deg","23.307","°C","1019.000","hPa","0.861","-0.02617","0.00035","0","0","13.56","Humid","22.75","0","51.00","250507.40","SABD0000000001","AAV1.0.0.11","1.1.2.0","PSt7-10","170328-022","9/30/2017 7:09:10 PM","0000-00","0","no battery","V"
"11/03/2018","09:55:49","9","default","550496092","OXY_CH9","31.799","min","248.715","µmol/L","Humid","18.796","deg","79151","µV","26.083","°C","1019.000","hPa","34.1","pmil","0","53.442","deg","23.711","°C","100.000","%a.s.","21.016","deg","23.307","°C","1019.000","hPa","0.861","-0.02617","0.00035","0","0","13.56","Humid","22.75","0","51.00","250518.86","SABD0000000001","AAV1.0.0.11","1.1.2.0","PSt7-10","170328-022","9/30/2017 7:09:10 PM","0000-00","0","no battery","V"
"11/03/2018","09:55:50","9","default","550496092","OXY_CH9","31.816","min","248.716","µmol/L","Humid","18.797","deg","79161","µV","26.080","°C","1019.000","hPa","34.1","pmil","0","53.442","deg","23.711","°C","100.000","%a.s.","21.016","deg","23.307","°C","1019.000","hPa","0.861","-0.02617","0.00035","0","0","13.56","Humid","22.75","0","51.00","250520.01","SABD0000000001","AAV1.0.0.11","1.1.2.0","PSt7-10","170328-022","9/30/2017 7:09:10 PM","0000-00","0","no battery","V"
"11/03/2018","09:55:51","9","default","550496092","OXY_CH9","31.833","min","248.703","µmol/L","Humid","18.795","deg","79158","µV","26.088","°C","1019.000","hPa","34.1","pmil","0","53.442","deg","23.711","°C","100.000","%a.s.","21.016","deg","23.307","°C","1019.000","hPa","0.861","-0.02617","0.00035","0","0","13.56","Humid","22.75","0","51.00","250531.43","SABD0000000001","AAV1.0.0.11","1.1.2.0","PSt7-10","170328-022","9/30/2017 7:09:10 PM","0000-00","0","no battery","V"
"11/03/2018","09:55:52","9","default","550496092","OXY_CH9","31.850","min","248.741","µmol/L","Humid","18.796","deg","79157","µV","26.079","°C","1019.000","hPa","34.1","pmil","0","53.442","deg","23.711","°C","100.000","%a.s.","21.016","deg","23.307","°C","1019.000","hPa","0.861","-0.02617","0.00035","0","0","13.56","Humid","22.75","0","51.00","250530.34","SABD0000000001","AAV1.0.0.11","1.1.2.0","PSt7-10","170328-022","9/30/2017 7:09:10 PM","0000-00","0","no battery","V"
"11/03/2018","09:55:53","9","default","550496092","OXY_CH9","31.866","min","248.716","µmol/L","Humid","18.795","deg","79154","µV","26.086","°C","1019.000","hPa","34.1","pmil","0","53.442","deg","23.711","°C","100.000","%a.s.","21.016","deg","23.307","°C","1019.000","hPa","0.861","-0.02617","0.00035","0","0","13.56","Humid","22.75","0","51.00","250511.02","SABD0000000001","AAV1.0.0.11","1.1.2.0","PSt7-10","170328-022","9/30/2017 7:09:10 PM","0000-00","0","no battery","V"
"11/03/2018","09:55:54","9","default","550496092","OXY_CH9","31.882","min","248.693","µmol/L","Humid","18.796","deg","79149","µV","26.086","°C","1019.000","hPa","34.1","pmil","0","53.442","deg","23.711","°C","100.000","%a.s.","21.016","deg","23.307","°C","1019.000","hPa","0.861","-0.02617","0.00035","0","0","13.56","Humid","22.75","0","51.00","250513.46","SABD0000000001","AAV1.0.0.11","1.1.2.0","PSt7-10","170328-022","9/30/2017 7:09:10 PM","0000-00","0","no battery","V"
"11/03/2018","09:55:55","9","default","550496092","OXY_CH9","31.899","min","248.572","µmol/L","Humid","18.794","deg","79159","µV","26.109","°C","1019.000","hPa","34.1","pmil","0","53.442","deg","23.711","°C","100.000","%a.s.","21.016","deg","23.307","°C","1019.000","hPa","0.861","-0.02617","0.00035","0","0","13.56","Humid","22.75","0","51.00","250520.68","SABD0000000001","AAV1.0.0.11","1.1.2.0","PSt7-10","170328-022","9/30/2017 7:09:10 PM","0000-00","0","no battery","V"
"11/03/2018","09:55:56","9","default","550496092","OXY_CH9","31.916","min","248.521","µmol/L","Humid","18.798","deg","79153","µV","26.103","°C","1019.000","hPa","34.1","pmil","0","53.442","deg","23.711","°C","100.000","%a.s.","21.016","deg","23.307","°C","1019.000","hPa","0.861","-0.02617","0.00035","0","0","13.56","Humid","22.75","0","51.00","250519.24","SABD0000000001","AAV1.0.0.11","1.1.2.0","PSt7-10","170328-022","9/30/2017 7:09:10 PM","0000-00","0","no battery","V"
"11/03/2018","09:55:57","9","default","550496092","OXY_CH9","31.932","min","248.542","µmol/L","Humid","18.799","deg","79154","µV","26.097","°C","1019.000","hPa","34.1","pmil","0","53.442","deg","23.711","°C","100.000","%a.s.","21.016","deg","23.307","°C","1019.000","hPa","0.861","-0.02617","0.00035","0","0","13.56","Humid","22.75","0","51.00","250512.78","SABD0000000001","AAV1.0.0.11","1.1.2.0","PSt7-10","170328-022","9/30/2017 7:09:10 PM","0000-00","0","no battery","V"
"11/03/2018","09:55:58","9","default","550496092","OXY_CH9","31.949","min","248.581","µmol/L","Humid","18.799","deg","79150","µV","26.091","°C","1019.000","hPa","34.1","pmil","0","53.442","deg","23.711","°C","100.000","%a.s.","21.016","deg","23.307","°C","1019.000","hPa","0.861","-0.02617","0.00035","0","0","13.56","Humid","22.75","0","51.00","250512.03","SABD0000000001","AAV1.0.0.11","1.1.2.0","PSt7-10","170328-022","9/30/2017 7:09:10 PM","0000-00","0","no battery","V"
"11/03/2018","09:55:59","9","default","550496092","OXY_CH9","31.966","min","248.658","µmol/L","Humid","18.798","deg","79153","µV","26.084","°C","1019.000","hPa","34.1","pmil","0","53.442","deg","23.711","°C","100.000","%a.s.","21.016","deg","23.307","°C","1019.000","hPa","0.861","-0.02617","0.00035","0","0","13.56","Humid","22.75","0","51.00","250515.97","SABD0000000001","AAV1.0.0.11","1.1.2.0","PSt7-10","170328-022","9/30/2017 7:09:10 PM","0000-00","0","no battery","V"
"11/03/2018","09:56:00","9","default","550496092","OXY_CH9","31.983","min","248.487","µmol/L","Humid","18.800","deg","79161","µV","26.101","°C","1019.000","hPa","34.1","pmil","0","53.442","deg","23.711","°C","100.000","%a.s.","21.016","deg","23.307","°C","1019.000","hPa","0.861","-0.02617","0.00035","0","0","13.56","Humid","22.75","0","51.00","250505.23","SABD0000000001","AAV1.0.0.11","1.1.2.0","PSt7-10","170328-022","9/30/2017 7:09:10 PM","0000-00","0","no battery","V"
"11/03/2018","09:56:01","9","default","550496092","OXY_CH9","32.000","min","248.535","µmol/L","Humid","18.796","deg","79154","µV","26.107","°C","1019.000","hPa","34.1","pmil","0","53.442","deg","23.711","°C","100.000","%a.s.","21.016","deg","23.307","°C","1019.000","hPa","0.861","-0.02617","0.00035","0","0","13.56","Humid","22.75","0","51.00","250519.31","SABD0000000001","AAV1.0.0.11","1.1.2.0","PSt7-10","170328-022","9/30/2017 7:09:10 PM","0000-00","0","no battery","V"
"11/03/2018","09:56:02","9","default","550496092","OXY_CH9","32.016","min","248.571","µmol/L","Humid","18.803","deg","79145","µV","26.080","°C","1019.000","hPa","34.1","pmil","0","53.442","deg","23.711","°C","100.000","%a.s.","21.016","deg","23.307","°C","1019.000","hPa","0.861","-0.02617","0.00035","0","0","13.56","Humid","22.75","0","51.00","250513.21","SABD0000000001","AAV1.0.0.11","1.1.2.0","PSt7-10","170328-022","9/30/2017 7:09:10 PM","0000-00","0","no battery","V"
"11/03/2018","09:56:03","9","default","550496092","OXY_CH9","32.032","min","248.557","µmol/L","Humid","18.801","deg","79149","µV","26.088","°C","1019.000","hPa","34.1","pmil","0","53.442","deg","23.711","°C","100.000","%a.s.","21.016","deg","23.307","°C","1019.000","hPa","0.861","-0.02617","0.00035","0","0","13.56","Humid","22.75","0","51.00","250507.53","SABD0000000001","AAV1.0.0.11","1.1.2.0","PSt7-10","170328-022","9/30/2017 7:09:10 PM","0000-00","0","no battery","V"
"11/03/2018","09:56:04","9","default","550496092","OXY_CH9","32.049","min","248.640","µmol/L","Humid","18.800","deg","79154","µV","26.080","°C","1019.000","hPa","34.1","pmil","0","53.442","deg","23.711","°C","100.000","%a.s.","21.016","deg","23.307","°C","1019.000","hPa","0.861","-0.02617","0.00035","0","0","13.56","Humid","22.75","0","51.00","250520.87","SABD0000000001","AAV1.0.0.11","1.1.2.0","PSt7-10","170328-022","9/30/2017 7:09:10 PM","0000-00","0","no battery","V"
"11/03/2018","09:56:05","9","default","550496092","OXY_CH9","32.066","min","248.585","µmol/L","Humid","18.800","deg","79154","µV","26.088","°C","1019.000","hPa","34.1","pmil","0","53.442","deg","23.711","°C","100.000","%a.s.","21.016","deg","23.307","°C","1019.000","hPa","0.861","-0.02617","0.00035","0","0","13.56","Humid","22.75","0","51.00","250515.13","SABD0000000001","AAV1.0.0.11","1.1.2.0","PSt7-10","170328-022","9/30/2017 7:09:10 PM","0000-00","0","no battery","V"
"11/03/2018","09:56:06","9","default","550496092","OXY_CH9","32.082","min","248.537","µmol/L","Humid","18.798","deg","79144","µV","26.101","°C","1019.000","hPa","34.1","pmil","0","53.442","deg","23.711","°C","100.000","%a.s.","21.016","deg","23.307","°C","1019.000","hPa","0.861","-0.02617","0.00035","0","0","13.56","Humid","22.75","0","51.00","250508.76","SABD0000000001","AAV1.0.0.11","1.1.2.0","PSt7-10","170328-022","9/30/2017 7:09:10 PM","0000-00","0","no battery","V"
"11/03/2018","09:56:07","9","default","550496092","OXY_CH9","32.099","min","248.588","µmol/L","Humid","18.797","deg","79147","µV","26.097","°C","1019.000","hPa","34.1","pmil","0","53.442","deg","23.711","°C","100.000","%a.s.","21.016","deg","23.307","°C","1019.000","hPa","0.861","-0.02617","0.00035","0","0","13.56","Humid","22.75","0","51.00","250511.94","SABD0000000001","AAV1.0.0.11","1.1.2.0","PSt7-10","170328-022","9/30/2017 7:09:10 PM","0000-00","0","no battery","V"
"11/03/2018","09:56:08","9","default","550496092","OXY_CH9","32.116","min","248.513","µmol/L","Humid","18.803","deg","79160","µV","26.088","°C","1019.000","hPa","34.1","pmil","0","53.442","deg","23.711","°C","100.000","%a.s.","21.016","deg","23.307","°C","1019.000","hPa","0.861","-0.02617","0.00035","0","0","13.56","Humid","22.75","0","51.00","250508.25","SABD0000000001","AAV1.0.0.11","1.1.2.0","PSt7-10","170328-022","9/30/2017 7:09:10 PM","0000-00","0","no battery","V"
"11/03/2018","09:56:09","9","default","550496092","OXY_CH9","32.133","min","248.606","µmol/L","Humid","18.799","deg","79153","µV","26.088","°C","1019.000","hPa","34.1","pmil","0","53.442","deg","23.711","°C","100.000","%a.s.","21.016","deg","23.307","°C","1019.000","hPa","0.861","-0.02617","0.00035","0","0","13.56","Humid","22.75","0","51.00","250504.01","SABD0000000001","AAV1.0.0.11","1.1.2.0","PSt7-10","170328-022","9/30/2017 7:09:10 PM","0000-00","0","no battery","V"
"11/03/2018","09:56:10","9","default","550496092","OXY_CH9","32.149","min","248.772","µmol/L","Humid","18.794","deg","79156","µV","26.082","°C","1019.000","hPa","34.1","pmil","0","53.442","deg","23.711","°C","100.000","%a.s.","21.016","deg","23.307","°C","1019.000","hPa","0.861","-0.02617","0.00035","0","0","13.56","Humid","22.75","0","51.00","250502.68","SABD0000000001","AAV1.0.0.11","1.1.2.0","PSt7-10","170328-022","9/30/2017 7:09:10 PM","0000-00","0","no battery","V"
"11/03/2018","09:56:11","9","default","550496092","OXY_CH9","32.165","min","248.491","µmol/L","Humid","18.803","deg","79149","µV","26.091","°C","1019.000","hPa","34.1","pmil","0","53.442","deg","23.711","°C","100.000","%a.s.","21.016","deg","23.307","°C","1019.000","hPa","0.861","-0.02617","0.00035","0","0","13.56","Humid","22.75","0","51.00","250502.60","SABD0000000001","AAV1.0.0.11","1.1.2.0","PSt7-10","170328-022","9/30/2017 7:09:10 PM","0000-00","0","no battery","V"
"11/03/2018","09:56:12","9","default","550496092","OXY_CH9","32.182","min","248.670","µmol/L","Humid","18.794","deg","79161","µV","26.096","°C","1019.000","hPa","34.1","pmil","0","53.442","deg","23.711","°C","100.000","%a.s.","21.016","deg","23.307","°C","1019.000","hPa","0.861","-0.02617","0.00035","0","0","13.56","Humid","22.75","0","51.00","250502.39","SABD0000000001","AAV1.0.0.11","1.1.2.0","PSt7-10","170328-022","9/30/2017 7:09:10 PM","0000-00","0","no battery","V"
"11/03/2018","09:56:13","9","default","550496092","OXY_CH9","32.199","min","248.580","µmol/L","Humid","18.801","deg","79154","µV","26.085","°C","1019.000","hPa","34.1","pmil","0","53.442","deg","23.711","°C","100.000","%a.s.","21.016","deg","23.307","°C","1019.000","hPa","0.861","-0.02617","0.00035","0","0","13.56","Humid","22.75","0","51.00","250508.42","SABD0000000001","AAV1.0.0.11","1.1.2.0","PSt7-10","170328-022","9/30/2017 7:09:10 PM","0000-00","0","no battery","V"
"11/03/2018","09:56:14","9","default","550496092","OXY_CH9","32.216","min","248.631","µmol/L","Humid","18.799","deg","79141","µV","26.085","°C","1019.000","hPa","34.1","pmil","0","53.442","deg","23.711","°C","100.000","%a.s.","21.016","deg","23.307","°C","1019.000","hPa","0.861","-0.02617","0.00035","0","0","13.56","Humid","22.75","0","51.00","250497.46","SABD0000000001","AAV1.0.0.11","1.1.2.0","PSt7-10","170328-022","9/30/2017 7:09:10 PM","0000-00","0","no battery","V"
"11/03/2018","09:56:15","9","default","550496092","OXY_CH9","32.232","min","248.385","µmol/L","Humid","18.803","deg","79153","µV","26.105","°C","1019.000","hPa","34.1","pmil","0","53.442","deg","23.711","°C","100.000","%a.s.","21.016","deg","23.307","°C","1019.000","hPa","0.861","-0.02617","0.00035","0","0","13.56","Humid","22.75","0","51.00","250507.19","SABD0000000001","AAV1.0.0.11","1.1.2.0","PSt7-10","170328-022","9/30/2017 7:09:10 PM","0000-00","0","no battery","V"
"11/03/2018","09:56:16","9","default","550496092","OXY_CH9","32.249","min","248.397","µmol/L","Humid","18.804","deg","79154","µV","26.100","°C","1019.000","hPa","34.1","pmil","0","53.442","deg","23.711","°C","100.000","%a.s.","21.016","deg","23.307","°C","1019.000","hPa","0.861","-0.02617","0.00035","0","0","13.56","Humid","22.75","0","51.00","250505.67","SABD0000000001","AAV1.0.0.11","1.1.2.0","PSt7-10","170328-022","9/30/2017 7:09:10 PM","0000-00","0","no battery","V"
"11/03/2018","09:56:17","9","default","550496092","OXY_CH9","32.266","min","248.388","µmol/L","Humid","18.803","deg","79149","µV","26.105","°C","1019.000","hPa","34.1","pmil","0","53.442","deg","23.711","°C","100.000","%a.s.","21.016","deg","23.307","°C","1019.000","hPa","0.861","-0.02617","0.00035","0","0","13.56","Humid","22.75","0","51.00","250511.89","SABD0000000001","AAV1.0.0.11","1.1.2.0","PSt7-10","170328-022","9/30/2017 7:09:10 PM","0000-00","0","no battery","V"
"11/03/2018","09:56:18","9","default","550496092","OXY_CH9","32.283","min","248.601","µmol/L","Humid","18.798","deg","79152","µV","26.092","°C","1019.000","hPa","34.1","pmil","0","53.442","deg","23.711","°C","100.000","%a.s.","21.016","deg","23.307","°C","1019.000","hPa","0.861","-0.02617","0.00035","0","0","13.56","Humid","22.75","0","51.00","250506.51","SABD0000000001","AAV1.0.0.11","1.1.2.0","PSt7-10","170328-022","9/30/2017 7:09:10 PM","0000-00","0","no battery","V"
"11/03/2018","09:56:19","9","default","550496092","OXY_CH9","32.300","min","248.574","µmol/L","Humid","18.797","deg","79157","µV","26.099","°C","1019.000","hPa","34.1","pmil","0","53.442","deg","23.711","°C","100.000","%a.s.","21.016","deg","23.307","°C","1019.000","hPa","0.861","-0.02617","0.00035","0","0","13.56","Humid","22.75","0","51.00","250512.19","SABD0000000001","AAV1.0.0.11","1.1.2.0","PSt7-10","170328-022","9/30/2017 7:09:10 PM","0000-00","0","no battery","V"
"11/03/2018","09:56:20","9","default","550496092","OXY_CH9","32.316","min","248.611","µmol/L","Humid","18.797","deg","79161","µV","26.094","°C","1019.000","hPa","34.1","pmil","0","53.442","deg","23.711","°C","100.000","%a.s.","21.016","deg","23.307","°C","1019.000","hPa","0.861","-0.02617","0.00035","0","0","13.56","Humid","22.75","0","51.00","250501.92","SABD0000000001","AAV1.0.0.11","1.1.2.0","PSt7-10","170328-022","9/30/2017 7:09:10 PM","0000-00","0","no battery","V"
"11/03/2018","09:56:21","9","default","550496092","OXY_CH9","32.332","min","248.464","µmol/L","Humid","18.804","deg","79152","µV","26.091","°C","1019.000","hPa","34.1","pmil","0","53.442","deg","23.711","°C","100.000","%a.s.","21.016","deg","23.307","°C","1019.000","hPa","0.861","-0.02617","0.00035","0","0","13.56","Humid","22.75","0","51.00","250511.58","SABD0000000001","AAV1.0.0.11","1.1.2.0","PSt7-10","170328-022","9/30/2017 7:09:10 PM","0000-00","0","no battery","V"
"11/03/2018","09:56:22","9","default","550496092","OXY_CH9","32.349","min","248.514","µmol/L","Humid","18.803","deg","79150","µV","26.088","°C","1019.000","hPa","34.1","pmil","0","53.442","deg","23.711","°C","100.000","%a.s.","21.016","deg","23.307","°C","1019.000","hPa","0.861","-0.02617","0.00035","0","0","13.56","Humid","22.75","0","51.00","250503.39","SABD0000000001","AAV1.0.0.11","1.1.2.0","PSt7-10","170328-022","9/30/2017 7:09:10 PM","0000-00","0","no battery","V"
"11/03/2018","09:56:23","9","default","550496092","OXY_CH9","32.366","min","248.467","µmol/L","Humid","18.805","deg","79155","µV","26.087","°C","1019.000","hPa","34.1","pmil","0","53.442","deg","23.711","°C","100.000","%a.s.","21.016","deg","23.307","°C","1019.000","hPa","0.861","-0.02617","0.00035","0","0","13.56","Humid","22.75","0","51.00","250497.94","SABD0000000001","AAV1.0.0.11","1.1.2.0","PSt7-10","170328-022","9/30/2017 7:09:10 PM","0000-00","0","no battery","V"
"11/03/2018","09:56:24","9","default","550496092","OXY_CH9","32.382","min","248.657","µmol/L","Humid","18.802","deg","79149","µV","26.071","°C","1019.000","hPa","34.1","pmil","0","53.442","deg","23.711","°C","100.000","%a.s.","21.016","deg","23.307","°C","1019.000","hPa","0.861","-0.02617","0.00035","0","0","13.56","Humid","22.75","0","51.00","250500.03","SABD0000000001","AAV1.0.0.11","1.1.2.0","PSt7-10","170328-022","9/30/2017 7:09:10 PM","0000-00","0","no battery","V"
"11/03/2018","09:56:25","9","default","550496092","OXY_CH9","32.399","min","248.507","µmol/L","Humid","18.799","deg","79156","µV","26.102","°C","1019.000","hPa","34.1","pmil","0","53.442","deg","23.711","°C","100.000","%a.s.","21.016","deg","23.307","°C","1019.000","hPa","0.861","-0.02617","0.00035","0","0","13.56","Humid","22.75","0","51.00","250497.04","SABD0000000001","AAV1.0.0.11","1.1.2.0","PSt7-10","170328-022","9/30/2017 7:09:10 PM","0000-00","0","no battery","V"
"11/03/2018","09:56:26","9","default","550496092","OXY_CH9","32.416","min","248.517","µmol/L","Humid","18.802","deg","79149","µV","26.090","°C","1019.000","hPa","34.1","pmil","0","53.442","deg","23.711","°C","100.000","%a.s.","21.016","deg","23.307","°C","1019.000","hPa","0.861","-0.02617","0.00035","0","0","13.56","Humid","22.75","0","51.00","250489.43","SABD0000000001","AAV1.0.0.11","1.1.2.0","PSt7-10","170328-022","9/30/2017 7:09:10 PM","0000-00","0","no battery","V"
"11/03/2018","09:56:27","9","default","550496092","OXY_CH9","32.433","min","248.380","µmol/L","Humid","18.806","deg","79148","µV","26.096","°C","1019.000","hPa","34.1","pmil","0","53.442","deg","23.711","°C","100.000","%a.s.","21.016","deg","23.307","°C","1019.000","hPa","0.861","-0.02617","0.00035","0","0","13.56","Humid","22.75","0","51.00","250492.06","SABD0000000001","AAV1.0.0.11","1.1.2.0","PSt7-10","170328-022","9/30/2017 7:09:10 PM","0000-00","0","no battery","V"
"11/03/2018","09:56:28","9","default","550496092","OXY_CH9","32.450","min","248.439","µmol/L","Humid","18.804","deg","79163","µV","26.095","°C","1019.000","hPa","34.1","pmil","0","53.442","deg","23.711","°C","100.000","%a.s.","21.016","deg","23.307","°C","1019.000","hPa","0.861","-0.02617","0.00035","0","0","13.56","Humid","22.75","0","51.00","250499.30","SABD0000000001","AAV1.0.0.11","1.1.2.0","PSt7-10","170328-022","9/30/2017 7:09:10 PM","0000-00","0","no battery","V"
"11/03/2018","09:56:29","9","default","550496092","OXY_CH9","32.466","min","248.590","µmol/L","Humid","18.800","deg","79152","µV","26.087","°C","1019.000","hPa","34.1","pmil","0","53.442","deg","23.711","°C","100.000","%a.s.","21.016","deg","23.307","°C","1019.000","hPa","0.861","-0.02617","0.00035","0","0","13.56","Humid","22.75","0","51.00","250495.18","SABD0000000001","AAV1.0.0.11","1.1.2.0","PSt7-10","170328-022","9/30/2017 7:09:10 PM","0000-00","0","no battery","V"
"11/03/2018","09:56:30","9","default","550496092","OXY_CH9","32.482","min","248.499","µmol/L","Humid","18.802","deg","79151","µV","26.093","°C","1019.000","hPa","34.1","pmil","0","53.442","deg","23.711","°C","100.000","%a.s.","21.016","deg","23.307","°C","1019.000","hPa","0.861","-0.02617","0.00035","0","0","13.56","Humid","22.75","0","51.00","250492.25","SABD0000000001","AAV1.0.0.11","1.1.2.0","PSt7-10","170328-022","9/30/2017 7:09:10 PM","0000-00","0","no battery","V"
"11/03/2018","09:56:31","9","default","550496092","OXY_CH9","32.499","min","248.552","µmol/L","Humid","18.803","deg","79157","µV","26.082","°C","1019.000","hPa","34.1","pmil","0","53.442","deg","23.711","°C","100.000","%a.s.","21.016","deg","23.307","°C","1019.000","hPa","0.861","-0.02617","0.00035","0","0","13.56","Humid","22.75","0","51.00","250496.30","SABD0000000001","AAV1.0.0.11","1.1.2.0","PSt7-10","170328-022","9/30/2017 7:09:10 PM","0000-00","0","no battery","V"
"11/03/2018","09:56:32","9","default","550496092","OXY_CH9","32.516","min","248.581","µmol/L","Humid","18.801","deg","79157","µV","26.085","°C","1019.000","hPa","34.1","pmil","0","53.442","deg","23.711","°C","100.000","%a.s.","21.016","deg","23.307","°C","1019.000","hPa","0.861","-0.02617","0.00035","0","0","13.56","Humid","22.75","0","51.00","250508.23","SABD0000000001","AAV1.0.0.11","1.1.2.0","PSt7-10","170328-022","9/30/2017 7:09:10 PM","0000-00","0","no battery","V"
"11/03/2018","09:56:33","9","default","550496092","OXY_CH9","32.532","min","248.556","µmol/L","Humid","18.804","deg","79155","µV","26.079","°C","1019.000","hPa","34.1","pmil","0","53.442","deg","23.711","°C","100.000","%a.s.","21.016","deg","23.307","°C","1019.000","hPa","0.861","-0.02617","0.00035","0","0","13.56","Humid","22.75","0","51.00","250491.01","SABD0000000001","AAV1.0.0.11","1.1.2.0","PSt7-10","170328-022","9/30/2017 7:09:10 PM","0000-00","0","no battery","V"
"11/03/2018","09:56:34","9","default","550496092","OXY_CH9","32.549","min","248.603","µmol/L","Humid","18.800","deg","79156","µV","26.085","°C","1019.000","hPa","34.1","pmil","0","53.442","deg","23.711","°C","100.000","%a.s.","21.016","deg","23.307","°C","1019.000","hPa","0.861","-0.02617","0.00035","0","0","13.56","Humid","22.75","0","51.00","250500.23","SABD0000000001","AAV1.0.0.11","1.1.2.0","PSt7-10","170328-022","9/30/2017 7:09:10 PM","0000-00","0","no battery","V"
"11/03/2018","09:56:35","9","default","550496092","OXY_CH9","32.566","min","248.320","µmol/L","Humid","18.806","deg","79160","µV","26.104","°C","1019.000","hPa","34.1","pmil","0","53.442","deg","23.711","°C","100.000","%a.s.","21.016","deg","23.307","°C","1019.000","hPa","0.861","-0.02617","0.00035","0","0","13.56","Humid","22.75","0","51.00","250498.82","SABD0000000001","AAV1.0.0.11","1.1.2.0","PSt7-10","170328-022","9/30/2017 7:09:10 PM","0000-00","0","no battery","V"
"11/03/2018","09:56:36","9","default","550496092","OXY_CH9","32.583","min","248.452","µmol/L","Humid","18.803","deg","79158","µV","26.096","°C","1019.000","hPa","34.1","pmil","0","53.442","deg","23.711","°C","100.000","%a.s.","21.016","deg","23.307","°C","1019.000","hPa","0.861","-0.02617","0.00035","0","0","13.56","Humid","22.75","0","51.00","250505.95","SABD0000000001","AAV1.0.0.11","1.1.2.0","PSt7-10","170328-022","9/30/2017 7:09:10 PM","0000-00","0","no battery","V"
"11/03/2018","09:56:37","9","default","550496092","OXY_CH9","32.600","min","248.463","µmol/L","Humid","18.803","deg","79159","µV","26.095","°C","1019.000","hPa","34.1","pmil","0","53.442","deg","23.711","°C","100.000","%a.s.","21.016","deg","23.307","°C","1019.000","hPa","0.861","-0.02617","0.00035","0","0","13.56","Humid","22.75","0","51.00","250494.96","SABD0000000001","AAV1.0.0.11","1.1.2.0","PSt7-10","170328-022","9/30/2017 7:09:10 PM","0000-00","0","no battery","V"
"11/03/2018","09:56:38","9","default","550496092","OXY_CH9","32.616","min","248.433","µmol/L","Humid","18.806","deg","79160","µV","26.089","°C","1019.000","hPa","34.1","pmil","0","53.442","deg","23.711","°C","100.000","%a.s.","21.016","deg","23.307","°C","1019.000","hPa","0.861","-0.02617","0.00035","0","0","13.56","Humid","22.75","0","51.00","250493.60","SABD0000000001","AAV1.0.0.11","1.1.2.0","PSt7-10","170328-022","9/30/2017 7:09:10 PM","0000-00","0","no battery","V"
"11/03/2018","09:56:39","9","default","550496092","OXY_CH9","32.632","min","248.484","µmol/L","Humid","18.804","deg","79150","µV","26.088","°C","1019.000","hPa","34.1","pmil","0","53.442","deg","23.711","°C","100.000","%a.s.","21.016","deg","23.307","°C","1019.000","hPa","0.861","-0.02617","0.00035","0","0","13.56","Humid","22.75","0","51.00","250502.48","SABD0000000001","AAV1.0.0.11","1.1.2.0","PSt7-10","170328-022","9/30/2017 7:09:10 PM","0000-00","0","no battery","V"
"11/03/2018","09:56:40","9","default","550496092","OXY_CH9","32.649","min","248.388","µmol/L","Humid","18.810","deg","79158","µV","26.082","°C","1019.000","hPa","34.1","pmil","0","53.442","deg","23.711","°C","100.000","%a.s.","21.016","deg","23.307","°C","1019.000","hPa","0.861","-0.02617","0.00035","0","0","13.56","Humid","22.75","0","51.00","250495.44","SABD0000000001","AAV1.0.0.11","1.1.2.0","PSt7-10","170328-022","9/30/2017 7:09:10 PM","0000-00","0","no battery","V"
"11/03/2018","09:56:41","9","default","550496092","OXY_CH9","32.666","min","248.480","µmol/L","Humid","18.801","deg","79158","µV","26.099","°C","1019.000","hPa","34.1","pmil","0","53.442","deg","23.711","°C","100.000","%a.s.","21.016","deg","23.307","°C","1019.000","hPa","0.861","-0.02617","0.00035","0","0","13.56","Humid","22.75","0","51.00","250481.14","SABD0000000001","AAV1.0.0.11","1.1.2.0","PSt7-10","170328-022","9/30/2017 7:09:10 PM","0000-00","0","no battery","V"
"11/03/2018","09:56:42","9","default","550496092","OXY_CH9","32.682","min","248.652","µmol/L","Humid","18.798","deg","79155","µV","26.085","°C","1019.000","hPa","34.1","pmil","0","53.442","deg","23.711","°C","100.000","%a.s.","21.016","deg","23.307","°C","1019.000","hPa","0.861","-0.02617","0.00035","0","0","13.56","Humid","22.75","0","51.00","250494.07","SABD0000000001","AAV1.0.0.11","1.1.2.0","PSt7-10","170328-022","9/30/2017 7:09:10 PM","0000-00","0","no battery","V"
"11/03/2018","09:56:43","9","default","550496092","OXY_CH9","32.699","min","248.470","µmol/L","Humid","18.805","deg","79160","µV","26.087","°C","1019.000","hPa","34.1","pmil","0","53.442","deg","23.711","°C","100.000","%a.s.","21.016","deg","23.307","°C","1019.000","hPa","0.861","-0.02617","0.00035","0","0","13.56","Humid","22.75","0","51.00","250494.43","SABD0000000001","AAV1.0.0.11","1.1.2.0","PSt7-10","170328-022","9/30/2017 7:09:10 PM","0000-00","0","no battery","V"
"11/03/2018","09:56:44","9","default","550496092","OXY_CH9","32.716","min","248.398","µmol/L","Humid","18.806","deg","79157","µV","26.094","°C","1019.000","hPa","34.1","pmil","0","53.442","deg","23.711","°C","100.000","%a.s.","21.016","deg","23.307","°C","1019.000","hPa","0.861","-0.02617","0.00035","0","0","13.56","Humid","22.75","0","51.00","250504.29","SABD0000000001","AAV1.0.0.11","1.1.2.0","PSt7-10","170328-022","9/30/2017 7:09:10 PM","0000-00","0","no battery","V"
"11/03/2018","09:56:45","9","default","550496092","OXY_CH9","32.733","min","248.404","µmol/L","Humid","18.803","deg","79168","µV","26.103","°C","1019.000","hPa","34.1","pmil","0","53.442","deg","23.711","°C","100.000","%a.s.","21.016","deg","23.307","°C","1019.000","hPa","0.861","-0.02617","0.00035","0","0","13.56","Humid","22.75","0","51.00","250498.77","SABD0000000001","AAV1.0.0.11","1.1.2.0","PSt7-10","170328-022","9/30/2017 7:09:10 PM","0000-00","0","no battery","V"
"11/03/2018","09:56:46","9","default","550496092","OXY_CH9","32.749","min","248.453","µmol/L","Humid","18.803","deg","79164","µV","26.096","°C","1019.000","hPa","34.1","pmil","0","53.442","deg","23.711","°C","100.000","%a.s.","21.016","deg","23.307","°C","1019.000","hPa","0.861","-0.02617","0.00035","0","0","13.56","Humid","22.75","0","51.00","250502.47","SABD0000000001","AAV1.0.0.11","1.1.2.0","PSt7-10","170328-022","9/30/2017 7:09:10 PM","0000-00","0","no battery","V"
"11/03/2018","09:56:47","9","default","550496092","OXY_CH9","32.765","min","248.460","µmol/L","Humid","18.805","deg","79160","µV","26.088","°C","1019.000","hPa","34.1","pmil","0","53.442","deg","23.711","°C","100.000","%a.s.","21.016","deg","23.307","°C","1019.000","hPa","0.861","-0.02617","0.00035","0","0","13.56","Humid","22.75","0","51.00","250495.01","SABD0000000001","AAV1.0.0.11","1.1.2.0","PSt7-10","170328-022","9/30/2017 7:09:10 PM","0000-00","0","no battery","V"
"11/03/2018","09:56:48","9","default","550496092","OXY_CH9","32.782","min","248.507","µmol/L","Humid","18.803","deg","79170","µV","26.088","°C","1019.000","hPa","34.1","pmil","0","53.442","deg","23.711","°C","100.000","%a.s.","21.016","deg","23.307","°C","1019.000","hPa","0.861","-0.02617","0.00035","0","0","13.56","Humid","22.75","0","51.00","250496.69","SABD0000000001","AAV1.0.0.11","1.1.2.0","PSt7-10","170328-022","9/30/2017 7:09:10 PM","0000-00","0","no battery","V"
"11/03/2018","09:56:49","9","default","550496092","OXY_CH9","32.799","min","248.448","µmol/L","Humid","18.805","deg","79162","µV","26.090","°C","1019.000","hPa","34.1","pmil","0","53.442","deg","23.711","°C","100.000","%a.s.","21.016","deg","23.307","°C","1019.000","hPa","0.861","-0.02617","0.00035","0","0","13.56","Humid","22.75","0","51.00","250494.60","SABD0000000001","AAV1.0.0.11","1.1.2.0","PSt7-10","170328-022","9/30/2017 7:09:10 PM","0000-00","0","no battery","V"
"11/03/2018","09:56:50","9","default","550496092","OXY_CH9","32.816","min","248.553","µmol/L","Humid","18.803","deg","79165","µV","26.082","°C","1019.000","hPa","34.1","pmil","0","53.442","deg","23.711","°C","100.000","%a.s.","21.016","deg","23.307","°C","1019.000","hPa","0.861","-0.02617","0.00035","0","0","13.56","Humid","22.75","0","51.00","250489.40","SABD0000000001","AAV1.0.0.11","1.1.2.0","PSt7-10","170328-022","9/30/2017 7:09:10 PM","0000-00","0","no battery","V"
"11/03/2018","09:56:51","9","default","550496092","OXY_CH9","32.833","min","248.604","µmol/L","Humid","18.802","deg","79165","µV","26.079","°C","1019.000","hPa","34.1","pmil","0","53.442","deg","23.711","°C","100.000","%a.s.","21.016","deg","23.307","°C","1019.000","hPa","0.861","-0.02617","0.00035","0","0","13.56","Humid","22.75","0","51.00","250490.28","SABD0000000001","AAV1.0.0.11","1.1.2.0","PSt7-10","170328-022","9/30/2017 7:09:10 PM","0000-00","0","no battery","V"
"11/03/2018","09:56:52","9","default","550496092","OXY_CH9","32.849","min","248.572","µmol/L","Humid","18.804","deg","79162","µV","26.076","°C","1019.000","hPa","34.1","pmil","0","53.442","deg","23.711","°C","100.000","%a.s.","21.016","deg","23.307","°C","1019.000","hPa","0.861","-0.02617","0.00035","0","0","13.56","Humid","22.75","0","51.00","250492.22","SABD0000000001","AAV1.0.0.11","1.1.2.0","PSt7-10","170328-022","9/30/2017 7:09:10 PM","0000-00","0","no battery","V"
"11/03/2018","09:56:53","9","default","550496092","OXY_CH9","32.866","min","248.482","µmol/L","Humid","18.801","deg","79160","µV","26.098","°C","1019.000","hPa","34.1","pmil","0","53.442","deg","23.711","°C","100.000","%a.s.","21.016","deg","23.307","°C","1019.000","hPa","0.861","-0.02617","0.00035","0","0","13.56","Humid","22.75","0","51.00","250495.75","SABD0000000001","AAV1.0.0.11","1.1.2.0","PSt7-10","170328-022","9/30/2017 7:09:10 PM","0000-00","0","no battery","V"
"11/03/2018","09:56:54","9","default","550496092","OXY_CH9","32.883","min","248.434","µmol/L","Humid","18.805","deg","79156","µV","26.092","°C","1019.000","hPa","34.1","pmil","0","53.442","deg","23.711","°C","100.000","%a.s.","21.016","deg","23.307","°C","1019.000","hPa","0.861","-0.02617","0.00035","0","0","13.56","Humid","22.75","0","51.00","250489.46","SABD0000000001","AAV1.0.0.11","1.1.2.0","PSt7-10","170328-022","9/30/2017 7:09:10 PM","0000-00","0","no battery","V"
"11/03/2018","09:56:55","9","default","550496092","OXY_CH9","32.899","min","248.404","µmol/L","Humid","18.806","deg","79163","µV","26.093","°C","1019.000","hPa","34.1","pmil","0","53.442","deg","23.711","°C","100.000","%a.s.","21.016","deg","23.307","°C","1019.000","hPa","0.861","-0.02617","0.00035","0","0","13.56","Humid","22.75","0","51.00","250481.06","SABD0000000001","AAV1.0.0.11","1.1.2.0","PSt7-10","170328-022","9/30/2017 7:09:10 PM","0000-00","0","no battery","V"
"11/03/2018","09:56:56","9","default","550496092","OXY_CH9","32.916","min","248.484","µmol/L","Humid","18.801","deg","79162","µV","26.098","°C","1019.000","hPa","34.1","pmil","0","53.442","deg","23.711","°C","100.000","%a.s.","21.016","deg","23.307","°C","1019.000","hPa","0.861","-0.02617","0.00035","0","0","13.56","Humid","22.75","0","51.00","250486.83","SABD0000000001","AAV1.0.0.11","1.1.2.0","PSt7-10","170328-022","9/30/2017 7:09:10 PM","0000-00","0","no battery","V"
"11/03/2018","09:56:57","9","default","550496092","OXY_CH9","32.932","min","248.315","µmol/L","Humid","18.811","deg","79161","µV","26.089","°C","1019.000","hPa","34.1","pmil","0","53.442","deg","23.711","°C","100.000","%a.s.","21.016","deg","23.307","°C","1019.000","hPa","0.861","-0.02617","0.00035","0","0","13.56","Humid","22.75","0","51.00","250479.45","SABD0000000001","AAV1.0.0.11","1.1.2.0","PSt7-10","170328-022","9/30/2017 7:09:10 PM","0000-00","0","no battery","V"
"11/03/2018","09:56:58","9","default","550496092","OXY_CH9","32.949","min","248.486","µmol/L","Humid","18.802","deg","79164","µV","26.095","°C","1019.000","hPa","34.1","pmil","0","53.442","deg","23.711","°C","100.000","%a.s.","21.016","deg","23.307","°C","1019.000","hPa","0.861","-0.02617","0.00035","0","0","13.56","Humid","22.75","0","51.00","250492.64","SABD0000000001","AAV1.0.0.11","1.1.2.0","PSt7-10","170328-022","9/30/2017 7:09:10 PM","0000-00","0","no battery","V"
"11/03/2018","09:56:59","9","default","550496092","OXY_CH9","32.966","min","248.258","µmol/L","Humid","18.811","deg","79159","µV","26.096","°C","1019.000","hPa","34.1","pmil","0","53.442","deg","23.711","°C","100.000","%a.s.","21.016","deg","23.307","°C","1019.000","hPa","0.861","-0.02617","0.00035","0","0","13.56","Humid","22.75","0","51.00","250480.80","SABD0000000001","AAV1.0.0.11","1.1.2.0","PSt7-10","170328-022","9/30/2017 7:09:10 PM","0000-00","0","no battery","V"
"11/03/2018","09:57:00","9","default","550496092","OXY_CH9","32.982","min","248.381","µmol/L","Humid","18.806","deg","79157","µV","26.096","°C","1019.000","hPa","34.1","pmil","0","53.442","deg","23.711","°C","100.000","%a.s.","21.016","deg","23.307","°C","1019.000","hPa","0.861","-0.02617","0.00035","0","0","13.56","Humid","22.75","0","51.00","250476.21","SABD0000000001","AAV1.0.0.11","1.1.2.0","PSt7-10","170328-022","9/30/2017 7:09:10 PM","0000-00","0","no battery","V"
"11/03/2018","09:57:01","9","default","550496092","OXY_CH9","32.999","min","248.546","µmol/L","Humid","18.804","deg","79165","µV","26.080","°C","1019.000","hPa","34.1","pmil","0","53.442","deg","23.711","°C","100.000","%a.s.","21.016","deg","23.307","°C","1019.000","hPa","0.861","-0.02617","0.00035","0","0","13.56","Humid","22.75","0","51.00","250475.23","SABD0000000001","AAV1.0.0.11","1.1.2.0","PSt7-10","170328-022","9/30/2017 7:09:10 PM","0000-00","0","no battery","V"
"11/03/2018","09:57:02","9","default","550496092","OXY_CH9","33.016","min","248.380","µmol/L","Humid","18.811","deg","79160","µV","26.080","°C","1019.000","hPa","34.1","pmil","0","53.442","deg","23.711","°C","100.000","%a.s.","21.016","deg","23.307","°C","1019.000","hPa","0.861","-0.02617","0.00035","0","0","13.56","Humid","22.75","0","51.00","250481.47","SABD0000000001","AAV1.0.0.11","1.1.2.0","PSt7-10","170328-022","9/30/2017 7:09:10 PM","0000-00","0","no battery","V"
"11/03/2018","09:57:03","9","default","550496092","OXY_CH9","33.033","min","248.317","µmol/L","Humid","18.807","deg","79166","µV","26.101","°C","1019.000","hPa","34.1","pmil","0","53.442","deg","23.711","°C","100.000","%a.s.","21.016","deg","23.307","°C","1019.000","hPa","0.861","-0.02617","0.00035","0","0","13.56","Humid","22.75","0","51.00","250474.08","SABD0000000001","AAV1.0.0.11","1.1.2.0","PSt7-10","170328-022","9/30/2017 7:09:10 PM","0000-00","0","no battery","V"
"11/03/2018","09:57:04","9","default","550496092","OXY_CH9","33.049","min","248.503","µmol/L","Humid","18.805","deg","79164","µV","26.083","°C","1019.000","hPa","34.1","pmil","0","53.442","deg","23.711","°C","100.000","%a.s.","21.016","deg","23.307","°C","1019.000","hPa","0.861","-0.02617","0.00035","0","0","13.56","Humid","22.75","0","51.00","250483.71","SABD0000000001","AAV1.0.0.11","1.1.2.0","PSt7-10","170328-022","9/30/2017 7:09:10 PM","0000-00","0","no battery","V"
"11/03/2018","09:57:05","9","default","550496092","OXY_CH9","33.066","min","248.414","µmol/L","Humid","18.807","deg","79162","µV","26.088","°C","1019.000","hPa","34.1","pmil","0","53.442","deg","23.711","°C","100.000","%a.s.","21.016","deg","23.307","°C","1019.000","hPa","0.861","-0.02617","0.00035","0","0","13.56","Humid","22.75","0","51.00","250485.14","SABD0000000001","AAV1.0.0.11","1.1.2.0","PSt7-10","170328-022","9/30/2017 7:09:10 PM","0000-00","0","no battery","V"
"11/03/2018","09:57:06","9","default","550496092","OXY_CH9","33.082","min","248.264","µmol/L","Humid","18.812","deg","79168","µV","26.092","°C","1019.000","hPa","34.1","pmil","0","53.442","deg","23.711","°C","100.000","%a.s.","21.016","deg","23.307","°C","1019.000","hPa","0.861","-0.02617","0.00035","0","0","13.56","Humid","22.75","0","51.00","250481.34","SABD0000000001","AAV1.0.0.11","1.1.2.0","PSt7-10","170328-022","9/30/2017 7:09:10 PM","0000-00","0","no battery","V"
"11/03/2018","09:57:07","9","default","550496092","OXY_CH9","33.099","min","248.302","µmol/L","Humid","18.809","deg","79159","µV","26.097","°C","1019.000","hPa","34.1","pmil","0","53.442","deg","23.711","°C","100.000","%a.s.","21.016","deg","23.307","°C","1019.000","hPa","0.861","-0.02617","0.00035","0","0","13.56","Humid","22.75","0","51.00","250481.62","SABD0000000001","AAV1.0.0.11","1.1.2.0","PSt7-10","170328-022","9/30/2017 7:09:10 PM","0000-00","0","no battery","V"
"11/03/2018","09:57:08","9","default","550496092","OXY_CH9","33.116","min","248.481","µmol/L","Humid","18.804","deg","79169","µV","26.089","°C","1019.000","hPa","34.1","pmil","0","53.442","deg","23.711","°C","100.000","%a.s.","21.016","deg","23.307","°C","1019.000","hPa","0.861","-0.02617","0.00035","0","0","13.56","Humid","22.75","0","51.00","250481.74","SABD0000000001","AAV1.0.0.11","1.1.2.0","PSt7-10","170328-022","9/30/2017 7:09:10 PM","0000-00","0","no battery","V"
"11/03/2018","09:57:09","9","default","550496092","OXY_CH9","33.132","min","248.465","µmol/L","Humid","18.805","deg","79157","µV","26.088","°C","1019.000","hPa","34.1","pmil","0","53.442","deg","23.711","°C","100.000","%a.s.","21.016","deg","23.307","°C","1019.000","hPa","0.861","-0.02617","0.00035","0","0","13.56","Humid","22.75","0","51.00","250481.02","SABD0000000001","AAV1.0.0.11","1.1.2.0","PSt7-10","170328-022","9/30/2017 7:09:10 PM","0000-00","0","no battery","V"
"11/03/2018","09:57:10","9","default","550496092","OXY_CH9","33.149","min","248.477","µmol/L","Humid","18.808","deg","79169","µV","26.076","°C","1019.000","hPa","34.1","pmil","0","53.442","deg","23.711","°C","100.000","%a.s.","21.016","deg","23.307","°C","1019.000","hPa","0.861","-0.02617","0.00035","0","0","13.56","Humid","22.75","0","51.00","250477.89","SABD0000000001","AAV1.0.0.11","1.1.2.0","PSt7-10","170328-022","9/30/2017 7:09:10 PM","0000-00","0","no battery","V"
"11/03/2018","09:57:11","9","default","550496092","OXY_CH9","33.166","min","248.420","µmol/L","Humid","18.808","deg","79167","µV","26.084","°C","1019.000","hPa","34.1","pmil","0","53.442","deg","23.711","°C","100.000","%a.s.","21.016","deg","23.307","°C","1019.000","hPa","0.861","-0.02617","0.00035","0","0","13.56","Humid","22.75","0","51.00","250484.30","SABD0000000001","AAV1.0.0.11","1.1.2.0","PSt7-10","170328-022","9/30/2017 7:09:10 PM","0000-00","0","no battery","V"
"11/03/2018","09:57:12","9","default","550496092","OXY_CH9","33.183","min","248.278","µmol/L","Humid","18.809","deg","79160","µV","26.100","°C","1019.000","hPa","34.1","pmil","0","53.442","deg","23.711","°C","100.000","%a.s.","21.016","deg","23.307","°C","1019.000","hPa","0.861","-0.02617","0.00035","0","0","13.56","Humid","22.75","0","51.00","250467.26","SABD0000000001","AAV1.0.0.11","1.1.2.0","PSt7-10","170328-022","9/30/2017 7:09:10 PM","0000-00","0","no battery","V"
"11/03/2018","09:57:13","9","default","550496092","OXY_CH9","33.199","min","248.232","µmol/L","Humid","18.808","deg","79155","µV","26.110","°C","1019.000","hPa","34.1","pmil","0","53.442","deg","23.711","°C","100.000","%a.s.","21.016","deg","23.307","°C","1019.000","hPa","0.861","-0.02617","0.00035","0","0","13.56","Humid","22.75","0","51.00","250472.91","SABD0000000001","AAV1.0.0.11","1.1.2.0","PSt7-10","170328-022","9/30/2017 7:09:10 PM","0000-00","0","no battery","V"
"11/03/2018","09:57:14","9","default","550496092","OXY_CH9","33.215","min","248.264","µmol/L","Humid","18.810","deg","79165","µV","26.099","°C","1019.000","hPa","34.1","pmil","0","53.442","deg","23.711","°C","100.000","%a.s.","21.016","deg","23.307","°C","1019.000","hPa","0.861","-0.02617","0.00035","0","0","13.56","Humid","22.75","0","51.00","250474.82","SABD0000000001","AAV1.0.0.11","1.1.2.0","PSt7-10","170328-022","9/30/2017 7:09:10 PM","0000-00","0","no battery","V"
"11/03/2018","09:57:15","9","default","550496092","OXY_CH9","33.232","min","248.321","µmol/L","Humid","18.808","deg","79156","µV","26.098","°C","1019.000","hPa","34.1","pmil","0","53.442","deg","23.711","°C","100.000","%a.s.","21.016","deg","23.307","°C","1019.000","hPa","0.861","-0.02617","0.00035","0","0","13.56","Humid","22.75","0","51.00","250479.51","SABD0000000001","AAV1.0.0.11","1.1.2.0","PSt7-10","170328-022","9/30/2017 7:09:10 PM","0000-00","0","no battery","V"
"11/03/2018","09:57:16","9","default","550496092","OXY_CH9","33.249","min","248.417","µmol/L","Humid","18.806","deg","79170","µV","26.091","°C","1019.000","hPa","34.1","pmil","0","53.442","deg","23.711","°C","100.000","%a.s.","21.016","deg","23.307","°C","1019.000","hPa","0.861","-0.02617","0.00035","0","0","13.56","Humid","22.75","0","51.00","250477.44","SABD0000000001","AAV1.0.0.11","1.1.2.0","PSt7-10","170328-022","9/30/2017 7:09:10 PM","0000-00","0","no battery","V"
"11/03/2018","09:57:17","9","default","550496092","OXY_CH9","33.266","min","248.278","µmol/L","Humid","18.811","deg","79158","µV","26.094","°C","1019.000","hPa","34.1","pmil","0","53.442","deg","23.711","°C","100.000","%a.s.","21.016","deg","23.307","°C","1019.000","hPa","0.861","-0.02617","0.00035","0","0","13.56","Humid","22.75","0","51.00","250469.74","SABD0000000001","AAV1.0.0.11","1.1.2.0","PSt7-10","170328-022","9/30/2017 7:09:10 PM","0000-00","0","no battery","V"
"11/03/2018","09:57:18","9","default","550496092","OXY_CH9","33.283","min","248.361","µmol/L","Humid","18.805","deg","79162","µV","26.102","°C","1019.000","hPa","34.1","pmil","0","53.442","deg","23.711","°C","100.000","%a.s.","21.016","deg","23.307","°C","1019.000","hPa","0.861","-0.02617","0.00035","0","0","13.56","Humid","22.75","0","51.00","250479.49","SABD0000000001","AAV1.0.0.11","1.1.2.0","PSt7-10","170328-022","9/30/2017 7:09:10 PM","0000-00","0","no battery","V"
"11/03/2018","09:57:19","9","default","550496092","OXY_CH9","33.299","min","248.488","µmol/L","Humid","18.801","deg","79166","µV","26.098","°C","1019.000","hPa","34.1","pmil","0","53.442","deg","23.711","°C","100.000","%a.s.","21.016","deg","23.307","°C","1019.000","hPa","0.861","-0.02617","0.00035","0","0","13.56","Humid","22.75","0","51.00","250475.40","SABD0000000001","AAV1.0.0.11","1.1.2.0","PSt7-10","170328-022","9/30/2017 7:09:10 PM","0000-00","0","no battery","V"
"11/03/2018","09:57:20","9","default","550496092","OXY_CH9","33.316","min","248.405","µmol/L","Humid","18.807","deg","79161","µV","26.089","°C","1019.000","hPa","34.1","pmil","0","53.442","deg","23.711","°C","100.000","%a.s.","21.016","deg","23.307","°C","1019.000","hPa","0.861","-0.02617","0.00035","0","0","13.56","Humid","22.75","0","51.00","250470.19","SABD0000000001","AAV1.0.0.11","1.1.2.0","PSt7-10","170328-022","9/30/2017 7:09:10 PM","0000-00","0","no battery","V"
"11/03/2018","09:57:21","9","default","550496092","OXY_CH9","33.332","min","248.487","µmol/L","Humid","18.805","deg","79167","µV","26.085","°C","1019.000","hPa","34.1","pmil","0","53.442","deg","23.711","°C","100.000","%a.s.","21.016","deg","23.307","°C","1019.000","hPa","0.861","-0.02617","0.00035","0","0","13.56","Humid","22.75","0","51.00","250467.65","SABD0000000001","AAV1.0.0.11","1.1.2.0","PSt7-10","170328-022","9/30/2017 7:09:10 PM","0000-00","0","no battery","V"
"11/03/2018","09:57:22","9","default","550496092","OXY_CH9","33.349","min","248.422","µmol/L","Humid","18.807","deg","79163","µV","26.087","°C","1019.000","hPa","34.1","pmil","0","53.442","deg","23.711","°C","100.000","%a.s.","21.016","deg","23.307","°C","1019.000","hPa","0.861","-0.02617","0.00035","0","0","13.56","Humid","22.75","0","51.00","250475.76","SABD0000000001","AAV1.0.0.11","1.1.2.0","PSt7-10","170328-022","9/30/2017 7:09:10 PM","0000-00","0","no battery","V"
"11/03/2018","09:57:23","9","default","550496092","OXY_CH9","33.366","min","248.312","µmol/L","Humid","18.808","deg","79160","µV","26.099","°C","1019.000","hPa","34.1","pmil","0","53.442","deg","23.711","°C","100.000","%a.s.","21.016","deg","23.307","°C","1019.000","hPa","0.861","-0.02617","0.00035","0","0","13.56","Humid","22.75","0","51.00","250473.76","SABD0000000001","AAV1.0.0.11","1.1.2.0","PSt7-10","170328-022","9/30/2017 7:09:10 PM","0000-00","0","no battery","V"
"11/03/2018","09:57:24","9","default","550496092","OXY_CH9","33.382","min","248.319","µmol/L","Humid","18.807","deg","79165","µV","26.101","°C","1019.000","hPa","34.1","pmil","0","53.442","deg","23.711","°C","100.000","%a.s.","21.016","deg","23.307","°C","1019.000","hPa","0.861","-0.02617","0.00035","0","0","13.56","Humid","22.75","0","51.00","250447.22","SABD0000000001","AAV1.0.0.11","1.1.2.0","PSt7-10","170328-022","9/30/2017 7:09:10 PM","0000-00","0","no battery","V"
"11/03/2018","09:57:25","9","default","550496092","OXY_CH9","33.399","min","248.392","µmol/L","Humid","18.807","deg","79162","µV","26.091","°C","1019.000","hPa","34.1","pmil","0","53.442","deg","23.711","°C","100.000","%a.s.","21.016","deg","23.307","°C","1019.000","hPa","0.861","-0.02617","0.00035","0","0","13.56","Humid","22.75","0","51.00","250475.01","SABD0000000001","AAV1.0.0.11","1.1.2.0","PSt7-10","170328-022","9/30/2017 7:09:10 PM","0000-00","0","no battery","V"
"11/03/2018","09:57:26","9","default","550496092","OXY_CH9","33.416","min","248.432","µmol/L","Humid","18.808","deg","79159","µV","26.083","°C","1019.000","hPa","34.1","pmil","0","53.442","deg","23.711","°C","100.000","%a.s.","21.016","deg","23.307","°C","1019.000","hPa","0.861","-0.02617","0.00035","0","0","13.56","Humid","22.75","0","51.00","250470.84","SABD0000000001","AAV1.0.0.11","1.1.2.0","PSt7-10","170328-022","9/30/2017 7:09:10 PM","0000-00","0","no battery","V"
"11/03/2018","09:57:27","9","default","550496092","OXY_CH9","33.433","min","248.483","µmol/L","Humid","18.808","deg","79164","µV","26.076","°C","1019.000","hPa","34.1","pmil","0","53.442","deg","23.711","°C","100.000","%a.s.","21.016","deg","23.307","°C","1019.000","hPa","0.861","-0.02617","0.00035","0","0","13.56","Humid","22.75","0","51.00","250471.35","SABD0000000001","AAV1.0.0.11","1.1.2.0","PSt7-10","170328-022","9/30/2017 7:09:10 PM","0000-00","0","no battery","V"
"11/03/2018","09:57:28","9","default","550496092","OXY_CH9","33.449","min","248.388","µmol/L","Humid","18.810","deg","79161","µV","26.082","°C","1019.000","hPa","34.1","pmil","0","53.442","deg","23.711","°C","100.000","%a.s.","21.016","deg","23.307","°C","1019.000","hPa","0.861","-0.02617","0.00035","0","0","13.56","Humid","22.75","0","51.00","250466.74","SABD0000000001","AAV1.0.0.11","1.1.2.0","PSt7-10","170328-022","9/30/2017 7:09:10 PM","0000-00","0","no battery","V"
"11/03/2018","09:57:29","9","default","550496092","OXY_CH9","33.466","min","248.354","µmol/L","Humid","18.811","deg","79164","µV","26.083","°C","1019.000","hPa","34.1","pmil","0","53.442","deg","23.711","°C","100.000","%a.s.","21.016","deg","23.307","°C","1019.000","hPa","0.861","-0.02617","0.00035","0","0","13.56","Humid","22.75","0","51.00","250473.89","SABD0000000001","AAV1.0.0.11","1.1.2.0","PSt7-10","170328-022","9/30/2017 7:09:10 PM","0000-00","0","no battery","V"
"11/03/2018","09:57:30","9","default","550496092","OXY_CH9","33.483","min","248.547","µmol/L","Humid","18.804","deg","79164","µV","26.080","°C","1019.000","hPa","34.1","pmil","0","53.442","deg","23.711","°C","100.000","%a.s.","21.016","deg","23.307","°C","1019.000","hPa","0.861","-0.02617","0.00035","0","0","13.56","Humid","22.75","0","51.00","250463.69","SABD0000000001","AAV1.0.0.11","1.1.2.0","PSt7-10","170328-022","9/30/2017 7:09:10 PM","0000-00","0","no battery","V"
"11/03/2018","09:57:31","9","default","550496092","OXY_CH9","33.499","min","248.383","µmol/L","Humid","18.807","deg","79166","µV","26.092","°C","1019.000","hPa","34.1","pmil","0","53.442","deg","23.711","°C","100.000","%a.s.","21.016","deg","23.307","°C","1019.000","hPa","0.861","-0.02617","0.00035","0","0","13.56","Humid","22.75","0","51.00","250468.93","SABD0000000001","AAV1.0.0.11","1.1.2.0","PSt7-10","170328-022","9/30/2017 7:09:10 PM","0000-00","0","no battery","V"
"11/03/2018","09:57:32","9","default","550496092","OXY_CH9","33.515","min","248.484","µmol/L","Humid","18.808","deg","79164","µV","26.075","°C","1019.000","hPa","34.1","pmil","0","53.442","deg","23.711","°C","100.000","%a.s.","21.016","deg","23.307","°C","1019.000","hPa","0.861","-0.02617","0.00035","0","0","13.56","Humid","22.75","0","51.00","250469.07","SABD0000000001","AAV1.0.0.11","1.1.2.0","PSt7-10","170328-022","9/30/2017 7:09:10 PM","0000-00","0","no battery","V"
"11/03/2018","09:57:33","9","default","550496092","OXY_CH9","33.532","min","248.317","µmol/L","Humid","18.805","deg","79164","µV","26.108","°C","1019.000","hPa","34.1","pmil","0","53.442","deg","23.711","°C","100.000","%a.s.","21.016","deg","23.307","°C","1019.000","hPa","0.861","-0.02617","0.00035","0","0","13.56","Humid","22.75","0","51.00","250464.79","SABD0000000001","AAV1.0.0.11","1.1.2.0","PSt7-10","170328-022","9/30/2017 7:09:10 PM","0000-00","0","no battery","V"
"11/03/2018","09:57:34","9","default","550496092","OXY_CH9","33.549","min","248.328","µmol/L","Humid","18.807","deg","79169","µV","26.100","°C","1019.000","hPa","34.1","pmil","0","53.442","deg","23.711","°C","100.000","%a.s.","21.016","deg","23.307","°C","1019.000","hPa","0.861","-0.02617","0.00035","0","0","13.56","Humid","22.75","0","51.00","250453.80","SABD0000000001","AAV1.0.0.11","1.1.2.0","PSt7-10","170328-022","9/30/2017 7:09:10 PM","0000-00","0","no battery","V"
"11/03/2018","09:57:35","9","default","550496092","OXY_CH9","33.566","min","248.277","µmol/L","Humid","18.808","deg","79161","µV","26.104","°C","1019.000","hPa","34.1","pmil","0","53.442","deg","23.711","°C","100.000","%a.s.","21.016","deg","23.307","°C","1019.000","hPa","0.861","-0.02617","0.00035","0","0","13.56","Humid","22.75","0","51.00","250463.66","SABD0000000001","AAV1.0.0.11","1.1.2.0","PSt7-10","170328-022","9/30/2017 7:09:10 PM","0000-00","0","no battery","V"
"11/03/2018","09:57:36","9","default","550496092","OXY_CH9","33.583","min","248.431","µmol/L","Humid","18.806","deg","79168","µV","26.089","°C","1019.000","hPa","34.1","pmil","0","53.442","deg","23.711","°C","100.000","%a.s.","21.016","deg","23.307","°C","1019.000","hPa","0.861","-0.02617","0.00035","0","0","13.56","Humid","22.75","0","51.00","250459.80","SABD0000000001","AAV1.0.0.11","1.1.2.0","PSt7-10","170328-022","9/30/2017 7:09:10 PM","0000-00","0","no battery","V"
"11/03/2018","09:57:37","9","default","550496092","OXY_CH9","33.599","min","248.379","µmol/L","Humid","18.809","deg","79157","µV","26.086","°C","1019.000","hPa","34.1","pmil","0","53.442","deg","23.711","°C","100.000","%a.s.","21.016","deg","23.307","°C","1019.000","hPa","0.861","-0.02617","0.00035","0","0","13.56","Humid","22.75","0","51.00","250459.24","SABD0000000001","AAV1.0.0.11","1.1.2.0","PSt7-10","170328-022","9/30/2017 7:09:10 PM","0000-00","0","no battery","V"
"11/03/2018","09:57:38","9","default","550496092","OXY_CH9","33.616","min","248.339","µmol/L","Humid","18.807","deg","79165","µV","26.098","°C","1019.000","hPa","34.1","pmil","0","53.442","deg","23.711","°C","100.000","%a.s.","21.016","deg","23.307","°C","1019.000","hPa","0.861","-0.02617","0.00035","0","0","13.56","Humid","22.75","0","51.00","250462.09","SABD0000000001","AAV1.0.0.11","1.1.2.0","PSt7-10","170328-022","9/30/2017 7:09:10 PM","0000-00","0","no battery","V"
"11/03/2018","09:57:39","9","default","550496092","OXY_CH9","33.633","min","248.396","µmol/L","Humid","18.809","deg","79159","µV","26.084","°C","1019.000","hPa","34.1","pmil","0","53.442","deg","23.711","°C","100.000","%a.s.","21.016","deg","23.307","°C","1019.000","hPa","0.861","-0.02617","0.00035","0","0","13.56","Humid","22.75","0","51.00","250456.98","SABD0000000001","AAV1.0.0.11","1.1.2.0","PSt7-10","170328-022","9/30/2017 7:09:10 PM","0000-00","0","no battery","V"
"11/03/2018","09:57:40","9","default","550496092","OXY_CH9","33.649","min","248.531","µmol/L","Humid","18.804","deg","79164","µV","26.082","°C","1019.000","hPa","34.1","pmil","0","53.442","deg","23.711","°C","100.000","%a.s.","21.016","deg","23.307","°C","1019.000","hPa","0.861","-0.02617","0.00035","0","0","13.56","Humid","22.75","0","51.00","250451.51","SABD0000000001","AAV1.0.0.11","1.1.2.0","PSt7-10","170328-022","9/30/2017 7:09:10 PM","0000-00","0","no battery","V"
"11/03/2018","09:57:41","9","default","550496092","OXY_CH9","33.666","min","248.460","µmol/L","Humid","18.807","deg","79165","µV","26.082","°C","1019.000","hPa","34.1","pmil","0","53.442","deg","23.711","°C","100.000","%a.s.","21.016","deg","23.307","°C","1019.000","hPa","0.861","-0.02617","0.00035","0","0","13.56","Humid","22.75","0","51.00","250457.56","SABD0000000001","AAV1.0.0.11","1.1.2.0","PSt7-10","170328-022","9/30/2017 7:09:10 PM","0000-00","0","no battery","V"
"11/03/2018","09:57:42","9","default","550496092","OXY_CH9","33.683","min","248.309","µmol/L","Humid","18.811","deg","79172","µV","26.089","°C","1019.000","hPa","34.1","pmil","0","53.442","deg","23.711","°C","100.000","%a.s.","21.016","deg","23.307","°C","1019.000","hPa","0.861","-0.02617","0.00035","0","0","13.56","Humid","22.75","0","51.00","250455.33","SABD0000000001","AAV1.0.0.11","1.1.2.0","PSt7-10","170328-022","9/30/2017 7:09:10 PM","0000-00","0","no battery","V"
"11/03/2018","09:57:43","9","default","550496092","OXY_CH9","33.699","min","248.261","µmol/L","Humid","18.809","deg","79164","µV","26.103","°C","1019.000","hPa","34.1","pmil","0","53.442","deg","23.711","°C","100.000","%a.s.","21.016","deg","23.307","°C","1019.000","hPa","0.861","-0.02617","0.00035","0","0","13.56","Humid","22.75","0","51.00","250459.53","SABD0000000001","AAV1.0.0.11","1.1.2.0","PSt7-10","170328-022","9/30/2017 7:09:10 PM","0000-00","0","no battery","V"
"11/03/2018","09:57:44","9","default","550496092","OXY_CH9","33.715","min","248.454","µmol/L","Humid","18.806","deg","79173","µV","26.086","°C","1019.000","hPa","34.1","pmil","0","53.442","deg","23.711","°C","100.000","%a.s.","21.016","deg","23.307","°C","1019.000","hPa","0.861","-0.02617","0.00035","0","0","13.56","Humid","22.75","0","51.00","250456.51","SABD0000000001","AAV1.0.0.11","1.1.2.0","PSt7-10","170328-022","9/30/2017 7:09:10 PM","0000-00","0","no battery","V"
"11/03/2018","09:57:45","9","default","550496092","OXY_CH9","33.732","min","248.285","µmol/L","Humid","18.814","deg","79163","µV","26.083","°C","1019.000","hPa","34.1","pmil","0","53.442","deg","23.711","°C","100.000","%a.s.","21.016","deg","23.307","°C","1019.000","hPa","0.861","-0.02617","0.00035","0","0","13.56","Humid","22.75","0","51.00","250447.42","SABD0000000001","AAV1.0.0.11","1.1.2.0","PSt7-10","170328-022","9/30/2017 7:09:10 PM","0000-00","0","no battery","V"
"11/03/2018","09:57:46","9","default","550496092","OXY_CH9","33.749","min","248.325","µmol/L","Humid","18.812","deg","79160","µV","26.084","°C","1019.000","hPa","34.1","pmil","0","53.442","deg","23.711","°C","100.000","%a.s.","21.016","deg","23.307","°C","1019.000","hPa","0.861","-0.02617","0.00035","0","0","13.56","Humid","22.75","0","51.00","250457.98","SABD0000000001","AAV1.0.0.11","1.1.2.0","PSt7-10","170328-022","9/30/2017 7:09:10 PM","0000-00","0","no battery","V"
"11/03/2018","09:57:47","9","default","550496092","OXY_CH9","33.766","min","248.289","µmol/L","Humid","18.813","deg","79172","µV","26.086","°C","1019.000","hPa","34.1","pmil","0","53.442","deg","23.711","°C","100.000","%a.s.","21.016","deg","23.307","°C","1019.000","hPa","0.861","-0.02617","0.00035","0","0","13.56","Humid","22.75","0","51.00","250463.12","SABD0000000001","AAV1.0.0.11","1.1.2.0","PSt7-10","170328-022","9/30/2017 7:09:10 PM","0000-00","0","no battery","V"
"11/03/2018","09:57:48","9","default","550496092","OXY_CH9","33.783","min","248.323","µmol/L","Humid","18.811","deg","79168","µV","26.088","°C","1019.000","hPa","34.1","pmil","0","53.442","deg","23.711","°C","100.000","%a.s.","21.016","deg","23.307","°C","1019.000","hPa","0.861","-0.02617","0.00035","0","0","13.56","Humid","22.75","0","51.00","250459.76","SABD0000000001","AAV1.0.0.11","1.1.2.0","PSt7-10","170328-022","9/30/2017 7:09:10 PM","0000-00","0","no battery","V"
"11/03/2018","09:57:49","9","default","550496092","OXY_CH9","33.799","min","248.428","µmol/L","Humid","18.809","deg","79161","µV","26.080","°C","1019.000","hPa","34.1","pmil","0","53.442","deg","23.711","°C","100.000","%a.s.","21.016","deg","23.307","°C","1019.000","hPa","0.861","-0.02617","0.00035","0","0","13.56","Humid","22.75","0","51.00","250451.07","SABD0000000001","AAV1.0.0.11","1.1.2.0","PSt7-10","170328-022","9/30/2017 7:09:10 PM","0000-00","0","no battery","V"
"11/03/2018","09:57:50","9","default","550496092","OXY_CH9","33.816","min","248.346","µmol/L","Humid","18.810","deg","79162","µV","26.088","°C","1019.000","hPa","34.1","pmil","0","53.442","deg","23.711","°C","100.000","%a.s.","21.016","deg","23.307","°C","1019.000","hPa","0.861","-0.02617","0.00035","0","0","13.56","Humid","22.75","0","51.00","250458.94","SABD0000000001","AAV1.0.0.11","1.1.2.0","PSt7-10","170328-022","9/30/2017 7:09:10 PM","0000-00","0","no battery","V"
"11/03/2018","09:57:51","9","default","550496092","OXY_CH9","33.833","min","248.002","µmol/L","Humid","18.818","deg","79163","µV","26.109","°C","1019.000","hPa","34.1","pmil","0","53.442","deg","23.711","°C","100.000","%a.s.","21.016","deg","23.307","°C","1019.000","hPa","0.861","-0.02617","0.00035","0","0","13.56","Humid","22.75","0","51.00","250449.05","SABD0000000001","AAV1.0.0.11","1.1.2.0","PSt7-10","170328-022","9/30/2017 7:09:10 PM","0000-00","0","no battery","V"
"11/03/2018","09:57:52","9","default","550496092","OXY_CH9","33.849","min","248.165","µmol/L","Humid","18.813","deg","79168","µV","26.103","°C","1019.000","hPa","34.1","pmil","0","53.442","deg","23.711","°C","100.000","%a.s.","21.016","deg","23.307","°C","1019.000","hPa","0.861","-0.02617","0.00035","0","0","13.56","Humid","22.75","0","51.00","250458.25","SABD0000000001","AAV1.0.0.11","1.1.2.0","PSt7-10","170328-022","9/30/2017 7:09:10 PM","0000-00","0","no battery","V"
"11/03/2018","09:57:53","9","default","550496092","OXY_CH9","33.865","min","248.461","µmol/L","Humid","18.806","deg","79165","µV","26.085","°C","1019.000","hPa","34.1","pmil","0","53.442","deg","23.711","°C","100.000","%a.s.","21.016","deg","23.307","°C","1019.000","hPa","0.861","-0.02617","0.00035","0","0","13.56","Humid","22.75","0","51.00","250449.23","SABD0000000001","AAV1.0.0.11","1.1.2.0","PSt7-10","170328-022","9/30/2017 7:09:10 PM","0000-00","0","no battery","V"
"11/03/2018","09:57:54","9","default","550496092","OXY_CH9","33.882","min","248.236","µmol/L","Humid","18.810","deg","79159","µV","26.103","°C","1019.000","hPa","34.1","pmil","0","53.442","deg","23.711","°C","100.000","%a.s.","21.016","deg","23.307","°C","1019.000","hPa","0.861","-0.02617","0.00035","0","0","13.56","Humid","22.75","0","51.00","250443.34","SABD0000000001","AAV1.0.0.11","1.1.2.0","PSt7-10","170328-022","9/30/2017 7:09:10 PM","0000-00","0","no battery","V"
"11/03/2018","09:57:55","9","default","550496092","OXY_CH9","33.899","min","248.262","µmol/L","Humid","18.809","deg","79161","µV","26.102","°C","1019.000","hPa","34.1","pmil","0","53.442","deg","23.711","°C","100.000","%a.s.","21.016","deg","23.307","°C","1019.000","hPa","0.861","-0.02617","0.00035","0","0","13.56","Humid","22.75","0","51.00","250460.34","SABD0000000001","AAV1.0.0.11","1.1.2.0","PSt7-10","170328-022","9/30/2017 7:09:10 PM","0000-00","0","no battery","V"
"11/03/2018","09:57:56","9","default","550496092","OXY_CH9","33.916","min","248.174","µmol/L","Humid","18.814","deg","79159","µV","26.098","°C","1019.000","hPa","34.1","pmil","0","53.442","deg","23.711","°C","100.000","%a.s.","21.016","deg","23.307","°C","1019.000","hPa","0.861","-0.02617","0.00035","0","0","13.56","Humid","22.75","0","51.00","250464.58","SABD0000000001","AAV1.0.0.11","1.1.2.0","PSt7-10","170328-022","9/30/2017 7:09:10 PM","0000-00","0","no battery","V"
"11/03/2018","09:57:57","9","default","550496092","OXY_CH9","33.932","min","248.380","µmol/L","Humid","18.808","deg","79161","µV","26.090","°C","1019.000","hPa","34.1","pmil","0","53.442","deg","23.711","°C","100.000","%a.s.","21.016","deg","23.307","°C","1019.000","hPa","0.861","-0.02617","0.00035","0","0","13.56","Humid","22.75","0","51.00","250453.18","SABD0000000001","AAV1.0.0.11","1.1.2.0","PSt7-10","170328-022","9/30/2017 7:09:10 PM","0000-00","0","no battery","V"
"11/03/2018","09:57:58","9","default","550496092","OXY_CH9","33.949","min","248.318","µmol/L","Humid","18.810","deg","79165","µV","26.091","°C","1019.000","hPa","34.1","pmil","0","53.442","deg","23.711","°C","100.000","%a.s.","21.016","deg","23.307","°C","1019.000","hPa","0.861","-0.02617","0.00035","0","0","13.56","Humid","22.75","0","51.00","250459.19","SABD0000000001","AAV1.0.0.11","1.1.2.0","PSt7-10","170328-022","9/30/2017 7:09:10 PM","0000-00","0","no battery","V"
"11/03/2018","09:57:59","9","default","550496092","OXY_CH9","33.966","min","248.270","µmol/L","Humid","18.811","deg","79160","µV","26.095","°C","1019.000","hPa","34.1","pmil","0","53.442","deg","23.711","°C","100.000","%a.s.","21.016","deg","23.307","°C","1019.000","hPa","0.861","-0.02617","0.00035","0","0","13.56","Humid","22.75","0","51.00","250456.36","SABD0000000001","AAV1.0.0.11","1.1.2.0","PSt7-10","170328-022","9/30/2017 7:09:10 PM","0000-00","0","no battery","V"
"11/03/2018","09:58:00","9","default","550496092","OXY_CH9","33.983","min","248.210","µmol/L","Humid","18.810","deg","79163","µV","26.106","°C","1019.000","hPa","34.1","pmil","0","53.442","deg","23.711","°C","100.000","%a.s.","21.016","deg","23.307","°C","1019.000","hPa","0.861","-0.02617","0.00035","0","0","13.56","Humid","22.75","0","51.00","250460.18","SABD0000000001","AAV1.0.0.11","1.1.2.0","PSt7-10","170328-022","9/30/2017 7:09:10 PM","0000-00","0","no battery","V"
"11/03/2018","09:58:01","9","default","550496092","OXY_CH9","33.999","min","248.413","µmol/L","Humid","18.807","deg","79165","µV","26.088","°C","1019.000","hPa","34.1","pmil","0","53.442","deg","23.711","°C","100.000","%a.s.","21.016","deg","23.307","°C","1019.000","hPa","0.861","-0.02617","0.00035","0","0","13.56","Humid","22.75","0","51.00","250450.56","SABD0000000001","AAV1.0.0.11","1.1.2.0","PSt7-10","170328-022","9/30/2017 7:09:10 PM","0000-00","0","no battery","V"
"11/03/2018","09:58:02","9","default","550496092","OXY_CH9","34.015","min","248.432","µmol/L","Humid","18.808","deg","79173","µV","26.082","°C","1019.000","hPa","34.1","pmil","0","53.442","deg","23.711","°C","100.000","%a.s.","21.016","deg","23.307","°C","1019.000","hPa","0.861","-0.02617","0.00035","0","0","13.56","Humid","22.75","0","51.00","250441.90","SABD0000000001","AAV1.0.0.11","1.1.2.0","PSt7-10","170328-022","9/30/2017 7:09:10 PM","0000-00","0","no battery","V"
"11/03/2018","09:58:03","9","default","550496092","OXY_CH9","34.032","min","248.255","µmol/L","Humid","18.812","deg","79163","µV","26.094","°C","1019.000","hPa","34.1","pmil","0","53.442","deg","23.711","°C","100.000","%a.s.","21.016","deg","23.307","°C","1019.000","hPa","0.861","-0.02617","0.00035","0","0","13.56","Humid","22.75","0","51.00","250446.14","SABD0000000001","AAV1.0.0.11","1.1.2.0","PSt7-10","170328-022","9/30/2017 7:09:10 PM","0000-00","0","no battery","V"
"11/03/2018","09:58:04","9","default","550496092","OXY_CH9","34.049","min","248.226","µmol/L","Humid","18.813","deg","79170","µV","26.094","°C","1019.000","hPa","34.1","pmil","0","53.442","deg","23.711","°C","100.000","%a.s.","21.016","deg","23.307","°C","1019.000","hPa","0.861","-0.02617","0.00035","0","0","13.56","Humid","22.75","0","51.00","250446.96","SABD0000000001","AAV1.0.0.11","1.1.2.0","PSt7-10","170328-022","9/30/2017 7:09:10 PM","0000-00","0","no battery","V"
"11/03/2018","09:58:05","9","default","550496092","OXY_CH9","34.066","min","248.329","µmol/L","Humid","18.810","deg","79168","µV","26.090","°C","1019.000","hPa","34.1","pmil","0","53.442","deg","23.711","°C","100.000","%a.s.","21.016","deg","23.307","°C","1019.000","hPa","0.861","-0.02617","0.00035","0","0","13.56","Humid","22.75","0","51.00","250452.12","SABD0000000001","AAV1.0.0.11","1.1.2.0","PSt7-10","170328-022","9/30/2017 7:09:10 PM","0000-00","0","no battery","V"
"11/03/2018","09:58:06","9","default","550496092","OXY_CH9","34.083","min","248.309","µmol/L","Humid","18.813","deg","79158","µV","26.083","°C","1019.000","hPa","34.1","pmil","0","53.442","deg","23.711","°C","100.000","%a.s.","21.016","deg","23.307","°C","1019.000","hPa","0.861","-0.02617","0.00035","0","0","13.56","Humid","22.75","0","51.00","250442.85","SABD0000000001","AAV1.0.0.11","1.1.2.0","PSt7-10","170328-022","9/30/2017 7:09:10 PM","0000-00","0","no battery","V"
"11/03/2018","09:58:07","9","default","550496092","OXY_CH9","34.100","min","248.332","µmol/L","Humid","18.809","deg","79165","µV","26.093","°C","1019.000","hPa","34.1","pmil","0","53.442","deg","23.711","°C","100.000","%a.s.","21.016","deg","23.307","°C","1019.000","hPa","0.861","-0.02617","0.00035","0","0","13.56","Humid","22.75","0","51.00","250440.76","SABD0000000001","AAV1.0.0.11","1.1.2.0","PSt7-10","170328-022","9/30/2017 7:09:10 PM","0000-00","0","no battery","V"
"11/03/2018","09:58:08","9","default","550496092","OXY_CH9","34.116","min","248.216","µmol/L","Humid","18.813","deg","79161","µV","26.096","°C","1019.000","hPa","34.1","pmil","0","53.442","deg","23.711","°C","100.000","%a.s.","21.016","deg","23.307","°C","1019.000","hPa","0.861","-0.02617","0.00035","0","0","13.56","Humid","22.75","0","51.00","250436.70","SABD0000000001","AAV1.0.0.11","1.1.2.0","PSt7-10","170328-022","9/30/2017 7:09:10 PM","0000-00","0","no battery","V"
"11/03/2018","09:58:09","9","default","550496092","OXY_CH9","34.132","min","248.255","µmol/L","Humid","18.815","deg","79164","µV","26.084","°C","1019.000","hPa","34.1","pmil","0","53.442","deg","23.711","°C","100.000","%a.s.","21.016","deg","23.307","°C","1019.000","hPa","0.861","-0.02617","0.00035","0","0","13.56","Humid","22.75","0","51.00","250436.88","SABD0000000001","AAV1.0.0.11","1.1.2.0","PSt7-10","170328-022","9/30/2017 7:09:10 PM","0000-00","0","no battery","V"
"11/03/2018","09:58:10","9","default","550496092","OXY_CH9","34.149","min","248.173","µmol/L","Humid","18.814","deg","79162","µV","26.098","°C","1019.000","hPa","34.1","pmil","0","53.442","deg","23.711","°C","100.000","%a.s.","21.016","deg","23.307","°C","1019.000","hPa","0.861","-0.02617","0.00035","0","0","13.56","Humid","22.75","0","51.00","250437.43","SABD0000000001","AAV1.0.0.11","1.1.2.0","PSt7-10","170328-022","9/30/2017 7:09:10 PM","0000-00","0","no battery","V"
"11/03/2018","09:58:11","9","default","550496092","OXY_CH9","34.166","min","248.227","µmol/L","Humid","18.815","deg","79163","µV","26.088","°C","1019.000","hPa","34.1","pmil","0","53.442","deg","23.711","°C","100.000","%a.s.","21.016","deg","23.307","°C","1019.000","hPa","0.861","-0.02617","0.00035","0","0","13.56","Humid","22.75","0","51.00","250438.38","SABD0000000001","AAV1.0.0.11","1.1.2.0","PSt7-10","170328-022","9/30/2017 7:09:10 PM","0000-00","0","no battery","V"
"11/03/2018","09:58:12","9","default","550496092","OXY_CH9","34.182","min","248.277","µmol/L","Humid","18.811","deg","79155","µV","26.094","°C","1019.000","hPa","34.1","pmil","0","53.442","deg","23.711","°C","100.000","%a.s.","21.016","deg","23.307","°C","1019.000","hPa","0.861","-0.02617","0.00035","0","0","13.56","Humid","22.75","0","51.00","250424.16","SABD0000000001","AAV1.0.0.11","1.1.2.0","PSt7-10","170328-022","9/30/2017 7:09:10 PM","0000-00","0","no battery","V"
"11/03/2018","09:58:13","9","default","550496092","OXY_CH9","34.199","min","248.348","µmol/L","Humid","18.811","deg","79161","µV","26.084","°C","1019.000","hPa","34.1","pmil","0","53.442","deg","23.711","°C","100.000","%a.s.","21.016","deg","23.307","°C","1019.000","hPa","0.861","-0.02617","0.00035","0","0","13.56","Humid","22.75","0","51.00","250434.07","SABD0000000001","AAV1.0.0.11","1.1.2.0","PSt7-10","170328-022","9/30/2017 7:09:10 PM","0000-00","0","no battery","V"
"11/03/2018","09:58:14","9","default","550496092","OXY_CH9","34.216","min","248.272","µmol/L","Humid","18.812","deg","79163","µV","26.091","°C","1019.000","hPa","34.1","pmil","0","53.442","deg","23.711","°C","100.000","%a.s.","21.016","deg","23.307","°C","1019.000","hPa","0.861","-0.02617","0.00035","0","0","13.56","Humid","22.75","0","51.00","250433.86","SABD0000000001","AAV1.0.0.11","1.1.2.0","PSt7-10","170328-022","9/30/2017 7:09:10 PM","0000-00","0","no battery","V"
"11/03/2018","09:58:15","9","default","550496092","OXY_CH9","34.233","min","248.295","µmol/L","Humid","18.813","deg","79166","µV","26.085","°C","1019.000","hPa","34.1","pmil","0","53.442","deg","23.711","°C","100.000","%a.s.","21.016","deg","23.307","°C","1019.000","hPa","0.861","-0.02617","0.00035","0","0","13.56","Humid","22.75","0","51.00","250428.47","SABD0000000001","AAV1.0.0.11","1.1.2.0","PSt7-10","170328-022","9/30/2017 7:09:10 PM","0000-00","0","no battery","V"
"11/03/2018","09:58:16","9","default","550496092","OXY_CH9","34.249","min","248.291","µmol/L","Humid","18.813","deg","79160","µV","26.085","°C","1019.000","hPa","34.1","pmil","0","53.442","deg","23.711","°C","100.000","%a.s.","21.016","deg","23.307","°C","1019.000","hPa","0.861","-0.02617","0.00035","0","0","13.56","Humid","22.75","0","51.00","250438.63","SABD0000000001","AAV1.0.0.11","1.1.2.0","PSt7-10","170328-022","9/30/2017 7:09:10 PM","0000-00","0","no battery","V"
"11/03/2018","09:58:17","9","default","550496092","OXY_CH9","34.265","min","248.272","µmol/L","Humid","18.812","deg","79167","µV","26.091","°C","1019.000","hPa","34.1","pmil","0","53.442","deg","23.711","°C","100.000","%a.s.","21.016","deg","23.307","°C","1019.000","hPa","0.861","-0.02617","0.00035","0","0","13.56","Humid","22.75","0","51.00","250436.46","SABD0000000001","AAV1.0.0.11","1.1.2.0","PSt7-10","170328-022","9/30/2017 7:09:10 PM","0000-00","0","no battery","V"
"11/03/2018","09:58:18","9","default","550496092","OXY_CH9","34.282","min","248.350","µmol/L","Humid","18.810","deg","79157","µV","26.087","°C","1019.000","hPa","34.1","pmil","0","53.442","deg","23.711","°C","100.000","%a.s.","21.016","deg","23.307","°C","1019.000","hPa","0.861","-0.02617","0.00035","0","0","13.56","Humid","22.75","0","51.00","250427.33","SABD0000000001","AAV1.0.0.11","1.1.2.0","PSt7-10","170328-022","9/30/2017 7:09:10 PM","0000-00","0","no battery","V"
"11/03/2018","09:58:19","9","default","550496092","OXY_CH9","34.299","min","248.328","µmol/L","Humid","18.811","deg","79163","µV","26.087","°C","1019.000","hPa","34.1","pmil","0","53.442","deg","23.711","°C","100.000","%a.s.","21.016","deg","23.307","°C","1019.000","hPa","0.861","-0.02617","0.00035","0","0","13.56","Humid","22.75","0","51.00","250440.29","SABD0000000001","AAV1.0.0.11","1.1.2.0","PSt7-10","170328-022","9/30/2017 7:09:10 PM","0000-00","0","no battery","V"
"11/03/2018","09:58:20","9","default","550496092","OXY_CH9","34.316","min","248.207","µmol/L","Humid","18.815","deg","79176","µV","26.090","°C","1019.000","hPa","34.1","pmil","0","53.442","deg","23.711","°C","100.000","%a.s.","21.016","deg","23.307","°C","1019.000","hPa","0.861","-0.02617","0.00035","0","0","13.56","Humid","22.75","0","51.00","250438.94","SABD0000000001","AAV1.0.0.11","1.1.2.0","PSt7-10","170328-022","9/30/2017 7:09:10 PM","0000-00","0","no battery","V"
"11/03/2018","09:58:21","9","default","550496092","OXY_CH9","34.333","min","248.275","µmol/L","Humid","18.814","deg","79169","µV","26.084","°C","1019.000","hPa","34.1","pmil","0","53.442","deg","23.711","°C","100.000","%a.s.","21.016","deg","23.307","°C","1019.000","hPa","0.861","-0.02617","0.00035","0","0","13.56","Humid","22.75","0","51.00","250431.97","SABD0000000001","AAV1.0.0.11","1.1.2.0","PSt7-10","170328-022","9/30/2017 7:09:10 PM","0000-00","0","no battery","V"
"11/03/2018","09:58:22","9","default","550496092","OXY_CH9","34.349","min","248.311","µmol/L","Humid","18.812","deg","79168","µV","26.086","°C","1019.000","hPa","34.1","pmil","0","53.442","deg","23.711","°C","100.000","%a.s.","21.016","deg","23.307","°C","1019.000","hPa","0.861","-0.02617","0.00035","0","0","13.56","Humid","22.75","0","51.00","250430.23","SABD0000000001","AAV1.0.0.11","1.1.2.0","PSt7-10","170328-022","9/30/2017 7:09:10 PM","0000-00","0","no battery","V"
"11/03/2018","09:58:23","9","default","550496092","OXY_CH9","34.366","min","248.106","µmol/L","Humid","18.818","deg","79164","µV","26.094","°C","1019.000","hPa","34.1","pmil","0","53.442","deg","23.711","°C","100.000","%a.s.","21.016","deg","23.307","°C","1019.000","hPa","0.861","-0.02617","0.00035","0","0","13.56","Humid","22.75","0","51.00","250432.76","SABD0000000001","AAV1.0.0.11","1.1.2.0","PSt7-10","170328-022","9/30/2017 7:09:10 PM","0000-00","0","no battery","V"
"11/03/2018","09:58:24","9","default","550496092","OXY_CH9","34.383","min","248.222","µmol/L","Humid","18.815","deg","79166","µV","26.088","°C","1019.000","hPa","34.1","pmil","0","53.442","deg","23.711","°C","100.000","%a.s.","21.016","deg","23.307","°C","1019.000","hPa","0.861","-0.02617","0.00035","0","0","13.56","Humid","22.75","0","51.00","250419.99","SABD0000000001","AAV1.0.0.11","1.1.2.0","PSt7-10","170328-022","9/30/2017 7:09:10 PM","0000-00","0","no battery","V"
"11/03/2018","09:58:25","9","default","550496092","OXY_CH9","34.399","min","248.283","µmol/L","Humid","18.813","deg","79167","µV","26.086","°C","1019.000","hPa","34.1","pmil","0","53.442","deg","23.711","°C","100.000","%a.s.","21.016","deg","23.307","°C","1019.000","hPa","0.861","-0.02617","0.00035","0","0","13.56","Humid","22.75","0","51.00","250427.56","SABD0000000001","AAV1.0.0.11","1.1.2.0","PSt7-10","170328-022","9/30/2017 7:09:10 PM","0000-00","0","no battery","V"
"11/03/2018","09:58:26","9","default","550496092","OXY_CH9","34.415","min","248.205","µmol/L","Humid","18.816","deg","79164","µV","26.087","°C","1019.000","hPa","34.1","pmil","0","53.442","deg","23.711","°C","100.000","%a.s.","21.016","deg","23.307","°C","1019.000","hPa","0.861","-0.02617","0.00035","0","0","13.56","Humid","22.75","0","51.00","250422.61","SABD0000000001","AAV1.0.0.11","1.1.2.0","PSt7-10","170328-022","9/30/2017 7:09:10 PM","0000-00","0","no battery","V"
"11/03/2018","09:58:27","9","default","550496092","OXY_CH9","34.432","min","248.278","µmol/L","Humid","18.813","deg","79172","µV","26.087","°C","1019.000","hPa","34.1","pmil","0","53.442","deg","23.711","°C","100.000","%a.s.","21.016","deg","23.307","°C","1019.000","hPa","0.861","-0.02617","0.00035","0","0","13.56","Humid","22.75","0","51.00","250430.56","SABD0000000001","AAV1.0.0.11","1.1.2.0","PSt7-10","170328-022","9/30/2017 7:09:10 PM","0000-00","0","no battery","V"
"11/03/2018","09:58:28","9","default","550496092","OXY_CH9","34.449","min","248.133","µmol/L","Humid","18.818","deg","79164","µV","26.091","°C","1019.000","hPa","34.1","pmil","0","53.442","deg","23.711","°C","100.000","%a.s.","21.016","deg","23.307","°C","1019.000","hPa","0.861","-0.02617","0.00035","0","0","13.56","Humid","22.75","0","51.00","250433.24","SABD0000000001","AAV1.0.0.11","1.1.2.0","PSt7-10","170328-022","9/30/2017 7:09:10 PM","0000-00","0","no battery","V"
"11/03/2018","09:58:29","9","default","550496092","OXY_CH9","34.466","min","248.165","µmol/L","Humid","18.814","deg","79166","µV","26.099","°C","1019.000","hPa","34.1","pmil","0","53.442","deg","23.711","°C","100.000","%a.s.","21.016","deg","23.307","°C","1019.000","hPa","0.861","-0.02617","0.00035","0","0","13.56","Humid","22.75","0","51.00","250427.55","SABD0000000001","AAV1.0.0.11","1.1.2.0","PSt7-10","170328-022","9/30/2017 7:09:10 PM","0000-00","0","no battery","V"
"11/03/2018","09:58:30","9","default","550496092","OXY_CH9","34.483","min","248.226","µmol/L","Humid","18.812","deg","79176","µV","26.098","°C","1019.000","hPa","34.1","pmil","0","53.442","deg","23.711","°C","100.000","%a.s.","21.016","deg","23.307","°C","1019.000","hPa","0.861","-0.02617","0.00035","0","0","13.56","Humid","22.75","0","51.00","250433.99","SABD0000000001","AAV1.0.0.11","1.1.2.0","PSt7-10","170328-022","9/30/2017 7:09:10 PM","0000-00","0","no battery","V"
"11/03/2018","09:58:31","9","default","550496092","OXY_CH9","34.499","min","248.192","µmol/L","Humid","18.813","deg","79163","µV","26.099","°C","1019.000","hPa","34.1","pmil","0","53.442","deg","23.711","°C","100.000","%a.s.","21.016","deg","23.307","°C","1019.000","hPa","0.861","-0.02617","0.00035","0","0","13.56","Humid","22.75","0","51.00","250423.08","SABD0000000001","AAV1.0.0.11","1.1.2.0","PSt7-10","170328-022","9/30/2017 7:09:10 PM","0000-00","0","no battery","V"
"11/03/2018","09:58:32","9","default","550496092","OXY_CH9","34.516","min","248.121","µmol/L","Humid","18.815","deg","79172","µV","26.102","°C","1019.000","hPa","34.1","pmil","0","53.442","deg","23.711","°C","100.000","%a.s.","21.016","deg","23.307","°C","1019.000","hPa","0.861","-0.02617","0.00035","0","0","13.56","Humid","22.75","0","51.00","250434.06","SABD0000000001","AAV1.0.0.11","1.1.2.0","PSt7-10","170328-022","9/30/2017 7:09:10 PM","0000-00","0","no battery","V"
"11/03/2018","09:58:33","9","default","550496092","OXY_CH9","34.533","min","248.316","µmol/L","Humid","18.813","deg","79165","µV","26.082","°C","1019.000","hPa","34.1","pmil","0","53.442","deg","23.711","°C","100.000","%a.s.","21.016","deg","23.307","°C","1019.000","hPa","0.861","-0.02617","0.00035","0","0","13.56","Humid","22.75","0","51.00","250424.77","SABD0000000001","AAV1.0.0.11","1.1.2.0","PSt7-10","170328-022","9/30/2017 7:09:10 PM","0000-00","0","no battery","V"
"11/03/2018","09:58:34","9","default","550496092","OXY_CH9","34.549","min","248.184","µmol/L","Humid","18.814","deg","79168","µV","26.097","°C","1019.000","hPa","34.1","pmil","0","53.442","deg","23.711","°C","100.000","%a.s.","21.016","deg","23.307","°C","1019.000","hPa","0.861","-0.02617","0.00035","0","0","13.56","Humid","22.75","0","51.00","250420.80","SABD0000000001","AAV1.0.0.11","1.1.2.0","PSt7-10","170328-022","9/30/2017 7:09:10 PM","0000-00","0","no battery","V"
"11/03/2018","09:58:35","9","default","550496092","OXY_CH9","34.566","min","248.091","µmol/L","Humid","18.816","deg","79172","µV","26.103","°C","1019.000","hPa","34.1","pmil","0","53.442","deg","23.711","°C","100.000","%a.s.","21.016","deg","23.307","°C","1019.000","hPa","0.861","-0.02617","0.00035","0","0","13.56","Humid","22.75","0","51.00","250434.37","SABD0000000001","AAV1.0.0.11","1.1.2.0","PSt7-10","170328-022","9/30/2017 7:09:10 PM","0000-00","0","no battery","V"
"11/03/2018","09:58:36","9","default","550496092","OXY_CH9","34.582","min","248.045","µmol/L","Humid","18.820","deg","79161","µV","26.096","°C","1019.000","hPa","34.1","pmil","0","53.442","deg","23.711","°C","100.000","%a.s.","21.016","deg","23.307","°C","1019.000","hPa","0.861","-0.02617","0.00035","0","0","13.56","Humid","22.75","0","51.00","250423.63","SABD0000000001","AAV1.0.0.11","1.1.2.0","PSt7-10","170328-022","9/30/2017 7:09:10 PM","0000-00","0","no battery","V"
"11/03/2018","09:58:37","9","default","550496092","OXY_CH9","34.599","min","248.317","µmol/L","Humid","18.817","deg","79170","µV","26.069","°C","1019.000","hPa","34.1","pmil","0","53.442","deg","23.711","°C","100.000","%a.s.","21.016","deg","23.307","°C","1019.000","hPa","0.861","-0.02617","0.00035","0","0","13.56","Humid","22.75","0","51.00","250429.57","SABD0000000001","AAV1.0.0.11","1.1.2.0","PSt7-10","170328-022","9/30/2017 7:09:10 PM","0000-00","0","no battery","V"
"11/03/2018","09:58:38","9","default","550496092","OXY_CH9","34.616","min","248.213","µmol/L","Humid","18.815","deg","79177","µV","26.089","°C","1019.000","hPa","34.1","pmil","0","53.442","deg","23.711","°C","100.000","%a.s.","21.016","deg","23.307","°C","1019.000","hPa","0.861","-0.02617","0.00035","0","0","13.56","Humid","22.75","0","51.00","250422.03","SABD0000000001","AAV1.0.0.11","1.1.2.0","PSt7-10","170328-022","9/30/2017 7:09:10 PM","0000-00","0","no battery","V"
"11/03/2018","09:58:39","9","default","550496092","OXY_CH9","34.633","min","248.116","µmol/L","Humid","18.817","deg","79170","µV","26.096","°C","1019.000","hPa","34.1","pmil","0","53.442","deg","23.711","°C","100.000","%a.s.","21.016","deg","23.307","°C","1019.000","hPa","0.861","-0.02617","0.00035","0","0","13.56","Humid","22.75","0","51.00","250414.57","SABD0000000001","AAV1.0.0.11","1.1.2.0","PSt7-10","170328-022","9/30/2017 7:09:10 PM","0000-00","0","no battery","V"
"11/03/2018","09:58:40","9","default","550496092","OXY_CH9","34.649","min","248.167","µmol/L","Humid","18.818","deg","79171","µV","26.086","°C","1019.000","hPa","34.1","pmil","0","53.442","deg","23.711","°C","100.000","%a.s.","21.016","deg","23.307","°C","1019.000","hPa","0.861","-0.02617","0.00035","0","0","13.56","Humid","22.75","0","51.00","250420.09","SABD0000000001","AAV1.0.0.11","1.1.2.0","PSt7-10","170328-022","9/30/2017 7:09:10 PM","0000-00","0","no battery","V"
"11/03/2018","09:58:41","9","default","550496092","OXY_CH9","34.666","min","248.204","µmol/L","Humid","18.816","deg","79167","µV","26.087","°C","1019.000","hPa","34.1","pmil","0","53.442","deg","23.711","°C","100.000","%a.s.","21.016","deg","23.307","°C","1019.000","hPa","0.861","-0.02617","0.00035","0","0","13.56","Humid","22.75","0","51.00","250419.38","SABD0000000001","AAV1.0.0.11","1.1.2.0","PSt7-10","170328-022","9/30/2017 7:09:10 PM","0000-00","0","no battery","V"
"11/03/2018","09:58:42","9","default","550496092","OXY_CH9","34.683","min","248.157","µmol/L","Humid","18.816","deg","79168","µV","26.094","°C","1019.000","hPa","34.1","pmil","0","53.442","deg","23.711","°C","100.000","%a.s.","21.016","deg","23.307","°C","1019.000","hPa","0.861","-0.02617","0.00035","0","0","13.56","Humid","22.75","0","51.00","250430.20","SABD0000000001","AAV1.0.0.11","1.1.2.0","PSt7-10","170328-022","9/30/2017 7:09:10 PM","0000-00","0","no battery","V"
"11/03/2018","09:58:43","9","default","550496092","OXY_CH9","34.699","min","248.258","µmol/L","Humid","18.817","deg","79174","µV","26.077","°C","1019.000","hPa","34.1","pmil","0","53.442","deg","23.711","°C","100.000","%a.s.","21.016","deg","23.307","°C","1019.000","hPa","0.861","-0.02617","0.00035","0","0","13.56","Humid","22.75","0","51.00","250414.14","SABD0000000001","AAV1.0.0.11","1.1.2.0","PSt7-10","170328-022","9/30/2017 7:09:10 PM","0000-00","0","no battery","V"
"11/03/2018","09:58:44","9","default","550496092","OXY_CH9","34.716","min","248.207","µmol/L","Humid","18.812","deg","79168","µV","26.100","°C","1019.000","hPa","34.1","pmil","0","53.442","deg","23.711","°C","100.000","%a.s.","21.016","deg","23.307","°C","1019.000","hPa","0.861","-0.02617","0.00035","0","0","13.56","Humid","22.75","0","51.00","250411.35","SABD0000000001","AAV1.0.0.11","1.1.2.0","PSt7-10","170328-022","9/30/2017 7:09:10 PM","0000-00","0","no battery","V"
"11/03/2018","09:58:45","9","default","550496092","OXY_CH9","34.732","min","248.316","µmol/L","Humid","18.812","deg","79173","µV","26.085","°C","1019.000","hPa","34.1","pmil","0","53.442","deg","23.711","°C","100.000","%a.s.","21.016","deg","23.307","°C","1019.000","hPa","0.861","-0.02617","0.00035","0","0","13.56","Humid","22.75","0","51.00","250420.94","SABD0000000001","AAV1.0.0.11","1.1.2.0","PSt7-10","170328-022","9/30/2017 7:09:10 PM","0000-00","0","no battery","V"
"11/03/2018","09:58:46","9","default","550496092","OXY_CH9","34.749","min","248.205","µmol/L","Humid","18.818","deg","79166","µV","26.081","°C","1019.000","hPa","34.1","pmil","0","53.442","deg","23.711","°C","100.000","%a.s.","21.016","deg","23.307","°C","1019.000","hPa","0.861","-0.02617","0.00035","0","0","13.56","Humid","22.75","0","51.00","250416.84","SABD0000000001","AAV1.0.0.11","1.1.2.0","PSt7-10","170328-022","9/30/2017 7:09:10 PM","0000-00","0","no battery","V"
"11/03/2018","09:58:47","9","default","550496092","OXY_CH9","34.766","min","248.277","µmol/L","Humid","18.815","deg","79171","µV","26.081","°C","1019.000","hPa","34.1","pmil","0","53.442","deg","23.711","°C","100.000","%a.s.","21.016","deg","23.307","°C","1019.000","hPa","0.861","-0.02617","0.00035","0","0","13.56","Humid","22.75","0","51.00","250418.86","SABD0000000001","AAV1.0.0.11","1.1.2.0","PSt7-10","170328-022","9/30/2017 7:09:10 PM","0000-00","0","no battery","V"
"11/03/2018","09:58:48","9","default","550496092","OXY_CH9","34.783","min","248.121","µmol/L","Humid","18.816","deg","79171","µV","26.099","°C","1019.000","hPa","34.1","pmil","0","53.442","deg","23.711","°C","100.000","%a.s.","21.016","deg","23.307","°C","1019.000","hPa","0.861","-0.02617","0.00035","0","0","13.56","Humid","22.75","0","51.00","250417.55","SABD0000000001","AAV1.0.0.11","1.1.2.0","PSt7-10","170328-022","9/30/2017 7:09:10 PM","0000-00","0","no battery","V"
"11/03/2018","09:58:49","9","default","550496092","OXY_CH9","34.799","min","248.284","µmol/L","Humid","18.812","deg","79165","µV","26.090","°C","1019.000","hPa","34.1","pmil","0","53.442","deg","23.711","°C","100.000","%a.s.","21.016","deg","23.307","°C","1019.000","hPa","0.861","-0.02617","0.00035","0","0","13.56","Humid","22.75","0","51.00","250405.05","SABD0000000001","AAV1.0.0.11","1.1.2.0","PSt7-10","170328-022","9/30/2017 7:09:10 PM","0000-00","0","no battery","V"
"11/03/2018","09:58:50","9","default","550496092","OXY_CH9","34.816","min","248.209","µmol/L","Humid","18.815","deg","79173","µV","26.090","°C","1019.000","hPa","34.1","pmil","0","53.442","deg","23.711","°C","100.000","%a.s.","21.016","deg","23.307","°C","1019.000","hPa","0.861","-0.02617","0.00035","0","0","13.56","Humid","22.75","0","51.00","250414.26","SABD0000000001","AAV1.0.0.11","1.1.2.0","PSt7-10","170328-022","9/30/2017 7:09:10 PM","0000-00","0","no battery","V"
"11/03/2018","09:58:51","9","default","550496092","OXY_CH9","34.832","min","248.121","µmol/L","Humid","18.818","deg","79170","µV","26.092","°C","1019.000","hPa","34.1","pmil","0","53.442","deg","23.711","°C","100.000","%a.s.","21.016","deg","23.307","°C","1019.000","hPa","0.861","-0.02617","0.00035","0","0","13.56","Humid","22.75","0","51.00","250408.32","SABD0000000001","AAV1.0.0.11","1.1.2.0","PSt7-10","170328-022","9/30/2017 7:09:10 PM","0000-00","0","no battery","V"
"11/03/2018","09:58:52","9","default","550496092","OXY_CH9","34.849","min","248.075","µmol/L","Humid","18.821","deg","79175","µV","26.089","°C","1019.000","hPa","34.1","pmil","0","53.442","deg","23.711","°C","100.000","%a.s.","21.016","deg","23.307","°C","1019.000","hPa","0.861","-0.02617","0.00035","0","0","13.56","Humid","22.75","0","51.00","250404.44","SABD0000000001","AAV1.0.0.11","1.1.2.0","PSt7-10","170328-022","9/30/2017 7:09:10 PM","0000-00","0","no battery","V"
"11/03/2018","09:58:53","9","default","550496092","OXY_CH9","34.866","min","248.180","µmol/L","Humid","18.817","deg","79174","µV","26.088","°C","1019.000","hPa","34.1","pmil","0","53.442","deg","23.711","°C","100.000","%a.s.","21.016","deg","23.307","°C","1019.000","hPa","0.861","-0.02617","0.00035","0","0","13.56","Humid","22.75","0","51.00","250413.46","SABD0000000001","AAV1.0.0.11","1.1.2.0","PSt7-10","170328-022","9/30/2017 7:09:10 PM","0000-00","0","no battery","V"
"11/03/2018","09:58:54","9","default","550496092","OXY_CH9","34.882","min","248.095","µmol/L","Humid","18.819","deg","79171","µV","26.093","°C","1019.000","hPa","34.1","pmil","0","53.442","deg","23.711","°C","100.000","%a.s.","21.016","deg","23.307","°C","1019.000","hPa","0.861","-0.02617","0.00035","0","0","13.56","Humid","22.75","0","51.00","250410.77","SABD0000000001","AAV1.0.0.11","1.1.2.0","PSt7-10","170328-022","9/30/2017 7:09:10 PM","0000-00","0","no battery","V"
"11/03/2018","09:58:55","9","default","550496092","OXY_CH9","34.899","min","248.131","µmol/L","Humid","18.817","deg","79168","µV","26.094","°C","1019.000","hPa","34.1","pmil","0","53.442","deg","23.711","°C","100.000","%a.s.","21.016","deg","23.307","°C","1019.000","hPa","0.861","-0.02617","0.00035","0","0","13.56","Humid","22.75","0","51.00","250405.51","SABD0000000001","AAV1.0.0.11","1.1.2.0","PSt7-10","170328-022","9/30/2017 7:09:10 PM","0000-00","0","no battery","V"
"11/03/2018","09:58:56","9","default","550496092","OXY_CH9","34.916","min","248.186","µmol/L","Humid","18.816","deg","79163","µV","26.090","°C","1019.000","hPa","34.1","pmil","0","53.442","deg","23.711","°C","100.000","%a.s.","21.016","deg","23.307","°C","1019.000","hPa","0.861","-0.02617","0.00035","0","0","13.56","Humid","22.75","0","51.00","250408.28","SABD0000000001","AAV1.0.0.11","1.1.2.0","PSt7-10","170328-022","9/30/2017 7:09:10 PM","0000-00","0","no battery","V"
"11/03/2018","09:58:57","9","default","550496092","OXY_CH9","34.933","min","248.143","µmol/L","Humid","18.817","deg","79167","µV","26.093","°C","1019.000","hPa","34.1","pmil","0","53.442","deg","23.711","°C","100.000","%a.s.","21.016","deg","23.307","°C","1019.000","hPa","0.861","-0.02617","0.00035","0","0","13.56","Humid","22.75","0","51.00","250401.71","SABD0000000001","AAV1.0.0.11","1.1.2.0","PSt7-10","170328-022","9/30/2017 7:09:10 PM","0000-00","0","no battery","V"
"11/03/2018","09:58:58","9","default","550496092","OXY_CH9","34.949","min","248.011","µmol/L","Humid","18.823","deg","79172","µV","26.091","°C","1019.000","hPa","34.1","pmil","0","53.442","deg","23.711","°C","100.000","%a.s.","21.016","deg","23.307","°C","1019.000","hPa","0.861","-0.02617","0.00035","0","0","13.56","Humid","22.75","0","51.00","250410.43","SABD0000000001","AAV1.0.0.11","1.1.2.0","PSt7-10","170328-022","9/30/2017 7:09:10 PM","0000-00","0","no battery","V"
"11/03/2018","09:58:59","9","default","550496092","OXY_CH9","34.965","min","248.249","µmol/L","Humid","18.816","deg","79165","µV","26.081","°C","1019.000","hPa","34.1","pmil","0","53.442","deg","23.711","°C","100.000","%a.s.","21.016","deg","23.307","°C","1019.000","hPa","0.861","-0.02617","0.00035","0","0","13.56","Humid","22.75","0","51.00","250402.68","SABD0000000001","AAV1.0.0.11","1.1.2.0","PSt7-10","170328-022","9/30/2017 7:09:10 PM","0000-00","0","no battery","V"
"11/03/2018","09:59:00","9","default","550496092","OXY_CH9","34.982","min","248.099","µmol/L","Humid","18.821","deg","79168","µV","26.086","°C","1019.000","hPa","34.1","pmil","0","53.442","deg","23.711","°C","100.000","%a.s.","21.016","deg","23.307","°C","1019.000","hPa","0.861","-0.02617","0.00035","0","0","13.56","Humid","22.75","0","51.00","250402.42","SABD0000000001","AAV1.0.0.11","1.1.2.0","PSt7-10","170328-022","9/30/2017 7:09:10 PM","0000-00","0","no battery","V"
"11/03/2018","09:59:01","9","default","550496092","OXY_CH9","34.999","min","248.014","µmol/L","Humid","18.821","deg","79166","µV","26.097","°C","1019.000","hPa","34.1","pmil","0","53.442","deg","23.711","°C","100.000","%a.s.","21.016","deg","23.307","°C","1019.000","hPa","0.861","-0.02617","0.00035","0","0","13.56","Humid","22.75","0","51.00","250404.90","SABD0000000001","AAV1.0.0.11","1.1.2.0","PSt7-10","170328-022","9/30/2017 7:09:10 PM","0000-00","0","no battery","V"
"11/03/2018","09:59:02","9","default","550496092","OXY_CH9","35.016","min","248.070","µmol/L","Humid","18.820","deg","79171","µV","26.093","°C","1019.000","hPa","34.1","pmil","0","53.442","deg","23.711","°C","100.000","%a.s.","21.016","deg","23.307","°C","1019.000","hPa","0.861","-0.02617","0.00035","0","0","13.56","Humid","22.75","0","51.00","250399.22","SABD0000000001","AAV1.0.0.11","1.1.2.0","PSt7-10","170328-022","9/30/2017 7:09:10 PM","0000-00","0","no battery","V"
"11/03/2018","09:59:03","9","default","550496092","OXY_CH9","35.032","min","248.044","µmol/L","Humid","18.820","deg","79166","µV","26.096","°C","1019.000","hPa","34.1","pmil","0","53.442","deg","23.711","°C","100.000","%a.s.","21.016","deg","23.307","°C","1019.000","hPa","0.861","-0.02617","0.00035","0","0","13.56","Humid","22.75","0","51.00","250395.93","SABD0000000001","AAV1.0.0.11","1.1.2.0","PSt7-10","170328-022","9/30/2017 7:09:10 PM","0000-00","0","no battery","V"
"11/03/2018","09:59:04","9","default","550496092","OXY_CH9","35.049","min","248.178","µmol/L","Humid","18.817","deg","79163","µV","26.088","°C","1019.000","hPa","34.1","pmil","0","53.442","deg","23.711","°C","100.000","%a.s.","21.016","deg","23.307","°C","1019.000","hPa","0.861","-0.02617","0.00035","0","0","13.56","Humid","22.75","0","51.00","250406.34","SABD0000000001","AAV1.0.0.11","1.1.2.0","PSt7-10","170328-022","9/30/2017 7:09:10 PM","0000-00","0","no battery","V"
"11/03/2018","09:59:05","9","default","550496092","OXY_CH9","35.066","min","248.179","µmol/L","Humid","18.820","deg","79178","µV","26.078","°C","1019.000","hPa","34.1","pmil","0","53.442","deg","23.711","°C","100.000","%a.s.","21.016","deg","23.307","°C","1019.000","hPa","0.861","-0.02617","0.00035","0","0","13.56","Humid","22.75","0","51.00","250405.64","SABD0000000001","AAV1.0.0.11","1.1.2.0","PSt7-10","170328-022","9/30/2017 7:09:10 PM","0000-00","0","no battery","V"
"11/03/2018","09:59:06","9","default","550496092","OXY_CH9","35.083","min","248.107","µmol/L","Humid","18.821","deg","79167","µV","26.084","°C","1019.000","hPa","34.1","pmil","0","53.442","deg","23.711","°C","100.000","%a.s.","21.016","deg","23.307","°C","1019.000","hPa","0.861","-0.02617","0.00035","0","0","13.56","Humid","22.75","0","51.00","250414.86","SABD0000000001","AAV1.0.0.11","1.1.2.0","PSt7-10","170328-022","9/30/2017 7:09:10 PM","0000-00","0","no battery","V"
"11/03/2018","09:59:07","9","default","550496092","OXY_CH9","35.099","min","247.927","µmol/L","Humid","18.820","deg","79171","µV","26.112","°C","1019.000","hPa","34.1","pmil","0","53.442","deg","23.711","°C","100.000","%a.s.","21.016","deg","23.307","°C","1019.000","hPa","0.861","-0.02617","0.00035","0","0","13.56","Humid","22.75","0","51.00","250410.97","SABD0000000001","AAV1.0.0.11","1.1.2.0","PSt7-10","170328-022","9/30/2017 7:09:10 PM","0000-00","0","no battery","V"
"11/03/2018","09:59:08","9","default","550496092","OXY_CH9","35.116","min","248.127","µmol/L","Humid","18.815","deg","79176","µV","26.101","°C","1019.000","hPa","34.1","pmil","0","53.442","deg","23.711","°C","100.000","%a.s.","21.016","deg","23.307","°C","1019.000","hPa","0.861","-0.02617","0.00035","0","0","13.56","Humid","22.75","0","51.00","250405.53","SABD0000000001","AAV1.0.0.11","1.1.2.0","PSt7-10","170328-022","9/30/2017 7:09:10 PM","0000-00","0","no battery","V"
"11/03/2018","09:59:09","9","default","550496092","OXY_CH9","35.132","min","248.110","µmol/L","Humid","18.815","deg","79171","µV","26.104","°C","1019.000","hPa","34.1","pmil","0","53.442","deg","23.711","°C","100.000","%a.s.","21.016","deg","23.307","°C","1019.000","hPa","0.861","-0.02617","0.00035","0","0","13.56","Humid","22.75","0","51.00","250390.97","SABD0000000001","AAV1.0.0.11","1.1.2.0","PSt7-10","170328-022","9/30/2017 7:09:10 PM","0000-00","0","no battery","V"
"11/03/2018","09:59:10","9","default","550496092","OXY_CH9","35.149","min","248.214","µmol/L","Humid","18.817","deg","79170","µV","26.083","°C","1019.000","hPa","34.1","pmil","0","53.442","deg","23.711","°C","100.000","%a.s.","21.016","deg","23.307","°C","1019.000","hPa","0.861","-0.02617","0.00035","0","0","13.56","Humid","22.75","0","51.00","250399.00","SABD0000000001","AAV1.0.0.11","1.1.2.0","PSt7-10","170328-022","9/30/2017 7:09:10 PM","0000-00","0","no battery","V"
"11/03/2018","09:59:11","9","default","550496092","OXY_CH9","35.166","min","248.126","µmol/L","Humid","18.819","deg","79171","µV","26.088","°C","1019.000","hPa","34.1","pmil","0","53.442","deg","23.711","°C","100.000","%a.s.","21.016","deg","23.307","°C","1019.000","hPa","0.861","-0.02617","0.00035","0","0","13.56","Humid","22.75","0","51.00","250392.91","SABD0000000001","AAV1.0.0.11","1.1.2.0","PSt7-10","170328-022","9/30/2017 7:09:10 PM","0000-00","0","no battery","V"
"11/03/2018","09:59:12","9","default","550496092","OXY_CH9","35.182","min","247.908","µmol/L","Humid","18.824","deg","79165","µV","26.102","°C","1019.000","hPa","34.1","pmil","0","53.442","deg","23.711","°C","100.000","%a.s.","21.016","deg","23.307","°C","1019.000","hPa","0.861","-0.02617","0.00035","0","0","13.56","Humid","22.75","0","51.00","250394.70","SABD0000000001","AAV1.0.0.11","1.1.2.0","PSt7-10","170328-022","9/30/2017 7:09:10 PM","0000-00","0","no battery","V"
"11/03/2018","09:59:13","9","default","550496092","OXY_CH9","35.199","min","248.044","µmol/L","Humid","18.818","deg","79165","µV","26.103","°C","1019.000","hPa","34.1","pmil","0","53.442","deg","23.711","°C","100.000","%a.s.","21.016","deg","23.307","°C","1019.000","hPa","0.861","-0.02617","0.00035","0","0","13.56","Humid","22.75","0","51.00","250393.01","SABD0000000001","AAV1.0.0.11","1.1.2.0","PSt7-10","170328-022","9/30/2017 7:09:10 PM","0000-00","0","no battery","V"
"11/03/2018","09:59:14","9","default","550496092","OXY_CH9","35.216","min","248.100","µmol/L","Humid","18.819","deg","79172","µV","26.092","°C","1019.000","hPa","34.1","pmil","0","53.442","deg","23.711","°C","100.000","%a.s.","21.016","deg","23.307","°C","1019.000","hPa","0.861","-0.02617","0.00035","0","0","13.56","Humid","22.75","0","51.00","250397.32","SABD0000000001","AAV1.0.0.11","1.1.2.0","PSt7-10","170328-022","9/30/2017 7:09:10 PM","0000-00","0","no battery","V"
"11/03/2018","09:59:15","9","default","550496092","OXY_CH9","35.233","min","248.208","µmol/L","Humid","18.815","deg","79168","µV","26.090","°C","1019.000","hPa","34.1","pmil","0","53.442","deg","23.711","°C","100.000","%a.s.","21.016","deg","23.307","°C","1019.000","hPa","0.861","-0.02617","0.00035","0","0","13.56","Humid","22.75","0","51.00","250396.65","SABD0000000001","AAV1.0.0.11","1.1.2.0","PSt7-10","170328-022","9/30/2017 7:09:10 PM","0000-00","0","no battery","V"
"11/03/2018","09:59:16","9","default","550496092","OXY_CH9","35.250","min","248.151","µmol/L","Humid","18.820","deg","79164","µV","26.082","°C","1019.000","hPa","34.1","pmil","0","53.442","deg","23.711","°C","100.000","%a.s.","21.016","deg","23.307","°C","1019.000","hPa","0.861","-0.02617","0.00035","0","0","13.56","Humid","22.75","0","51.00","250398.58","SABD0000000001","AAV1.0.0.11","1.1.2.0","PSt7-10","170328-022","9/30/2017 7:09:10 PM","0000-00","0","no battery","V"
"11/03/2018","09:59:17","9","default","550496092","OXY_CH9","35.266","min","248.238","µmol/L","Humid","18.816","deg","79170","µV","26.083","°C","1019.000","hPa","34.1","pmil","0","53.442","deg","23.711","°C","100.000","%a.s.","21.016","deg","23.307","°C","1019.000","hPa","0.861","-0.02617","0.00035","0","0","13.56","Humid","22.75","0","51.00","250386.39","SABD0000000001","AAV1.0.0.11","1.1.2.0","PSt7-10","170328-022","9/30/2017 7:09:10 PM","0000-00","0","no battery","V"
"11/03/2018","09:59:18","9","default","550496092","OXY_CH9","35.282","min","247.996","µmol/L","Humid","18.821","deg","79168","µV","26.100","°C","1019.000","hPa","34.1","pmil","0","53.442","deg","23.711","°C","100.000","%a.s.","21.016","deg","23.307","°C","1019.000","hPa","0.861","-0.02617","0.00035","0","0","13.56","Humid","22.75","0","51.00","250399.35","SABD0000000001","AAV1.0.0.11","1.1.2.0","PSt7-10","170328-022","9/30/2017 7:09:10 PM","0000-00","0","no battery","V"
"11/03/2018","09:59:19","9","default","550496092","OXY_CH9","35.299","min","248.018","µmol/L","Humid","18.823","deg","79166","µV","26.090","°C","1019.000","hPa","34.1","pmil","0","53.442","deg","23.711","°C","100.000","%a.s.","21.016","deg","23.307","°C","1019.000","hPa","0.861","-0.02617","0.00035","0","0","13.56","Humid","22.75","0","51.00","250388.88","SABD0000000001","AAV1.0.0.11","1.1.2.0","PSt7-10","170328-022","9/30/2017 7:09:10 PM","0000-00","0","no battery","V"
"11/03/2018","09:59:20","9","default","550496092","OXY_CH9","35.316","min","248.022","µmol/L","Humid","18.823","deg","79183","µV","26.090","°C","1019.000","hPa","34.1","pmil","0","53.442","deg","23.711","°C","100.000","%a.s.","21.016","deg","23.307","°C","1019.000","hPa","0.861","-0.02617","0.00035","0","0","13.56","Humid","22.75","0","51.00","250389.89","SABD0000000001","AAV1.0.0.11","1.1.2.0","PSt7-10","170328-022","9/30/2017 7:09:10 PM","0000-00","0","no battery","V"
"11/03/2018","09:59:21","9","default","550496092","OXY_CH9","35.332","min","248.190","µmol/L","Humid","18.818","deg","79169","µV","26.083","°C","1019.000","hPa","34.1","pmil","0","53.442","deg","23.711","°C","100.000","%a.s.","21.016","deg","23.307","°C","1019.000","hPa","0.861","-0.02617","0.00035","0","0","13.56","Humid","22.75","0","51.00","250383.56","SABD0000000001","AAV1.0.0.11","1.1.2.0","PSt7-10","170328-022","9/30/2017 7:09:10 PM","0000-00","0","no battery","V"
"11/03/2018","09:59:22","9","default","550496092","OXY_CH9","35.349","min","247.999","µmol/L","Humid","18.823","deg","79170","µV","26.093","°C","1019.000","hPa","34.1","pmil","0","53.442","deg","23.711","°C","100.000","%a.s.","21.016","deg","23.307","°C","1019.000","hPa","0.861","-0.02617","0.00035","0","0","13.56","Humid","22.75","0","51.00","250391.66","SABD0000000001","AAV1.0.0.11","1.1.2.0","PSt7-10","170328-022","9/30/2017 7:09:10 PM","0000-00","0","no battery","V"
"11/03/2018","09:59:23","9","default","550496092","OXY_CH9","35.366","min","248.164","µmol/L","Humid","18.818","deg","79175","µV","26.087","°C","1019.000","hPa","34.1","pmil","0","53.442","deg","23.711","°C","100.000","%a.s.","21.016","deg","23.307","°C","1019.000","hPa","0.861","-0.02617","0.00035","0","0","13.56","Humid","22.75","0","51.00","250391.06","SABD0000000001","AAV1.0.0.11","1.1.2.0","PSt7-10","170328-022","9/30/2017 7:09:10 PM","0000-00","0","no battery","V"
"11/03/2018","09:59:24","9","default","550496092","OXY_CH9","35.383","min","248.189","µmol/L","Humid","18.817","deg","79173","µV","26.086","°C","1019.000","hPa","34.1","pmil","0","53.442","deg","23.711","°C","100.000","%a.s.","21.016","deg","23.307","°C","1019.000","hPa","0.861","-0.02617","0.00035","0","0","13.56","Humid","22.75","0","51.00","250383.83","SABD0000000001","AAV1.0.0.11","1.1.2.0","PSt7-10","170328-022","9/30/2017 7:09:10 PM","0000-00","0","no battery","V"
"11/03/2018","09:59:25","9","default","550496092","OXY_CH9","35.399","min","248.204","µmol/L","Humid","18.816","deg","79171","µV","26.088","°C","1019.000","hPa","34.1","pmil","0","53.442","deg","23.711","°C","100.000","%a.s.","21.016","deg","23.307","°C","1019.000","hPa","0.861","-0.02617","0.00035","0","0","13.56","Humid","22.75","0","51.00","250390.25","SABD0000000001","AAV1.0.0.11","1.1.2.0","PSt7-10","170328-022","9/30/2017 7:09:10 PM","0000-00","0","no battery","V"
"11/03/2018","09:59:26","9","default","550496092","OXY_CH9","35.416","min","248.025","µmol/L","Humid","18.823","deg","79167","µV","26.089","°C","1019.000","hPa","34.1","pmil","0","53.442","deg","23.711","°C","100.000","%a.s.","21.016","deg","23.307","°C","1019.000","hPa","0.861","-0.02617","0.00035","0","0","13.56","Humid","22.75","0","51.00","250391.64","SABD0000000001","AAV1.0.0.11","1.1.2.0","PSt7-10","170328-022","9/30/2017 7:09:10 PM","0000-00","0","no battery","V"
"11/03/2018","09:59:27","9","default","550496092","OXY_CH9","35.432","min","248.032","µmol/L","Humid","18.820","deg","79169","µV","26.098","°C","1019.000","hPa","34.1","pmil","0","53.442","deg","23.711","°C","100.000","%a.s.","21.016","deg","23.307","°C","1019.000","hPa","0.861","-0.02617","0.00035","0","0","13.56","Humid","22.75","0","51.00","250392.88","SABD0000000001","AAV1.0.0.11","1.1.2.0","PSt7-10","170328-022","9/30/2017 7:09:10 PM","0000-00","0","no battery","V"
"11/03/2018","09:59:28","9","default","550496092","OXY_CH9","35.449","min","248.042","µmol/L","Humid","18.821","deg","79172","µV","26.093","°C","1019.000","hPa","34.1","pmil","0","53.442","deg","23.711","°C","100.000","%a.s.","21.016","deg","23.307","°C","1019.000","hPa","0.861","-0.02617","0.00035","0","0","13.56","Humid","22.75","0","51.00","250383.41","SABD0000000001","AAV1.0.0.11","1.1.2.0","PSt7-10","170328-022","9/30/2017 7:09:10 PM","0000-00","0","no battery","V"
"11/03/2018","09:59:29","9","default","550496092","OXY_CH9","35.466","min","247.888","µmol/L","Humid","18.827","deg","79168","µV","26.095","°C","1019.000","hPa","34.1","pmil","0","53.442","deg","23.711","°C","100.000","%a.s.","21.016","deg","23.307","°C","1019.000","hPa","0.861","-0.02617","0.00035","0","0","13.56","Humid","22.75","0","51.00","250381.30","SABD0000000001","AAV1.0.0.11","1.1.2.0","PSt7-10","170328-022","9/30/2017 7:09:10 PM","0000-00","0","no battery","V"
"11/03/2018","09:59:30","9","default","550496092","OXY_CH9","35.482","min","248.134","µmol/L","Humid","18.817","deg","79169","µV","26.094","°C","1019.000","hPa","34.1","pmil","0","53.442","deg","23.711","°C","100.000","%a.s.","21.016","deg","23.307","°C","1019.000","hPa","0.861","-0.02617","0.00035","0","0","13.56","Humid","22.75","0","51.00","250383.68","SABD0000000001","AAV1.0.0.11","1.1.2.0","PSt7-10","170328-022","9/30/2017 7:09:10 PM","0000-00","0","no battery","V"
"11/03/2018","09:59:31","9","default","550496092","OXY_CH9","35.499","min","248.053","µmol/L","Humid","18.820","deg","79170","µV","26.095","°C","1019.000","hPa","34.1","pmil","0","53.442","deg","23.711","°C","100.000","%a.s.","21.016","deg","23.307","°C","1019.000","hPa","0.861","-0.02617","0.00035","0","0","13.56","Humid","22.75","0","51.00","250384.42","SABD0000000001","AAV1.0.0.11","1.1.2.0","PSt7-10","170328-022","9/30/2017 7:09:10 PM","0000-00","0","no battery","V"
"11/03/2018","09:59:32","9","default","550496092","OXY_CH9","35.516","min","248.030","µmol/L","Humid","18.821","deg","79165","µV","26.095","°C","1019.000","hPa","34.1","pmil","0","53.442","deg","23.711","°C","100.000","%a.s.","21.016","deg","23.307","°C","1019.000","hPa","0.861","-0.02617","0.00035","0","0","13.56","Humid","22.75","0","51.00","250380.88","SABD0000000001","AAV1.0.0.11","1.1.2.0","PSt7-10","170328-022","9/30/2017 7:09:10 PM","0000-00","0","no battery","V"
"11/03/2018","09:59:33","9","default","550496092","OXY_CH9","35.533","min","248.076","µmol/L","Humid","18.823","deg","79171","µV","26.082","°C","1019.000","hPa","34.1","pmil","0","53.442","deg","23.711","°C","100.000","%a.s.","21.016","deg","23.307","°C","1019.000","hPa","0.861","-0.02617","0.00035","0","0","13.56","Humid","22.75","0","51.00","250383.71","SABD0000000001","AAV1.0.0.11","1.1.2.0","PSt7-10","170328-022","9/30/2017 7:09:10 PM","0000-00","0","no battery","V"
"11/03/2018","09:59:34","9","default","550496092","OXY_CH9","35.549","min","248.029","µmol/L","Humid","18.822","deg","79166","µV","26.092","°C","1019.000","hPa","34.1","pmil","0","53.442","deg","23.711","°C","100.000","%a.s.","21.016","deg","23.307","°C","1019.000","hPa","0.861","-0.02617","0.00035","0","0","13.56","Humid","22.75","0","51.00","250365.43","SABD0000000001","AAV1.0.0.11","1.1.2.0","PSt7-10","170328-022","9/30/2017 7:09:10 PM","0000-00","0","no battery","V"
"11/03/2018","09:59:35","9","default","550496092","OXY_CH9","35.566","min","248.034","µmol/L","Humid","18.823","deg","79167","µV","26.088","°C","1019.000","hPa","34.1","pmil","0","53.442","deg","23.711","°C","100.000","%a.s.","21.016","deg","23.307","°C","1019.000","hPa","0.861","-0.02617","0.00035","0","0","13.56","Humid","22.75","0","51.00","250379.58","SABD0000000001","AAV1.0.0.11","1.1.2.0","PSt7-10","170328-022","9/30/2017 7:09:10 PM","0000-00","0","no battery","V"
"11/03/2018","09:59:36","9","default","550496092","OXY_CH9","35.583","min","248.066","µmol/L","Humid","18.820","deg","79170","µV","26.093","°C","1019.000","hPa","34.1","pmil","0","53.442","deg","23.711","°C","100.000","%a.s.","21.016","deg","23.307","°C","1019.000","hPa","0.861","-0.02617","0.00035","0","0","13.56","Humid","22.75","0","51.00","250381.28","SABD0000000001","AAV1.0.0.11","1.1.2.0","PSt7-10","170328-022","9/30/2017 7:09:10 PM","0000-00","0","no battery","V"
"11/03/2018","09:59:37","9","default","550496092","OXY_CH9","35.599","min","247.966","µmol/L","Humid","18.826","deg","79167","µV","26.087","°C","1019.000","hPa","34.1","pmil","0","53.442","deg","23.711","°C","100.000","%a.s.","21.016","deg","23.307","°C","1019.000","hPa","0.861","-0.02617","0.00035","0","0","13.56","Humid","22.75","0","51.00","250373.11","SABD0000000001","AAV1.0.0.11","1.1.2.0","PSt7-10","170328-022","9/30/2017 7:09:10 PM","0000-00","0","no battery","V"
"11/03/2018","09:59:38","9","default","550496092","OXY_CH9","35.615","min","248.124","µmol/L","Humid","18.818","deg","79165","µV","26.092","°C","1019.000","hPa","34.1","pmil","0","53.442","deg","23.711","°C","100.000","%a.s.","21.016","deg","23.307","°C","1019.000","hPa","0.861","-0.02617","0.00035","0","0","13.56","Humid","22.75","0","51.00","250365.87","SABD0000000001","AAV1.0.0.11","1.1.2.0","PSt7-10","170328-022","9/30/2017 7:09:10 PM","0000-00","0","no battery","V"
"11/03/2018","09:59:39","9","default","550496092","OXY_CH9","35.632","min","248.101","µmol/L","Humid","18.821","deg","79168","µV","26.085","°C","1019.000","hPa","34.1","pmil","0","53.442","deg","23.711","°C","100.000","%a.s.","21.016","deg","23.307","°C","1019.000","hPa","0.861","-0.02617","0.00035","0","0","13.56","Humid","22.75","0","51.00","250364.40","SABD0000000001","AAV1.0.0.11","1.1.2.0","PSt7-10","170328-022","9/30/2017 7:09:10 PM","0000-00","0","no battery","V"
"11/03/2018","09:59:40","9","default","550496092","OXY_CH9","35.649","min","248.151","µmol/L","Humid","18.816","deg","79173","µV","26.095","°C","1019.000","hPa","34.1","pmil","0","53.442","deg","23.711","°C","100.000","%a.s.","21.016","deg","23.307","°C","1019.000","hPa","0.861","-0.02617","0.00035","0","0","13.56","Humid","22.75","0","51.00","250373.00","SABD0000000001","AAV1.0.0.11","1.1.2.0","PSt7-10","170328-022","9/30/2017 7:09:10 PM","0000-00","0","no battery","V"
"11/03/2018","09:59:41","9","default","550496092","OXY_CH9","35.666","min","248.035","µmol/L","Humid","18.822","deg","79167","µV","26.091","°C","1019.000","hPa","34.1","pmil","0","53.442","deg","23.711","°C","100.000","%a.s.","21.016","deg","23.307","°C","1019.000","hPa","0.861","-0.02617","0.00035","0","0","13.56","Humid","22.75","0","51.00","250370.14","SABD0000000001","AAV1.0.0.11","1.1.2.0","PSt7-10","170328-022","9/30/2017 7:09:10 PM","0000-00","0","no battery","V"
"11/03/2018","09:59:42","9","default","550496092","OXY_CH9","35.683","min","248.264","µmol/L","Humid","18.816","deg","79168","µV","26.079","°C","1019.000","hPa","34.1","pmil","0","53.442","deg","23.711","°C","100.000","%a.s.","21.016","deg","23.307","°C","1019.000","hPa","0.861","-0.02617","0.00035","0","0","13.56","Humid","22.75","0","51.00","250368.01","SABD0000000001","AAV1.0.0.11","1.1.2.0","PSt7-10","170328-022","9/30/2017 7:09:10 PM","0000-00","0","no battery","V"
"11/03/2018","09:59:43","9","default","550496092","OXY_CH9","35.699","min","248.184","µmol/L","Humid","18.821","deg","79165","µV","26.074","°C","1019.000","hPa","34.1","pmil","0","53.442","deg","23.711","°C","100.000","%a.s.","21.016","deg","23.307","°C","1019.000","hPa","0.861","-0.02617","0.00035","0","0","13.56","Humid","22.75","0","51.00","250369.04","SABD0000000001","AAV1.0.0.11","1.1.2.0","PSt7-10","170328-022","9/30/2017 7:09:10 PM","0000-00","0","no battery","V"
"11/03/2018","09:59:44","9","default","550496092","OXY_CH9","35.716","min","248.017","µmol/L","Humid","18.825","deg","79164","µV","26.084","°C","1019.000","hPa","34.1","pmil","0","53.442","deg","23.711","°C","100.000","%a.s.","21.016","deg","23.307","°C","1019.000","hPa","0.861","-0.02617","0.00035","0","0","13.56","Humid","22.75","0","51.00","250363.04","SABD0000000001","AAV1.0.0.11","1.1.2.0","PSt7-10","170328-022","9/30/2017 7:09:10 PM","0000-00","0","no battery","V"
"11/03/2018","09:59:45","9","default","550496092","OXY_CH9","35.733","min","248.028","µmol/L","Humid","18.820","deg","79171","µV","26.099","°C","1019.000","hPa","34.1","pmil","0","53.442","deg","23.711","°C","100.000","%a.s.","21.016","deg","23.307","°C","1019.000","hPa","0.861","-0.02617","0.00035","0","0","13.56","Humid","22.75","0","51.00","250382.17","SABD0000000001","AAV1.0.0.11","1.1.2.0","PSt7-10","170328-022","9/30/2017 7:09:10 PM","0000-00","0","no battery","V"
"11/03/2018","09:59:46","9","default","550496092","OXY_CH9","35.749","min","247.954","µmol/L","Humid","18.821","deg","79169","µV","26.105","°C","1019.000","hPa","34.1","pmil","0","53.442","deg","23.711","°C","100.000","%a.s.","21.016","deg","23.307","°C","1019.000","hPa","0.861","-0.02617","0.00035","0","0","13.56","Humid","22.75","0","51.00","250370.87","SABD0000000001","AAV1.0.0.11","1.1.2.0","PSt7-10","170328-022","9/30/2017 7:09:10 PM","0000-00","0","no battery","V"
"11/03/2018","09:59:47","9","default","550496092","OXY_CH9","35.766","min","248.037","µmol/L","Humid","18.821","deg","79168","µV","26.094","°C","1019.000","hPa","34.1","pmil","0","53.442","deg","23.711","°C","100.000","%a.s.","21.016","deg","23.307","°C","1019.000","hPa","0.861","-0.02617","0.00035","0","0","13.56","Humid","22.75","0","51.00","250375.90","SABD0000000001","AAV1.0.0.11","1.1.2.0","PSt7-10","170328-022","9/30/2017 7:09:10 PM","0000-00","0","no battery","V"
"11/03/2018","09:59:48","9","default","550496092","OXY_CH9","35.782","min","247.933","µmol/L","Humid","18.826","deg","79179","µV","26.092","°C","1019.000","hPa","34.1","pmil","0","53.442","deg","23.711","°C","100.000","%a.s.","21.016","deg","23.307","°C","1019.000","hPa","0.861","-0.02617","0.00035","0","0","13.56","Humid","22.75","0","51.00","250368.03","SABD0000000001","AAV1.0.0.11","1.1.2.0","PSt7-10","170328-022","9/30/2017 7:09:10 PM","0000-00","0","no battery","V"
"11/03/2018","09:59:49","9","default","550496092","OXY_CH9","35.799","min","247.961","µmol/L","Humid","18.822","deg","79173","µV","26.101","°C","1019.000","hPa","34.1","pmil","0","53.442","deg","23.711","°C","100.000","%a.s.","21.016","deg","23.307","°C","1019.000","hPa","0.861","-0.02617","0.00035","0","0","13.56","Humid","22.75","0","51.00","250360.98","SABD0000000001","AAV1.0.0.11","1.1.2.0","PSt7-10","170328-022","9/30/2017 7:09:10 PM","0000-00","0","no battery","V"
"11/03/2018","09:59:50","9","default","550496092","OXY_CH9","35.816","min","248.131","µmol/L","Humid","18.819","deg","79169","µV","26.088","°C","1019.000","hPa","34.1","pmil","0","53.442","deg","23.711","°C","100.000","%a.s.","21.016","deg","23.307","°C","1019.000","hPa","0.861","-0.02617","0.00035","0","0","13.56","Humid","22.75","0","51.00","250369.32","SABD0000000001","AAV1.0.0.11","1.1.2.0","PSt7-10","170328-022","9/30/2017 7:09:10 PM","0000-00","0","no battery","V"
"11/03/2018","09:59:51","9","default","550496092","OXY_CH9","35.833","min","247.989","µmol/L","Humid","18.821","deg","79169","µV","26.101","°C","1019.000","hPa","34.1","pmil","0","53.442","deg","23.711","°C","100.000","%a.s.","21.016","deg","23.307","°C","1019.000","hPa","0.861","-0.02617","0.00035","0","0","13.56","Humid","22.75","0","51.00","250380.72","SABD0000000001","AAV1.0.0.11","1.1.2.0","PSt7-10","170328-022","9/30/2017 7:09:10 PM","0000-00","0","no battery","V"
"11/03/2018","09:59:52","9","default","550496092","OXY_CH9","35.849","min","247.982","µmol/L","Humid","18.825","deg","79173","µV","26.089","°C","1019.000","hPa","34.1","pmil","0","53.442","deg","23.711","°C","100.000","%a.s.","21.016","deg","23.307","°C","1019.000","hPa","0.861","-0.02617","0.00035","0","0","13.56","Humid","22.75","0","51.00","250374.67","SABD0000000001","AAV1.0.0.11","1.1.2.0","PSt7-10","170328-022","9/30/2017 7:09:10 PM","0000-00","0","no battery","V"
"11/03/2018","09:59:53","9","default","550496092","OXY_CH9","35.866","min","248.171","µmol/L","Humid","18.820","deg","79180","µV","26.079","°C","1019.000","hPa","34.1","pmil","0","53.442","deg","23.711","°C","100.000","%a.s.","21.016","deg","23.307","°C","1019.000","hPa","0.861","-0.02617","0.00035","0","0","13.56","Humid","22.75","0","51.00","250363.51","SABD0000000001","AAV1.0.0.11","1.1.2.0","PSt7-10","170328-022","9/30/2017 7:09:10 PM","0000-00","0","no battery","V"
"11/03/2018","09:59:54","9","default","550496092","OXY_CH9","35.882","min","248.022","µmol/L","Humid","18.825","deg","79174","µV","26.083","°C","1019.000","hPa","34.1","pmil","0","53.442","deg","23.711","°C","100.000","%a.s.","21.016","deg","23.307","°C","1019.000","hPa","0.861","-0.02617","0.00035","0","0","13.56","Humid","22.75","0","51.00","250372.84","SABD0000000001","AAV1.0.0.11","1.1.2.0","PSt7-10","170328-022","9/30/2017 7:09:10 PM","0000-00","0","no battery","V"
"11/03/2018","09:59:55","9","default","550496092","OXY_CH9","35.899","min","247.921","µmol/L","Humid","18.823","deg","79168","µV","26.103","°C","1019.000","hPa","34.1","pmil","0","53.442","deg","23.711","°C","100.000","%a.s.","21.016","deg","23.307","°C","1019.000","hPa","0.861","-0.02617","0.00035","0","0","13.56","Humid","22.75","0","51.00","250361.14","SABD0000000001","AAV1.0.0.11","1.1.2.0","PSt7-10","170328-022","9/30/2017 7:09:10 PM","0000-00","0","no battery","V"
"11/03/2018","09:59:56","9","default","550496092","OXY_CH9","35.916","min","247.905","µmol/L","Humid","18.824","deg","79175","µV","26.102","°C","1019.000","hPa","34.1","pmil","0","53.442","deg","23.711","°C","100.000","%a.s.","21.016","deg","23.307","°C","1019.000","hPa","0.861","-0.02617","0.00035","0","0","13.56","Humid","22.75","0","51.00","250365.62","SABD0000000001","AAV1.0.0.11","1.1.2.0","PSt7-10","170328-022","9/30/2017 7:09:10 PM","0000-00","0","no battery","V"
"11/03/2018","09:59:57","9","default","550496092","OXY_CH9","35.932","min","248.059","µmol/L","Humid","18.820","deg","79168","µV","26.094","°C","1019.000","hPa","34.1","pmil","0","53.442","deg","23.711","°C","100.000","%a.s.","21.016","deg","23.307","°C","1019.000","hPa","0.861","-0.02617","0.00035","0","0","13.56","Humid","22.75","0","51.00","250366.79","SABD0000000001","AAV1.0.0.11","1.1.2.0","PSt7-10","170328-022","9/30/2017 7:09:10 PM","0000-00","0","no battery","V"
"11/03/2018","09:59:58","9","default","550496092","OXY_CH9","35.949","min","248.026","µmol/L","Humid","18.824","deg","79175","µV","26.086","°C","1019.000","hPa","34.1","pmil","0","53.442","deg","23.711","°C","100.000","%a.s.","21.016","deg","23.307","°C","1019.000","hPa","0.861","-0.02617","0.00035","0","0","13.56","Humid","22.75","0","51.00","250364.62","SABD0000000001","AAV1.0.0.11","1.1.2.0","PSt7-10","170328-022","9/30/2017 7:09:10 PM","0000-00","0","no battery","V"
"11/03/2018","09:59:59","9","default","550496092","OXY_CH9","35.966","min","248.030","µmol/L","Humid","18.823","deg","79181","µV","26.088","°C","1019.000","hPa","34.1","pmil","0","53.442","deg","23.711","°C","100.000","%a.s.","21.016","deg","23.307","°C","1019.000","hPa","0.861","-0.02617","0.00035","0","0","13.56","Humid","22.75","0","51.00","250356.04","SABD0000000001","AAV1.0.0.11","1.1.2.0","PSt7-10","170328-022","9/30/2017 7:09:10 PM","0000-00","0","no battery","V"
"11/03/2018","10:00:00","9","default","550496092","OXY_CH9","35.983","min","247.963","µmol/L","Humid","18.820","deg","79165","µV","26.107","°C","1019.000","hPa","34.1","pmil","0","53.442","deg","23.711","°C","100.000","%a.s.","21.016","deg","23.307","°C","1019.000","hPa","0.861","-0.02617","0.00035","0","0","13.56","Humid","22.75","0","51.00","250359.95","SABD0000000001","AAV1.0.0.11","1.1.2.0","PSt7-10","170328-022","9/30/2017 7:09:10 PM","0000-00","0","no battery","V"
"11/03/2018","10:00:01","9","default","550496092","OXY_CH9","35.999","min","248.041","µmol/L","Humid","18.825","deg","79166","µV","26.081","°C","1019.000","hPa","34.1","pmil","0","53.442","deg","23.711","°C","100.000","%a.s.","21.016","deg","23.307","°C","1019.000","hPa","0.861","-0.02617","0.00035","0","0","13.56","Humid","22.75","0","51.00","250358.51","SABD0000000001","AAV1.0.0.11","1.1.2.0","PSt7-10","170328-022","9/30/2017 7:09:10 PM","0000-00","0","no battery","V"
"11/03/2018","10:00:02","9","default","550496092","OXY_CH9","36.016","min","248.085","µmol/L","Humid","18.821","deg","79172","µV","26.087","°C","1019.000","hPa","34.1","pmil","0","53.442","deg","23.711","°C","100.000","%a.s.","21.016","deg","23.307","°C","1019.000","hPa","0.861","-0.02617","0.00035","0","0","13.56","Humid","22.75","0","51.00","250357.16","SABD0000000001","AAV1.0.0.11","1.1.2.0","PSt7-10","170328-022","9/30/2017 7:09:10 PM","0000-00","0","no battery","V"
"11/03/2018","10:00:03","9","default","550496092","OXY_CH9","36.033","min","248.071","µmol/L","Humid","18.824","deg","79171","µV","26.080","°C","1019.000","hPa","34.1","pmil","0","53.442","deg","23.711","°C","100.000","%a.s.","21.016","deg","23.307","°C","1019.000","hPa","0.861","-0.02617","0.00035","0","0","13.56","Humid","22.75","0","51.00","250365.32","SABD0000000001","AAV1.0.0.11","1.1.2.0","PSt7-10","170328-022","9/30/2017 7:09:10 PM","0000-00","0","no battery","V"
"11/03/2018","10:00:04","9","default","550496092","OXY_CH9","36.049","min","247.963","µmol/L","Humid","18.822","deg","79172","µV","26.101","°C","1019.000","hPa","34.1","pmil","0","53.442","deg","23.711","°C","100.000","%a.s.","21.016","deg","23.307","°C","1019.000","hPa","0.861","-0.02617","0.00035","0","0","13.56","Humid","22.75","0","51.00","250357.70","SABD0000000001","AAV1.0.0.11","1.1.2.0","PSt7-10","170328-022","9/30/2017 7:09:10 PM","0000-00","0","no battery","V"
"11/03/2018","10:00:05","9","default","550496092","OXY_CH9","36.065","min","248.098","µmol/L","Humid","18.819","deg","79173","µV","26.092","°C","1019.000","hPa","34.1","pmil","0","53.442","deg","23.711","°C","100.000","%a.s.","21.016","deg","23.307","°C","1019.000","hPa","0.861","-0.02617","0.00035","0","0","13.56","Humid","22.75","0","51.00","250360.55","SABD0000000001","AAV1.0.0.11","1.1.2.0","PSt7-10","170328-022","9/30/2017 7:09:10 PM","0000-00","0","no battery","V"
"11/03/2018","10:00:06","9","default","550496092","OXY_CH9","36.082","min","247.862","µmol/L","Humid","18.826","deg","79178","µV","26.102","°C","1019.000","hPa","34.1","pmil","0","53.442","deg","23.711","°C","100.000","%a.s.","21.016","deg","23.307","°C","1019.000","hPa","0.861","-0.02617","0.00035","0","0","13.56","Humid","22.75","0","51.00","250345.09","SABD0000000001","AAV1.0.0.11","1.1.2.0","PSt7-10","170328-022","9/30/2017 7:09:10 PM","0000-00","0","no battery","V"
"11/03/2018","10:00:07","9","default","550496092","OXY_CH9","36.099","min","247.949","µmol/L","Humid","18.826","deg","79168","µV","26.090","°C","1019.000","hPa","34.1","pmil","0","53.442","deg","23.711","°C","100.000","%a.s.","21.016","deg","23.307","°C","1019.000","hPa","0.861","-0.02617","0.00035","0","0","13.56","Humid","22.75","0","51.00","250350.69","SABD0000000001","AAV1.0.0.11","1.1.2.0","PSt7-10","170328-022","9/30/2017 7:09:10 PM","0000-00","0","no battery","V"
"11/03/2018","10:00:08","9","default","550496092","OXY_CH9","36.116","min","247.963","µmol/L","Humid","18.824","deg","79170","µV","26.094","°C","1019.000","hPa","34.1","pmil","0","53.442","deg","23.711","°C","100.000","%a.s.","21.016","deg","23.307","°C","1019.000","hPa","0.861","-0.02617","0.00035","0","0","13.56","Humid","22.75","0","51.00","250354.00","SABD0000000001","AAV1.0.0.11","1.1.2.0","PSt7-10","170328-022","9/30/2017 7:09:10 PM","0000-00","0","no battery","V"
"11/03/2018","10:00:09","9","default","550496092","OXY_CH9","36.133","min","247.926","µmol/L","Humid","18.823","deg","79179","µV","26.103","°C","1019.000","hPa","34.1","pmil","0","53.442","deg","23.711","°C","100.000","%a.s.","21.016","deg","23.307","°C","1019.000","hPa","0.861","-0.02617","0.00035","0","0","13.56","Humid","22.75","0","51.00","250344.00","SABD0000000001","AAV1.0.0.11","1.1.2.0","PSt7-10","170328-022","9/30/2017 7:09:10 PM","0000-00","0","no battery","V"
"11/03/2018","10:00:10","9","default","550496092","OXY_CH9","36.149","min","247.935","µmol/L","Humid","18.824","deg","79171","µV","26.098","°C","1019.000","hPa","34.1","pmil","0","53.442","deg","23.711","°C","100.000","%a.s.","21.016","deg","23.307","°C","1019.000","hPa","0.861","-0.02617","0.00035","0","0","13.56","Humid","22.75","0","51.00","250350.40","SABD0000000001","AAV1.0.0.11","1.1.2.0","PSt7-10","170328-022","9/30/2017 7:09:10 PM","0000-00","0","no battery","V"
"11/03/2018","10:00:11","9","default","550496092","OXY_CH9","36.166","min","248.102","µmol/L","Humid","18.818","deg","79178","µV","26.095","°C","1019.000","hPa","34.1","pmil","0","53.442","deg","23.711","°C","100.000","%a.s.","21.016","deg","23.307","°C","1019.000","hPa","0.861","-0.02617","0.00035","0","0","13.56","Humid","22.75","0","51.00","250356.20","SABD0000000001","AAV1.0.0.11","1.1.2.0","PSt7-10","170328-022","9/30/2017 7:09:10 PM","0000-00","0","no battery","V"
"11/03/2018","10:00:12","9","default","550496092","OXY_CH9","36.183","min","247.711","µmol/L","Humid","18.831","deg","79174","µV","26.106","°C","1019.000","hPa","34.1","pmil","0","53.442","deg","23.711","°C","100.000","%a.s.","21.016","deg","23.307","°C","1019.000","hPa","0.861","-0.02617","0.00035","0","0","13.56","Humid","22.75","0","51.00","250358.23","SABD0000000001","AAV1.0.0.11","1.1.2.0","PSt7-10","170328-022","9/30/2017 7:09:10 PM","0000-00","0","no battery","V"
"11/03/2018","10:00:13","9","default","550496092","OXY_CH9","36.199","min","248.047","µmol/L","Humid","18.822","deg","79170","µV","26.089","°C","1019.000","hPa","34.1","pmil","0","53.442","deg","23.711","°C","100.000","%a.s.","21.016","deg","23.307","°C","1019.000","hPa","0.861","-0.02617","0.00035","0","0","13.56","Humid","22.75","0","51.00","250351.14","SABD0000000001","AAV1.0.0.11","1.1.2.0","PSt7-10","170328-022","9/30/2017 7:09:10 PM","0000-00","0","no battery","V"
"11/03/2018","10:00:14","9","default","550496092","OXY_CH9","36.215","min","247.947","µmol/L","Humid","18.826","deg","79172","µV","26.090","°C","1019.000","hPa","34.1","pmil","0","53.442","deg","23.711","°C","100.000","%a.s.","21.016","deg","23.307","°C","1019.000","hPa","0.861","-0.02617","0.00035","0","0","13.56","Humid","22.75","0","51.00","250346.42","SABD0000000001","AAV1.0.0.11","1.1.2.0","PSt7-10","170328-022","9/30/2017 7:09:10 PM","0000-00","0","no battery","V"
"11/03/2018","10:00:15","9","default","550496092","OXY_CH9","36.232","min","247.983","µmol/L","Humid","18.822","deg","79172","µV","26.098","°C","1019.000","hPa","34.1","pmil","0","53.442","deg","23.711","°C","100.000","%a.s.","21.016","deg","23.307","°C","1019.000","hPa","0.861","-0.02617","0.00035","0","0","13.56","Humid","22.75","0","51.00","250342.54","SABD0000000001","AAV1.0.0.11","1.1.2.0","PSt7-10","170328-022","9/30/2017 7:09:10 PM","0000-00","0","no battery","V"
"11/03/2018","10:00:16","9","default","550496092","OXY_CH9","36.249","min","247.977","µmol/L","Humid","18.824","deg","79173","µV","26.092","°C","1019.000","hPa","34.1","pmil","0","53.442","deg","23.711","°C","100.000","%a.s.","21.016","deg","23.307","°C","1019.000","hPa","0.861","-0.02617","0.00035","0","0","13.56","Humid","22.75","0","51.00","250348.53","SABD0000000001","AAV1.0.0.11","1.1.2.0","PSt7-10","170328-022","9/30/2017 7:09:10 PM","0000-00","0","no battery","V"
"11/03/2018","10:00:17","9","default","550496092","OXY_CH9","36.266","min","247.968","µmol/L","Humid","18.824","deg","79185","µV","26.094","°C","1019.000","hPa","34.1","pmil","0","53.442","deg","23.711","°C","100.000","%a.s.","21.016","deg","23.307","°C","1019.000","hPa","0.861","-0.02617","0.00035","0","0","13.56","Humid","22.75","0","51.00","250347.40","SABD0000000001","AAV1.0.0.11","1.1.2.0","PSt7-10","170328-022","9/30/2017 7:09:10 PM","0000-00","0","no battery","V"
"11/03/2018","10:00:18","9","default","550496092","OXY_CH9","36.283","min","248.230","µmol/L","Humid","18.820","deg","79174","µV","26.071","°C","1019.000","hPa","34.1","pmil","0","53.442","deg","23.711","°C","100.000","%a.s.","21.016","deg","23.307","°C","1019.000","hPa","0.861","-0.02617","0.00035","0","0","13.56","Humid","22.75","0","51.00","250358.63","SABD0000000001","AAV1.0.0.11","1.1.2.0","PSt7-10","170328-022","9/30/2017 7:09:10 PM","0000-00","0","no battery","V"
"11/03/2018","10:00:19","9","default","550496092","OXY_CH9","36.300","min","248.052","µmol/L","Humid","18.826","deg","79180","µV","26.076","°C","1019.000","hPa","34.1","pmil","0","53.442","deg","23.711","°C","100.000","%a.s.","21.016","deg","23.307","°C","1019.000","hPa","0.861","-0.02617","0.00035","0","0","13.56","Humid","22.75","0","51.00","250341.80","SABD0000000001","AAV1.0.0.11","1.1.2.0","PSt7-10","170328-022","9/30/2017 7:09:10 PM","0000-00","0","no battery","V"
"11/03/2018","10:00:20","9","default","550496092","OXY_CH9","36.316","min","247.956","µmol/L","Humid","18.826","deg","79173","µV","26.089","°C","1019.000","hPa","34.1","pmil","0","53.442","deg","23.711","°C","100.000","%a.s.","21.016","deg","23.307","°C","1019.000","hPa","0.861","-0.02617","0.00035","0","0","13.56","Humid","22.75","0","51.00","250339.46","SABD0000000001","AAV1.0.0.11","1.1.2.0","PSt7-10","170328-022","9/30/2017 7:09:10 PM","0000-00","0","no battery","V"
"11/03/2018","10:00:21","9","default","550496092","OXY_CH9","36.332","min","247.979","µmol/L","Humid","18.826","deg","79180","µV","26.086","°C","1019.000","hPa","34.1","pmil","0","53.442","deg","23.711","°C","100.000","%a.s.","21.016","deg","23.307","°C","1019.000","hPa","0.861","-0.02617","0.00035","0","0","13.56","Humid","22.75","0","51.00","250342.18","SABD0000000001","AAV1.0.0.11","1.1.2.0","PSt7-10","170328-022","9/30/2017 7:09:10 PM","0000-00","0","no battery","V"
"11/03/2018","10:00:22","9","default","550496092","OXY_CH9","36.349","min","247.974","µmol/L","Humid","18.828","deg","79182","µV","26.080","°C","1019.000","hPa","34.1","pmil","0","53.442","deg","23.711","°C","100.000","%a.s.","21.016","deg","23.307","°C","1019.000","hPa","0.861","-0.02617","0.00035","0","0","13.56","Humid","22.75","0","51.00","250347.62","SABD0000000001","AAV1.0.0.11","1.1.2.0","PSt7-10","170328-022","9/30/2017 7:09:10 PM","0000-00","0","no battery","V"
"11/03/2018","10:00:23","9","default","550496092","OXY_CH9","36.366","min","248.038","µmol/L","Humid","18.825","deg","79164","µV","26.081","°C","1019.000","hPa","34.1","pmil","0","53.442","deg","23.711","°C","100.000","%a.s.","21.016","deg","23.307","°C","1019.000","hPa","0.861","-0.02617","0.00035","0","0","13.56","Humid","22.75","0","51.00","250338.30","SABD0000000001","AAV1.0.0.11","1.1.2.0","PSt7-10","170328-022","9/30/2017 7:09:10 PM","0000-00","0","no battery","V"
"11/03/2018","10:00:24","9","default","550496092","OXY_CH9","36.382","min","247.876","µmol/L","Humid","18.826","deg","79174","µV","26.100","°C","1019.000","hPa","34.1","pmil","0","53.442","deg","23.711","°C","100.000","%a.s.","21.016","deg","23.307","°C","1019.000","hPa","0.861","-0.02617","0.00035","0","0","13.56","Humid","22.75","0","51.00","250341.72","SABD0000000001","AAV1.0.0.11","1.1.2.0","PSt7-10","170328-022","9/30/2017 7:09:10 PM","0000-00","0","no battery","V"
"11/03/2018","10:00:25","9","default","550496092","OXY_CH9","36.399","min","247.865","µmol/L","Humid","18.830","deg","79172","µV","26.088","°C","1019.000","hPa","34.1","pmil","0","53.442","deg","23.711","°C","100.000","%a.s.","21.016","deg","23.307","°C","1019.000","hPa","0.861","-0.02617","0.00035","0","0","13.56","Humid","22.75","0","51.00","250343.89","SABD0000000001","AAV1.0.0.11","1.1.2.0","PSt7-10","170328-022","9/30/2017 7:09:10 PM","0000-00","0","no battery","V"
"11/03/2018","10:00:26","9","default","550496092","OXY_CH9","36.416","min","247.989","µmol/L","Humid","18.826","deg","79173","µV","26.084","°C","1019.000","hPa","34.1","pmil","0","53.442","deg","23.711","°C","100.000","%a.s.","21.016","deg","23.307","°C","1019.000","hPa","0.861","-0.02617","0.00035","0","0","13.56","Humid","22.75","0","51.00","250335.75","SABD0000000001","AAV1.0.0.11","1.1.2.0","PSt7-10","170328-022","9/30/2017 7:09:10 PM","0000-00","0","no battery","V"
"11/03/2018","10:00:27","9","default","550496092","OXY_CH9","36.432","min","247.945","µmol/L","Humid","18.826","deg","79171","µV","26.090","°C","1019.000","hPa","34.1","pmil","0","53.442","deg","23.711","°C","100.000","%a.s.","21.016","deg","23.307","°C","1019.000","hPa","0.861","-0.02617","0.00035","0","0","13.56","Humid","22.75","0","51.00","250340.88","SABD0000000001","AAV1.0.0.11","1.1.2.0","PSt7-10","170328-022","9/30/2017 7:09:10 PM","0000-00","0","no battery","V"
"11/03/2018","10:00:28","9","default","550496092","OXY_CH9","36.449","min","247.920","µmol/L","Humid","18.824","deg","79175","µV","26.100","°C","1019.000","hPa","34.1","pmil","0","53.442","deg","23.711","°C","100.000","%a.s.","21.016","deg","23.307","°C","1019.000","hPa","0.861","-0.02617","0.00035","0","0","13.56","Humid","22.75","0","51.00","250344.69","SABD0000000001","AAV1.0.0.11","1.1.2.0","PSt7-10","170328-022","9/30/2017 7:09:10 PM","0000-00","0","no battery","V"
"11/03/2018","10:00:29","9","default","550496092","OXY_CH9","36.466","min","248.050","µmol/L","Humid","18.822","deg","79180","µV","26.089","°C","1019.000","hPa","34.1","pmil","0","53.442","deg","23.711","°C","100.000","%a.s.","21.016","deg","23.307","°C","1019.000","hPa","0.861","-0.02617","0.00035","0","0","13.56","Humid","22.75","0","51.00","250331.92","SABD0000000001","AAV1.0.0.11","1.1.2.0","PSt7-10","170328-022","9/30/2017 7:09:10 PM","0000-00","0","no battery","V"
"11/03/2018","10:00:30","9","default","550496092","OXY_CH9","36.483","min","247.824","µmol/L","Humid","18.829","deg","79176","µV","26.097","°C","1019.000","hPa","34.1","pmil","0","53.442","deg","23.711","°C","100.000","%a.s.","21.016","deg","23.307","°C","1019.000","hPa","0.861","-0.02617","0.00035","0","0","13.56","Humid","22.75","0","51.00","250332.70","SABD0000000001","AAV1.0.0.11","1.1.2.0","PSt7-10","170328-022","9/30/2017 7:09:10 PM","0000-00","0","no battery","V"
"11/03/2018","10:00:31","9","default","550496092","OXY_CH9","36.499","min","248.081","µmol/L","Humid","18.824","deg","79171","µV","26.078","°C","1019.000","hPa","34.1","pmil","0","53.442","deg","23.711","°C","100.000","%a.s.","21.016","deg","23.307","°C","1019.000","hPa","0.861","-0.02617","0.00035","0","0","13.56","Humid","22.75","0","51.00","250335.49","SABD0000000001","AAV1.0.0.11","1.1.2.0","PSt7-10","170328-022","9/30/2017 7:09:10 PM","0000-00","0","no battery","V"
"11/03/2018","10:00:32","9","default","550496092","OXY_CH9","36.515","min","248.019","µmol/L","Humid","18.824","deg","79174","µV","26.087","°C","1019.000","hPa","34.1","pmil","0","53.442","deg","23.711","°C","100.000","%a.s.","21.016","deg","23.307","°C","1019.000","hPa","0.861","-0.02617","0.00035","0","0","13.56","Humid","22.75","0","51.00","250338.08","SABD0000000001","AAV1.0.0.11","1.1.2.0","PSt7-10","170328-022","9/30/2017 7:09:10 PM","0000-00","0","no battery","V"
"11/03/2018","10:00:33","9","default","550496092","OXY_CH9","36.532","min","247.893","µmol/L","Humid","18.828","deg","79165","µV","26.091","°C","1019.000","hPa","34.1","pmil","0","53.442","deg","23.711","°C","100.000","%a.s.","21.016","deg","23.307","°C","1019.000","hPa","0.861","-0.02617","0.00035","0","0","13.56","Humid","22.75","0","51.00","250337.66","SABD0000000001","AAV1.0.0.11","1.1.2.0","PSt7-10","170328-022","9/30/2017 7:09:10 PM","0000-00","0","no battery","V"
"11/03/2018","10:00:34","9","default","550496092","OXY_CH9","36.549","min","247.971","µmol/L","Humid","18.826","deg","79180","µV","26.087","°C","1019.000","hPa","34.1","pmil","0","53.442","deg","23.711","°C","100.000","%a.s.","21.016","deg","23.307","°C","1019.000","hPa","0.861","-0.02617","0.00035","0","0","13.56","Humid","22.75","0","51.00","250339.31","SABD0000000001","AAV1.0.0.11","1.1.2.0","PSt7-10","170328-022","9/30/2017 7:09:10 PM","0000-00","0","no battery","V"
"11/03/2018","10:00:35","9","default","550496092","OXY_CH9","36.566","min","248.087","µmol/L","Humid","18.823","deg","79166","µV","26.081","°C","1019.000","hPa","34.1","pmil","0","53.442","deg","23.711","°C","100.000","%a.s.","21.016","deg","23.307","°C","1019.000","hPa","0.861","-0.02617","0.00035","0","0","13.56","Humid","22.75","0","51.00","250333.98","SABD0000000001","AAV1.0.0.11","1.1.2.0","PSt7-10","170328-022","9/30/2017 7:09:10 PM","0000-00","0","no battery","V"
"11/03/2018","10:00:36","9","default","550496092","OXY_CH9","36.583","min","247.949","µmol/L","Humid","18.827","deg","79173","µV","26.086","°C","1019.000","hPa","34.1","pmil","0","53.442","deg","23.711","°C","100.000","%a.s.","21.016","deg","23.307","°C","1019.000","hPa","0.861","-0.02617","0.00035","0","0","13.56","Humid","22.75","0","51.00","250324.27","SABD0000000001","AAV1.0.0.11","1.1.2.0","PSt7-10","170328-022","9/30/2017 7:09:10 PM","0000-00","0","no battery","V"
"11/03/2018","10:00:37","9","default","550496092","OXY_CH9","36.599","min","247.841","µmol/L","Humid","18.833","deg","79166","µV","26.082","°C","1019.000","hPa","34.1","pmil","0","53.442","deg","23.711","°C","100.000","%a.s.","21.016","deg","23.307","°C","1019.000","hPa","0.861","-0.02617","0.00035","0","0","13.56","Humid","22.75","0","51.00","250326.68","SABD0000000001","AAV1.0.0.11","1.1.2.0","PSt7-10","170328-022","9/30/2017 7:09:10 PM","0000-00","0","no battery","V"
"11/03/2018","10:00:38","9","default","550496092","OXY_CH9","36.616","min","247.976","µmol/L","Humid","18.827","deg","79172","µV","26.083","°C","1019.000","hPa","34.1","pmil","0","53.442","deg","23.711","°C","100.000","%a.s.","21.016","deg","23.307","°C","1019.000","hPa","0.861","-0.02617","0.00035","0","0","13.56","Humid","22.75","0","51.00","250321.27","SABD0000000001","AAV1.0.0.11","1.1.2.0","PSt7-10","170328-022","9/30/2017 7:09:10 PM","0000-00","0","no battery","V"
"11/03/2018","10:00:39","9","default","550496092","OXY_CH9","36.632","min","247.953","µmol/L","Humid","18.826","deg","79172","µV","26.089","°C","1019.000","hPa","34.1","pmil","0","53.442","deg","23.711","°C","100.000","%a.s.","21.016","deg","23.307","°C","1019.000","hPa","0.861","-0.02617","0.00035","0","0","13.56","Humid","22.75","0","51.00","250324.90","SABD0000000001","AAV1.0.0.11","1.1.2.0","PSt7-10","170328-022","9/30/2017 7:09:10 PM","0000-00","0","no battery","V"
"11/03/2018","10:00:40","9","default","550496092","OXY_CH9","36.649","min","248.092","µmol/L","Humid","18.824","deg","79171","µV","26.077","°C","1019.000","hPa","34.1","pmil","0","53.442","deg","23.711","°C","100.000","%a.s.","21.016","deg","23.307","°C","1019.000","hPa","0.861","-0.02617","0.00035","0","0","13.56","Humid","22.75","0","51.00","250334.21","SABD0000000001","AAV1.0.0.11","1.1.2.0","PSt7-10","170328-022","9/30/2017 7:09:10 PM","0000-00","0","no battery","V"
"11/03/2018","10:00:41","9","default","550496092","OXY_CH9","36.666","min","247.849","µmol/L","Humid","18.831","deg","79173","µV","26.087","°C","1019.000","hPa","34.1","pmil","0","53.442","deg","23.711","°C","100.000","%a.s.","21.016","deg","23.307","°C","1019.000","hPa","0.861","-0.02617","0.00035","0","0","13.56","Humid","22.75","0","51.00","250332.12","SABD0000000001","AAV1.0.0.11","1.1.2.0","PSt7-10","170328-022","9/30/2017 7:09:10 PM","0000-00","0","no battery","V"
"11/03/2018","10:00:42","9","default","550496092","OXY_CH9","36.682","min","247.872","µmol/L","Humid","18.828","deg","79178","µV","26.094","°C","1019.000","hPa","34.1","pmil","0","53.442","deg","23.711","°C","100.000","%a.s.","21.016","deg","23.307","°C","1019.000","hPa","0.861","-0.02617","0.00035","0","0","13.56","Humid","22.75","0","51.00","250328.18","SABD0000000001","AAV1.0.0.11","1.1.2.0","PSt7-10","170328-022","9/30/2017 7:09:10 PM","0000-00","0","no battery","V"
"11/03/2018","10:00:43","9","default","550496092","OXY_CH9","36.699","min","247.923","µmol/L","Humid","18.825","deg","79180","µV","26.097","°C","1019.000","hPa","34.1","pmil","0","53.442","deg","23.711","°C","100.000","%a.s.","21.016","deg","23.307","°C","1019.000","hPa","0.861","-0.02617","0.00035","0","0","13.56","Humid","22.75","0","51.00","250326.45","SABD0000000001","AAV1.0.0.11","1.1.2.0","PSt7-10","170328-022","9/30/2017 7:09:10 PM","0000-00","0","no battery","V"
"11/03/2018","10:00:44","9","default","550496092","OXY_CH9","36.716","min","247.845","µmol/L","Humid","18.827","deg","79177","µV","26.101","°C","1019.000","hPa","34.1","pmil","0","53.442","deg","23.711","°C","100.000","%a.s.","21.016","deg","23.307","°C","1019.000","hPa","0.861","-0.02617","0.00035","0","0","13.56","Humid","22.75","0","51.00","250328.09","SABD0000000001","AAV1.0.0.11","1.1.2.0","PSt7-10","170328-022","9/30/2017 7:09:10 PM","0000-00","0","no battery","V"
"11/03/2018","10:00:45","9","default","550496092","OXY_CH9","36.733","min","247.888","µmol/L","Humid","18.828","deg","79170","µV","26.092","°C","1019.000","hPa","34.1","pmil","0","53.442","deg","23.711","°C","100.000","%a.s.","21.016","deg","23.307","°C","1019.000","hPa","0.861","-0.02617","0.00035","0","0","13.56","Humid","22.75","0","51.00","250326.18","SABD0000000001","AAV1.0.0.11","1.1.2.0","PSt7-10","170328-022","9/30/2017 7:09:10 PM","0000-00","0","no battery","V"
"11/03/2018","10:00:46","9","default","550496092","OXY_CH9","36.749","min","247.827","µmol/L","Humid","18.832","deg","79172","µV","26.087","°C","1019.000","hPa","34.1","pmil","0","53.442","deg","23.711","°C","100.000","%a.s.","21.016","deg","23.307","°C","1019.000","hPa","0.861","-0.02617","0.00035","0","0","13.56","Humid","22.75","0","51.00","250326.04","SABD0000000001","AAV1.0.0.11","1.1.2.0","PSt7-10","170328-022","9/30/2017 7:09:10 PM","0000-00","0","no battery","V"
"11/03/2018","10:00:47","9","default","550496092","OXY_CH9","36.766","min","247.904","µmol/L","Humid","18.825","deg","79171","µV","26.099","°C","1019.000","hPa","34.1","pmil","0","53.442","deg","23.711","°C","100.000","%a.s.","21.016","deg","23.307","°C","1019.000","hPa","0.861","-0.02617","0.00035","0","0","13.56","Humid","22.75","0","51.00","250321.72","SABD0000000001","AAV1.0.0.11","1.1.2.0","PSt7-10","170328-022","9/30/2017 7:09:10 PM","0000-00","0","no battery","V"
"11/03/2018","10:00:48","9","default","550496092","OXY_CH9","36.783","min","247.885","µmol/L","Humid","18.825","deg","79177","µV","26.102","°C","1019.000","hPa","34.1","pmil","0","53.442","deg","23.711","°C","100.000","%a.s.","21.016","deg","23.307","°C","1019.000","hPa","0.861","-0.02617","0.00035","0","0","13.56","Humid","22.75","0","51.00","250329.99","SABD0000000001","AAV1.0.0.11","1.1.2.0","PSt7-10","170328-022","9/30/2017 7:09:10 PM","0000-00","0","no battery","V"
"11/03/2018","10:00:49","9","default","550496092","OXY_CH9","36.799","min","247.904","µmol/L","Humid","18.824","deg","79182","µV","26.102","°C","1019.000","hPa","34.1","pmil","0","53.442","deg","23.711","°C","100.000","%a.s.","21.016","deg","23.307","°C","1019.000","hPa","0.861","-0.02617","0.00035","0","0","13.56","Humid","22.75","0","51.00","250310.49","SABD0000000001","AAV1.0.0.11","1.1.2.0","PSt7-10","170328-022","9/30/2017 7:09:10 PM","0000-00","0","no battery","V"
"11/03/2018","10:00:50","9","default","550496092","OXY_CH9","36.815","min","248.130","µmol/L","Humid","18.820","deg","79172","µV","26.085","°C","1019.000","hPa","34.1","pmil","0","53.442","deg","23.711","°C","100.000","%a.s.","21.016","deg","23.307","°C","1019.000","hPa","0.861","-0.02617","0.00035","0","0","13.56","Humid","22.75","0","51.00","250327.90","SABD0000000001","AAV1.0.0.11","1.1.2.0","PSt7-10","170328-022","9/30/2017 7:09:10 PM","0000-00","0","no battery","V"
"11/03/2018","10:00:51","9","default","550496092","OXY_CH9","36.832","min","247.882","µmol/L","Humid","18.832","deg","79176","µV","26.080","°C","1019.000","hPa","34.1","pmil","0","53.442","deg","23.711","°C","100.000","%a.s.","21.016","deg","23.307","°C","1019.000","hPa","0.861","-0.02617","0.00035","0","0","13.56","Humid","22.75","0","51.00","250318.10","SABD0000000001","AAV1.0.0.11","1.1.2.0","PSt7-10","170328-022","9/30/2017 7:09:10 PM","0000-00","0","no battery","V"
"11/03/2018","10:00:52","9","default","550496092","OXY_CH9","36.849","min","247.863","µmol/L","Humid","18.829","deg","79181","µV","26.092","°C","1019.000","hPa","34.1","pmil","0","53.442","deg","23.711","°C","100.000","%a.s.","21.016","deg","23.307","°C","1019.000","hPa","0.861","-0.02617","0.00035","0","0","13.56","Humid","22.75","0","51.00","250317.09","SABD0000000001","AAV1.0.0.11","1.1.2.0","PSt7-10","170328-022","9/30/2017 7:09:10 PM","0000-00","0","no battery","V"
"11/03/2018","10:00:53","9","default","550496092","OXY_CH9","36.866","min","247.721","µmol/L","Humid","18.832","deg","79173","µV","26.101","°C","1019.000","hPa","34.1","pmil","0","53.442","deg","23.711","°C","100.000","%a.s.","21.016","deg","23.307","°C","1019.000","hPa","0.861","-0.02617","0.00035","0","0","13.56","Humid","22.75","0","51.00","250317.84","SABD0000000001","AAV1.0.0.11","1.1.2.0","PSt7-10","170328-022","9/30/2017 7:09:10 PM","0000-00","0","no battery","V"
"11/03/2018","10:00:54","9","default","550496092","OXY_CH9","36.883","min","247.880","µmol/L","Humid","18.829","deg","79181","µV","26.089","°C","1019.000","hPa","34.1","pmil","0","53.442","deg","23.711","°C","100.000","%a.s.","21.016","deg","23.307","°C","1019.000","hPa","0.861","-0.02617","0.00035","0","0","13.56","Humid","22.75","0","51.00","250320.28","SABD0000000001","AAV1.0.0.11","1.1.2.0","PSt7-10","170328-022","9/30/2017 7:09:10 PM","0000-00","0","no battery","V"
"11/03/2018","10:00:55","9","default","550496092","OXY_CH9","36.899","min","247.854","µmol/L","Humid","18.830","deg","79173","µV","26.090","°C","1019.000","hPa","34.1","pmil","0","53.442","deg","23.711","°C","100.000","%a.s.","21.016","deg","23.307","°C","1019.000","hPa","0.861","-0.02617","0.00035","0","0","13.56","Humid","22.75","0","51.00","250322.73","SABD0000000001","AAV1.0.0.11","1.1.2.0","PSt7-10","170328-022","9/30/2017 7:09:10 PM","0000-00","0","no battery","V"
"11/03/2018","10:00:56","9","default","550496092","OXY_CH9","36.916","min","247.808","µmol/L","Humid","18.830","deg","79177","µV","26.096","°C","1019.000","hPa","34.1","pmil","0","53.442","deg","23.711","°C","100.000","%a.s.","21.016","deg","23.307","°C","1019.000","hPa","0.861","-0.02617","0.00035","0","0","13.56","Humid","22.75","0","51.00","250312.02","SABD0000000001","AAV1.0.0.11","1.1.2.0","PSt7-10","170328-022","9/30/2017 7:09:10 PM","0000-00","0","no battery","V"
"11/03/2018","10:00:57","9","default","550496092","OXY_CH9","36.933","min","247.875","µmol/L","Humid","18.829","deg","79181","µV","26.090","°C","1019.000","hPa","34.1","pmil","0","53.442","deg","23.711","°C","100.000","%a.s.","21.016","deg","23.307","°C","1019.000","hPa","0.861","-0.02617","0.00035","0","0","13.56","Humid","22.75","0","51.00","250320.39","SABD0000000001","AAV1.0.0.11","1.1.2.0","PSt7-10","170328-022","9/30/2017 7:09:10 PM","0000-00","0","no battery","V"
"11/03/2018","10:00:58","9","default","550496092","OXY_CH9","36.949","min","247.870","µmol/L","Humid","18.832","deg","79173","µV","26.081","°C","1019.000","hPa","34.1","pmil","0","53.442","deg","23.711","°C","100.000","%a.s.","21.016","deg","23.307","°C","1019.000","hPa","0.861","-0.02617","0.00035","0","0","13.56","Humid","22.75","0","51.00","250318.84","SABD0000000001","AAV1.0.0.11","1.1.2.0","PSt7-10","170328-022","9/30/2017 7:09:10 PM","0000-00","0","no battery","V"
"11/03/2018","10:00:59","9","default","550496092","OXY_CH9","36.965","min","247.905","µmol/L","Humid","18.829","deg","79169","µV","26.086","°C","1019.000","hPa","34.1","pmil","0","53.442","deg","23.711","°C","100.000","%a.s.","21.016","deg","23.307","°C","1019.000","hPa","0.861","-0.02617","0.00035","0","0","13.56","Humid","22.75","0","51.00","250316.90","SABD0000000001","AAV1.0.0.11","1.1.2.0","PSt7-10","170328-022","9/30/2017 7:09:10 PM","0000-00","0","no battery","V"
"11/03/2018","10:01:00","9","default","550496092","OXY_CH9","36.982","min","247.898","µmol/L","Humid","18.832","deg","79175","µV","26.077","°C","1019.000","hPa","34.1","pmil","0","53.442","deg","23.711","°C","100.000","%a.s.","21.016","deg","23.307","°C","1019.000","hPa","0.861","-0.02617","0.00035","0","0","13.56","Humid","22.75","0","51.00","250316.84","SABD0000000001","AAV1.0.0.11","1.1.2.0","PSt7-10","170328-022","9/30/2017 7:09:10 PM","0000-00","0","no battery","V"
"11/03/2018","10:01:01","9","default","550496092","OXY_CH9","36.999","min","248.040","µmol/L","Humid","18.826","deg","79157","µV","26.077","°C","1019.000","hPa","34.1","pmil","0","53.442","deg","23.711","°C","100.000","%a.s.","21.016","deg","23.307","°C","1019.000","hPa","0.861","-0.02617","0.00035","0","0","13.56","Humid","22.75","0","51.00","250311.67","SABD0000000001","AAV1.0.0.11","1.1.2.0","PSt7-10","170328-022","9/30/2017 7:09:10 PM","0000-00","0","no battery","V"
"11/03/2018","10:01:02","9","default","550496092","OXY_CH9","37.016","min","247.788","µmol/L","Humid","18.831","deg","79174","µV","26.095","°C","1019.000","hPa","34.1","pmil","0","53.442","deg","23.711","°C","100.000","%a.s.","21.016","deg","23.307","°C","1019.000","hPa","0.861","-0.02617","0.00035","0","0","13.56","Humid","22.75","0","51.00","250316.23","SABD0000000001","AAV1.0.0.11","1.1.2.0","PSt7-10","170328-022","9/30/2017 7:09:10 PM","0000-00","0","no battery","V"
"11/03/2018","10:01:03","9","default","550496092","OXY_CH9","37.033","min","247.748","µmol/L","Humid","18.828","deg","79165","µV","26.111","°C","1019.000","hPa","34.1","pmil","0","53.442","deg","23.711","°C","100.000","%a.s.","21.016","deg","23.307","°C","1019.000","hPa","0.861","-0.02617","0.00035","0","0","13.56","Humid","22.75","0","51.00","250318.36","SABD0000000001","AAV1.0.0.11","1.1.2.0","PSt7-10","170328-022","9/30/2017 7:09:10 PM","0000-00","0","no battery","V"
"11/03/2018","10:01:04","9","default","550496092","OXY_CH9","37.049","min","247.868","µmol/L","Humid","18.828","deg","79170","µV","26.094","°C","1019.000","hPa","34.1","pmil","0","53.442","deg","23.711","°C","100.000","%a.s.","21.016","deg","23.307","°C","1019.000","hPa","0.861","-0.02617","0.00035","0","0","13.56","Humid","22.75","0","51.00","250313.00","SABD0000000001","AAV1.0.0.11","1.1.2.0","PSt7-10","170328-022","9/30/2017 7:09:10 PM","0000-00","0","no battery","V"
"11/03/2018","10:01:05","9","default","550496092","OXY_CH9","37.066","min","247.774","µmol/L","Humid","18.833","deg","79166","µV","26.091","°C","1019.000","hPa","34.1","pmil","0","53.442","deg","23.711","°C","100.000","%a.s.","21.016","deg","23.307","°C","1019.000","hPa","0.861","-0.02617","0.00035","0","0","13.56","Humid","22.75","0","51.00","250311.11","SABD0000000001","AAV1.0.0.11","1.1.2.0","PSt7-10","170328-022","9/30/2017 7:09:10 PM","0000-00","0","no battery","V"
"11/03/2018","10:01:06","9","default","550496092","OXY_CH9","37.083","min","247.743","µmol/L","Humid","18.832","deg","79168","µV","26.098","°C","1019.000","hPa","34.1","pmil","0","53.442","deg","23.711","°C","100.000","%a.s.","21.016","deg","23.307","°C","1019.000","hPa","0.861","-0.02617","0.00035","0","0","13.56","Humid","22.75","0","51.00","250305.49","SABD0000000001","AAV1.0.0.11","1.1.2.0","PSt7-10","170328-022","9/30/2017 7:09:10 PM","0000-00","0","no battery","V"
"11/03/2018","10:01:07","9","default","550496092","OXY_CH9","37.099","min","247.795","µmol/L","Humid","18.830","deg","79170","µV","26.098","°C","1019.000","hPa","34.1","pmil","0","53.442","deg","23.711","°C","100.000","%a.s.","21.016","deg","23.307","°C","1019.000","hPa","0.861","-0.02617","0.00035","0","0","13.56","Humid","22.75","0","51.00","250317.61","SABD0000000001","AAV1.0.0.11","1.1.2.0","PSt7-10","170328-022","9/30/2017 7:09:10 PM","0000-00","0","no battery","V"
"11/03/2018","10:01:08","9","default","550496092","OXY_CH9","37.115","min","247.698","µmol/L","Humid","18.832","deg","79163","µV","26.104","°C","1019.000","hPa","34.1","pmil","0","53.442","deg","23.711","°C","100.000","%a.s.","21.016","deg","23.307","°C","1019.000","hPa","0.861","-0.02617","0.00035","0","0","13.56","Humid","22.75","0","51.00","250313.64","SABD0000000001","AAV1.0.0.11","1.1.2.0","PSt7-10","170328-022","9/30/2017 7:09:10 PM","0000-00","0","no battery","V"
"11/03/2018","10:01:09","9","default","550496092","OXY_CH9","37.132","min","247.896","µmol/L","Humid","18.828","deg","79175","µV","26.091","°C","1019.000","hPa","34.1","pmil","0","53.442","deg","23.711","°C","100.000","%a.s.","21.016","deg","23.307","°C","1019.000","hPa","0.861","-0.02617","0.00035","0","0","13.56","Humid","22.75","0","51.00","250311.59","SABD0000000001","AAV1.0.0.11","1.1.2.0","PSt7-10","170328-022","9/30/2017 7:09:10 PM","0000-00","0","no battery","V"
"11/03/2018","10:01:10","9","default","550496092","OXY_CH9","37.149","min","247.793","µmol/L","Humid","18.831","deg","79169","µV","26.095","°C","1019.000","hPa","34.1","pmil","0","53.442","deg","23.711","°C","100.000","%a.s.","21.016","deg","23.307","°C","1019.000","hPa","0.861","-0.02617","0.00035","0","0","13.56","Humid","22.75","0","51.00","250315.75","SABD0000000001","AAV1.0.0.11","1.1.2.0","PSt7-10","170328-022","9/30/2017 7:09:10 PM","0000-00","0","no battery","V"
"11/03/2018","10:01:11","9","default","550496092","OXY_CH9","37.166","min","247.799","µmol/L","Humid","18.830","deg","79176","µV","26.097","°C","1019.000","hPa","34.1","pmil","0","53.442","deg","23.711","°C","100.000","%a.s.","21.016","deg","23.307","°C","1019.000","hPa","0.861","-0.02617","0.00035","0","0","13.56","Humid","22.75","0","51.00","250323.15","SABD0000000001","AAV1.0.0.11","1.1.2.0","PSt7-10","170328-022","9/30/2017 7:09:10 PM","0000-00","0","no battery","V"
"11/03/2018","10:01:12","9","default","550496092","OXY_CH9","37.182","min","247.743","µmol/L","Humid","18.834","deg","79177","µV","26.092","°C","1019.000","hPa","34.1","pmil","0","53.442","deg","23.711","°C","100.000","%a.s.","21.016","deg","23.307","°C","1019.000","hPa","0.861","-0.02617","0.00035","0","0","13.56","Humid","22.75","0","51.00","250314.96","SABD0000000001","AAV1.0.0.11","1.1.2.0","PSt7-10","170328-022","9/30/2017 7:09:10 PM","0000-00","0","no battery","V"
"11/03/2018","10:01:13","9","default","550496092","OXY_CH9","37.199","min","247.736","µmol/L","Humid","18.832","deg","79169","µV","26.099","°C","1019.000","hPa","34.1","pmil","0","53.442","deg","23.711","°C","100.000","%a.s.","21.016","deg","23.307","°C","1019.000","hPa","0.861","-0.02617","0.00035","0","0","13.56","Humid","22.75","0","51.00","250304.30","SABD0000000001","AAV1.0.0.11","1.1.2.0","PSt7-10","170328-022","9/30/2017 7:09:10 PM","0000-00","0","no battery","V"
"11/03/2018","10:01:14","9","default","550496092","OXY_CH9","37.216","min","247.926","µmol/L","Humid","18.828","deg","79173","µV","26.086","°C","1019.000","hPa","34.1","pmil","0","53.442","deg","23.711","°C","100.000","%a.s.","21.016","deg","23.307","°C","1019.000","hPa","0.861","-0.02617","0.00035","0","0","13.56","Humid","22.75","0","51.00","250314.61","SABD0000000001","AAV1.0.0.11","1.1.2.0","PSt7-10","170328-022","9/30/2017 7:09:10 PM","0000-00","0","no battery","V"
"11/03/2018","10:01:15","9","default","550496092","OXY_CH9","37.233","min","247.688","µmol/L","Humid","18.836","deg","79171","µV","26.093","°C","1019.000","hPa","34.1","pmil","0","53.442","deg","23.711","°C","100.000","%a.s.","21.016","deg","23.307","°C","1019.000","hPa","0.861","-0.02617","0.00035","0","0","13.56","Humid","22.75","0","51.00","250299.51","SABD0000000001","AAV1.0.0.11","1.1.2.0","PSt7-10","170328-022","9/30/2017 7:09:10 PM","0000-00","0","no battery","V"
"11/03/2018","10:01:16","9","default","550496092","OXY_CH9","37.249","min","247.881","µmol/L","Humid","18.830","deg","79176","µV","26.086","°C","1019.000","hPa","34.1","pmil","0","53.442","deg","23.711","°C","100.000","%a.s.","21.016","deg","23.307","°C","1019.000","hPa","0.861","-0.02617","0.00035","0","0","13.56","Humid","22.75","0","51.00","250308.89","SABD0000000001","AAV1.0.0.11","1.1.2.0","PSt7-10","170328-022","9/30/2017 7:09:10 PM","0000-00","0","no battery","V"
"11/03/2018","10:01:17","9","default","550496092","OXY_CH9","37.266","min","247.811","µmol/L","Humid","18.832","deg","79170","µV","26.089","°C","1019.000","hPa","34.1","pmil","0","53.442","deg","23.711","°C","100.000","%a.s.","21.016","deg","23.307","°C","1019.000","hPa","0.861","-0.02617","0.00035","0","0","13.56","Humid","22.75","0","51.00","250305.74","SABD0000000001","AAV1.0.0.11","1.1.2.0","PSt7-10","170328-022","9/30/2017 7:09:10 PM","0000-00","0","no battery","V"
"11/03/2018","10:01:18","9","default","550496092","OXY_CH9","37.282","min","247.832","µmol/L","Humid","18.835","deg","79174","µV","26.077","°C","1019.000","hPa","34.1","pmil","0","53.442","deg","23.711","°C","100.000","%a.s.","21.016","deg","23.307","°C","1019.000","hPa","0.861","-0.02617","0.00035","0","0","13.56","Humid","22.75","0","51.00","250304.18","SABD0000000001","AAV1.0.0.11","1.1.2.0","PSt7-10","170328-022","9/30/2017 7:09:10 PM","0000-00","0","no battery","V"

"Date","Time","delta_t","Device_Serial","Channel","User","Annotation"
