HP101	225	0.0	0.00016081372510987004	0.00029259812609504926	8.478235407714968e-05	0.0002372579777292926	0.00032644585020928077	0.0003702290071835917	0.0003163499344071006	0.0002333399225712854	0.00016374671925376442	0.00031794789503012115	0.00046879174186673084	0.0023939478631105245	0.0034301828947773893	0.0036715869010953634	0.00029884715726863446	0.00017005359858845892	0.0001128009636123381	0.0014424274377584036	0.00011680924543548137	0.00012164628303047271	0.0013147853115718744	0.00041438477899949995	0.0021240068426928733	0.00066163168250426	0.00021109928245768506	0.00028757843944075465	0.0014858406620296507	0.0034439211440833264	0.00039347792554109053	0.00021758757923295141	0.0004969445322697202	0.0021550597094696753	0.00047602180512325304	0.002050297493553113	0.00024381521674293787	0.00040638640498716133	0.0002065441168449387	0.0003553149681440719	0.00019720973720734574	0.000856013691347247	0.00039955531105281025	0.0004184234056228112	0.0006711742348788181	0.00037447845617808866	0.000513587397838314	0.0002746916970985491	0.0009784655941931593	0.0004349878541775948	0.000230345362480268	0.00034156053385046164	0.000271134452516258	0.00041178445791815056	0.0008965863927671383	0.00016975439845386258	0.00014598606042914988	0.00011131614067592737	0.0004522803009804903	0.0005995752444058911	0.00033467703496174435	0.000282835400155587	0.0005294608468962809	9.66365507966538e-05	0.0010544220361288197	0.0003988858892640947	0.00043990759517758876	0.0004615771324445946	0.0033450014949080557	0.0022510951967648777	0.00029327616058029025	0.00023793548935785734	0.00031415301544437615	0.00017626077379637612	0.0007997738871932637	0.00018050451962432925	0.0003276922046523259	0.0002864109501250627	0.00283556384729609	0.002117707930484783	0.002054655694659946	0.00225771603882709	0.0012818191606810566	0.0012429411415816644
HP135	259	0.00016081372510987004	0.0	0.0003250184581274384	0.00017980891287968742	0.0002713054452300554	0.00035390644215264574	0.00039813476851947524	0.0003487755092127639	0.00026742121206996196	0.00016693506061329222	0.0003520239501020045	0.0004954516130813169	0.002403337701349875	0.003396358886290822	0.003517399432557269	0.0003750706359070844	0.00021235290512153644	9.817537781334413e-05	0.0014330561411944494	0.00010169653415024522	8.952300371597478e-05	0.001288436808805334	0.00048516605913193284	0.0020991869039348084	0.0006895374438401435	0.00024515141551817053	0.0003154563369273786	0.0014550173710382386	0.0033633881859690905	0.0004635238895034908	0.00028479565015936554	0.0005669708821983768	0.002120874691853009	0.0004964982021220195	0.0020161607720584887	0.00039504725617112613	0.00043248573412561374	0.00024059257750296443	0.0003894042036957749	0.00022506886626758374	0.0008892859650118276	0.0004319888786734329	0.0004898154844013312	0.0007027800620731345	0.0004036246711795166	0.0005476766333900171	0.0003087735459769154	0.0010356754856847164	0.0005054149877479511	0.00030034780463913507	0.00041778997202868146	0.00030357601455120265	0.00043696813382014576	0.0008625187443813307	0.00023856430618113036	0.0002956605699072648	0.0002522017610983296	0.0005261967206094354	0.0006757582981965057	0.0003625671960845615	0.00035340373175388493	0.0006010075189356134	0.00013055701894568378	0.00107097736811386	0.00042554576047868067	0.0005161370333558086	0.0005395748283800095	0.0034028155917558197	0.0021531065313498236	0.00032734354448617036	0.00035863033483658866	0.0003474260506462786	0.00018949450428850973	0.0008518677284596902	0.0001831039881264378	0.0004022739693137874	0.0003204749885181864	0.0026812724563963384	0.0020740058490858783	0.0019624665005575134	0.0021096081221431574	0.0013084790318956424	0.0012692220466083554
HP139	263	0.00029259812609504926	0.0003250184581274384	0.0	0.0003411499889571225	8.216811292936932e-05	6.682926244873434e-05	0.00011451717920624627	6.325315049514872e-05	7.784614250784636e-05	0.0003363783168189514	6.253307267211295e-05	0.00018229513375935322	0.002617520301653161	0.0037208697022656145	0.0036625530828974222	0.00018158983903368426	0.00044257707366209876	0.00037090415015504695	0.001678372065279503	0.0002595589575472647	0.00037243448728428675	0.001607061197615103	0.00037607834475128645	0.002072496797332254	0.00038070687635989933	9.019886447516339e-05	4.5368257006089726e-05	0.0015945161560257525	0.0036878166552164215	0.0001973484620852652	0.0001718223842287726	0.0003371075571373172	0.002243668931771865	0.00019352082512804754	0.002072008595255448	0.000280392329881267	0.00012379793809676084	0.00011566033485071783	0.00014573360014574264	0.00015491887465110798	0.0005642796294327089	0.0001745030020336481	0.00022065247489688993	0.0003822015183478054	0.00013987688684286405	0.00022265817526257874	8.550125903709218e-05	0.0009961105856372185	0.0006137379976764679	0.0004511459468786759	0.00028046919532588333	6.251569570868388e-05	0.00012922840577173105	0.0009548867409706621	0.00018001167168859986	0.00020896756780220186	0.00020395409450835292	0.0002561730310006087	0.0005803704262482022	9.309116697420782e-05	0.0002467527235638811	0.0004995408115635677	0.00021938269979994004	0.0010668094228467257	0.00010629300594231959	0.00023377371529038882	0.00034549251765731944	0.003593513422932503	0.0023714579539815214	3.308775561952434e-05	0.00024090148378914347	9.084578395661804e-05	0.0004202880191279616	0.0009917516778038121	0.00016291320620186083	0.00019134783484297253	4.453804315919196e-05	0.0028610929099624084	0.002118712464148632	0.002218092061737811	0.002243201323852519	0.001045019271465108	0.0010956610515482888
HP141	265	8.478235407714968e-05	0.00017980891287968742	0.0003411499889571225	0.0	0.00028435966179471775	0.0003685005517754216	0.00041428041289461753	0.00036182972577742626	0.0002804754286346243	0.0002156969982492997	0.0003650781666666668	0.0005031195091897416	0.0023131254672930854	0.0033830565336459254	0.0036454351014615924	0.00032782543981408176	0.00014807744419093126	0.00012274293507208528	0.0013639007633887846	0.00017565734459421966	0.00011119559264705899	0.001286627676442754	0.00043348063671882066	0.0021196776227813217	0.0007056830882152859	0.0002582060659163662	0.00033160198130252096	0.0015008384377294209	0.003433235827157021	0.0004193701212209682	0.0002616389849439773	0.0005228343846842517	0.0021329656642187457	0.0005102015145346851	0.002028229698320932	0.000290911327090836	0.00044631087974189663	0.0002590237800620245	0.0004024584202604373	0.00024121451064272603	0.0009023419504293874	0.0004450430952380953	0.00044257028830832864	0.0007158342786377969	0.0004166788877441789	0.0005607308499546795	0.0003218277625415778	0.0009949292410701349	0.00042258917359943974	0.00023458488174269722	0.00037054477593567877	0.00032046755388705445	0.00045004294216502525	0.0008827915942970293	0.00025453675253101225	0.0001900344312224888	0.00015530767893337267	0.0004789515245164328	0.0006285514823055044	0.0003787275811224489	0.0003035739395758303	0.0005553341732185366	0.00018131366952332313	0.001055983375412732	0.00043695988437374936	0.000468891837262806	0.0004905613745298118	0.0033430812501776723	0.0022507267833550312	0.0003403977610508327	0.00026377399909963996	0.0003650825023716451	0.0001099180890456183	0.0007454444050967492	0.00024545977009546326	0.0003550287732207848	0.000333532684301912	0.00284616367727184	0.0020937420512299877	0.0020063548778779727	0.0022362728438799495	0.0013116877677324954	0.001271082617326931
HP152	276	0.0002372579777292926	0.0002713054452300554	8.216811292936932e-05	0.00028435966179471775	0.0	0.00011833072262894972	0.0001531771845857143	0.00010887385122085693	8.214832222516445e-05	0.00028267745126050407	0.00010486502868147288	0.0002548890172484165	0.0025618135013372794	0.003667345069430239	0.003592539035158153	0.00019550880744338586	0.00038923770779805943	0.00031718810072670474	0.001614934427775326	0.0002063789741362006	0.0003139326113045217	0.0015477945592058595	0.0003695707508934282	0.0020210832788074935	0.0004313502762605041	9.126718405362159e-05	7.415542853141266e-05	0.0015380475323672309	0.0036342828226334834	0.00025783339633150197	0.00017143023407362962	0.00039721563432372064	0.0021964326336143167	0.0002537084550270545	0.0020206799344807107	0.0002586676229391759	0.00018790569643857547	9.745609241696693e-05	0.0001227289798002743	9.348631148606328e-05	0.0006282695620257555	0.00017878146129451792	0.000279213597587295	0.0004426619122053905	0.00021508068119775584	0.00027638679822562844	0.0001187806588490887	0.0009455222260703239	0.0005564219996198477	0.00041673372240896356	0.0002593680118080736	0.00011255526258580273	0.00018715741125424653	0.000907887651953869	0.00016513875236094487	0.000183090235654262	0.0001463730103933821	0.0003158787531479307	0.000548358169996626	0.00015269585518207305	0.00023922164816926787	0.0004521077017267551	0.00016609068773512577	0.0010178401551800616	0.00017270267025810325	0.0002935005419822518	0.00040312527409963985	0.0035429710887236437	0.002313647361530891	8.694335441492494e-05	0.0002539808549719893	0.00013379934356626006	0.00036503526684673865	0.0009447164113233824	0.00012639530208360874	0.0002636419476683441	7.100966869840112e-05	0.00280419669204352	0.002042603102096634	0.0021484952254496115	0.002171761999308363	0.001100472662694907	0.0010481216416266506
HP158	282	0.00032644585020928077	0.00035390644215264574	6.682926244873434e-05	0.0003685005517754216	0.00011833072262894972	0.0	0.0001660430348415313	0.00011617856308892657	0.00014312878164781718	0.0003652737992581928	0.00011406921935479736	0.00016247707723898526	0.0026587037056243525	0.003749630934525292	0.0036698074202486278	0.0002467533521931636	0.0004702241755226566	0.00039978909764929507	0.001693203124487265	0.0003005382105131542	0.0004047266479185472	0.001640770100796057	0.0004239481466618594	0.00209056289709624	0.00035798570781933733	0.00012571513490268796	9.593210638245105e-05	0.0016560156340275768	0.0037166310210527396	0.0001995582089733217	0.0002309243227028515	0.00039674646297821903	0.002304006093810476	0.0002001506164210796	0.0021230201065588388	0.000323261933513703	9.901569590226862e-05	0.0001403563484465731	0.00019727755794308197	0.00020250767807783113	0.000535385637815364	0.0002260469598309874	0.0002519221032151279	0.0003526991866906439	0.00017402662184871594	0.00020467763887166166	0.00013843426277886778	0.001047159604019615	0.0006387491564046424	0.0005179695700556286	0.0003332810288859511	0.00012930192767905208	0.0001369272132039614	0.0010151110919659602	0.00024683529486555265	0.0002680677709421472	0.000263011853946184	0.00024385319568420632	0.0006455226392983239	0.00013573169713262332	0.00029462252547445407	0.0005585194606082808	0.0002447564559767929	0.0011178093412848244	9.845236562903788e-05	0.00020949763219165542	0.000404434061613179	0.003646208234356476	0.002391006346549292	8.450478454950871e-05	0.00027708807747491005	0.00014531878664053078	0.00044763987511475735	0.0010519760287991103	0.00019056243968190462	0.00025645721712563	0.00010758056476906429	0.0028698833753520252	0.002132155031424622	0.0022452776700302986	0.0022566433948038047	0.0010944282829222986	0.0011299152285914019
HP205	329	0.0003702290071835917	0.00039813476851947524	0.00011451717920624627	0.00041428041289461753	0.0001531771845857143	0.0001660430348415313	0.0	0.00011265734766052712	0.00014415437139569796	0.0004249227119237569	5.4612015519925634e-05	0.00017648139672370714	0.002654970651759393	0.0037647674330865432	0.0036586123845326157	0.00024232446438219088	0.0005355025278738178	0.000426287829497769	0.0017654694322446357	0.00035092437626833644	0.0004384568590430769	0.001674656330612213	0.00039463428803401693	0.002080633351459497	0.0003091305561295642	0.00016392919285329564	9.749044709783867e-05	0.0016240887081257344	0.003738678062344726	0.00018628798674324163	0.00018428441688955153	0.00034046244530902406	0.0022073847775116507	0.00018170987410531786	0.002035814630968908	0.00035380536673143423	9.96283117744225e-05	0.0002085883992674351	8.139906337168566e-05	0.00021378017124596023	0.0005892933637114876	0.0001057234303943955	0.0002286583426913457	0.0004125122421827643	0.00017658311476738365	0.00017885850159347276	0.0001360485573886944	0.0009384967990512451	0.0006730707093306736	0.000508052988429521	0.0003017614341182921	0.00011777802734367189	0.00013156011387502567	0.00095278215485193	0.0002086975201393715	0.0002550547846966742	0.000269152146858577	0.0002539832431315658	0.0006175220354234053	0.0001010972243079304	0.00030784515329826065	0.0004978404692330998	0.0003123138506406477	0.0010467650147675113	9.785473658023981e-05	0.00021487706493246631	0.00037405973856908744	0.003631849578928293	0.0023954801558837883	0.00012296079141570806	0.0002815086409359891	0.00011542425370295509	0.0005072926748489271	0.0009933753587591397	0.00023976438047211665	0.0002283002667433717	0.00010161454622311132	0.002857098406920908	0.002105522903070972	0.002276697581841491	0.0022508617777365443	0.001013283002421228	0.0010369325770957238
HP227	351	0.0003163499344071006	0.0003487755092127639	6.325315049514872e-05	0.00036182972577742626	0.00010887385122085693	0.00011617856308892657	0.00011265734766052712	0.0	8.961124150288038e-05	0.00036013536790427696	9.082115699120998e-05	0.00021802927330315358	0.0026217455833375844	0.003744641238536495	0.0036745358404276277	0.00017460098579355894	0.00046014557166149843	0.0003946581647094132	0.0016528196271180541	0.0002833098674502355	0.0003938819311273996	0.0016308474827506437	0.00033516764951280474	0.0020896728337734026	0.0003777652301023206	0.00010858086849420412	6.71173009164678e-05	0.0016011385261611908	0.003711588083911047	0.00019499227576865274	0.00013784493408549215	0.0003258097523269306	0.0022144100521113578	0.0001959032120573847	0.002057792055042555	0.00026451994795563874	0.0001239165864146977	0.0001254897657012294	0.00013861880826567246	0.00015149822293698237	0.0005783094648801928	0.00017046538472966147	0.00020774278956128928	0.0004145221198473449	0.0001185305705000521	0.0002313426602780835	4.998710334470044e-05	0.0009791126535876038	0.0006236403686999776	0.0004512290029880815	0.0002241542747557153	4.858525580777394e-05	0.00014596201214364272	0.000925669419816184	0.00016612097946171992	0.00018962904892990334	0.00021311142237671334	0.00024940431774656756	0.0005663529105819289	7.414992656703748e-05	0.0002213961255246453	0.0004548038635371472	0.00023386825715714712	0.0010634024372882386	8.868043248580495e-05	0.0002223906576826303	0.0003286439881325208	0.0036150446045850266	0.0024074729312046884	4.047610559652833e-05	0.0002485500958266442	6.453514537665083e-05	0.0004425053308294471	0.0009625125162154885	0.00016965398988696628	0.00018872334103939195	5.9311887479995074e-05	0.0028961733431752575	0.0021454693583426976	0.0022265146335593575	0.0022722242064671574	0.0010491294014033819	0.0010631001993553861
HP232	356	0.0002333399225712854	0.00026742121206996196	7.784614250784636e-05	0.0002804754286346243	8.214832222516445e-05	0.00014312878164781718	0.00014415437139569796	8.961124150288038e-05	0.0	0.00028648628417988483	9.36587705594967e-05	0.0002489647451733454	0.002556065038917076	0.003663338169964982	0.003666894502666149	0.00013107125184592323	0.00039212307957967046	0.0003133038675666112	0.0016324374979274768	0.00021171060552585498	0.00031004837814442815	0.0015412926489130623	0.0003219937636018006	0.0020844538891260896	0.0004306153209389078	4.5409716596919795e-05	7.880700447809547e-05	0.0015255750988569638	0.003630299518942458	0.00022798340406436407	0.00010176860997050154	0.00033156299673952456	0.0021741170138688004	0.0002516313061219494	0.0020412377341961973	0.00021814029304890263	0.0001819694141595108	6.520895097328787e-05	0.0001382188892546272	9.27626532794263e-05	0.0006346609464582134	0.00017295348459399885	0.00025951696071035513	0.0004561886555456557	0.000147741512496248	0.00028026885562048643	5.7415267973987054e-05	0.00096533404834709	0.0005600811476517908	0.00038518013534744966	0.00021975889961734093	4.9010719979990076e-05	0.00018985271589800295	0.0008875209571793444	0.00010604744423107508	0.00013891205820979716	0.0001359138798960799	0.00028679097178589317	0.0005026626428545808	0.00010863780440698549	0.0001926685686086388	0.00043209641246092786	0.00016894223751882313	0.0010436055883797613	0.0001721515415518354	0.0002745715511855929	0.00034503601508249803	0.003525515892864474	0.0023526537639184542	6.792415352676378e-05	0.00021949276558599353	9.283920582251926e-05	0.00036885624710505504	0.0009222525992367008	0.00011138610371080399	0.00019706448214107042	5.5417099989995384e-05	0.00286928844463457	0.002115348591932362	0.0021567486090541006	0.0022507106218486008	0.001076156542218973	0.001099491228457239
HP236	360	0.00016374671925376442	0.00016693506061329222	0.0003363783168189514	0.0002156969982492997	0.00028267745126050407	0.0003652737992581928	0.0004249227119237569	0.00036013536790427696	0.00028648628417988483	0.0	0.000371106174439776	0.0005076426421284464	0.002509968994159346	0.0033847033739920645	0.003641664593384156	0.0003665136598525154	0.00024051772107388505	0.0001504428064623111	0.001492984060025007	0.00020141205670906552	0.00018934412823129254	0.0013436609244082344	0.00047552456255935897	0.002160802776576887	0.0007132398789615843	0.0002626891667266903	0.0003391587720488194	0.0015826556223975932	0.003353867553441693	0.0004673009938600238	0.0002692326515406159	0.000570841612025188	0.0022676215871318367	0.0005210529611189897	0.002162799465477795	0.0003465620562725088	0.0004538676704881952	0.00025195634069627817	0.00040079598776079103	0.00024881997131261135	0.0009006458237033406	0.0004464641474689876	0.0004889511269082278	0.0007141399207646476	0.0004149845298710296	0.0005590364920815302	0.0003201375619178695	0.0010869505830609669	0.0005489251996598639	0.0003863864047418969	0.00040927299319300204	0.0003149358732427156	0.0004575971299101232	0.0010090883646918201	0.000226042569947979	0.00025948627659063615	0.00021913533140632054	0.0005261033692994236	0.0006765187385413214	0.00038628914403761495	0.00034392980529211677	0.0006033782050680791	0.0001760365681524987	0.001160729330967971	0.00043773678952581017	0.0005075715612824138	0.0005293018352440974	0.0035086506897434996	0.0022980759877775916	0.0003387034031776834	0.00032240023152260906	0.00035881288324376786	0.00022511951276510612	0.0009568657988566261	0.00020682135359616677	0.0003937084972403926	0.0003379963091921452	0.002717076796229423	0.002169783841126528	0.002109029764591714	0.002192964405723307	0.0013314469991997885	0.0012819650745598242
HP241	365	0.00031794789503012115	0.0003520239501020045	6.253307267211295e-05	0.0003650781666666668	0.00010486502868147288	0.00011406921935479736	5.4612015519925634e-05	9.082115699120998e-05	9.36587705594967e-05	0.000371106174439776	0.0	0.00015929211495204637	0.002635305288650602	0.0037479452143181946	0.0036190252592023654	0.000206030327314993	0.00048334182315420217	0.00039790660559865375	0.0017155048405704445	0.000298790429174412	0.0003954748705182074	0.001632493781009616	0.000403683502156027	0.0020327588517229794	0.0003460014249099635	0.00011176214560824373	7.309144624849961e-05	0.0016127650145483265	0.003714867451562542	0.00018690535982742847	0.0001900486402460988	0.00037535553562438183	0.002255729026902768	0.00021190696406928161	0.002042971226274095	0.00031026139969988044	0.00011823911413565402	0.00015642769454781954	9.558251204674852e-05	0.00018244218219845297	0.0005431628912993621	0.00011825866854741856	0.00024573446233657533	0.0003663813380209738	0.0001874894552555078	0.00019566135201714479	0.00011144632643455299	0.0009595969818399579	0.0006431595779811923	0.00047005071475590264	0.00030641713066025894	9.545213053776497e-05	9.621480546868406e-05	0.0009670602133406451	0.0001958513229591839	0.00022719208848539442	0.0002239175936251297	0.00027348577492233806	0.0005909096676445961	0.00013136311663665466	0.0002743583071628652	0.0005177866176037005	0.000260158056272541	0.0010373070489704385	0.00010385337170868332	0.00023103055826678937	0.00038891890160064005	0.0036166957379160135	0.0023498463898668576	7.649931250422454e-05	0.0002686665108843538	0.00012293303607663797	0.00045347613736494615	0.0010039251855630785	0.0001959974323774255	0.0002368011511749541	6.0495885160232054e-05	0.0028229468746865773	0.0020674659922627005	0.0022397987994692194	0.0022028499399780865	0.0010285077209097543	0.0010502339673869546
HP244	368	0.00046879174186673084	0.0004954516130813169	0.00018229513375935322	0.0005031195091897416	0.0002548890172484165	0.00016247707723898526	0.00017648139672370714	0.00021802927330315358	0.0002489647451733454	0.0005076426421284464	0.00015929211495204637	0.0	0.0027645869194916593	0.003869063999157027	0.0036248283081994023	0.0003479590968907927	0.0006217981256602175	0.000532273877220559	0.001832622035374035	0.0004372199740547363	0.0005516944220448837	0.0017832586242245347	0.0005061720711177081	0.0020060627276334638	0.00023098311914750456	0.0002694596669028271	0.00022612840064844842	0.0017719698895266173	0.0038359936053510954	0.00021660795205246232	0.0003250419086753816	0.00047383388740597927	0.002351742850242678	0.00026691619170171187	0.002138033200529375	0.0004537876996945731	0.00014507599566322444	0.00029564583537363353	0.00018329366881975523	0.00033552047283370043	0.00047716440319707043	0.00017496738899589262	0.00032408118013657047	0.00027716511430858507	0.00025946738713844444	0.00013767003529745718	0.0002464066655971273	0.0009818450349403278	0.0007838045789303473	0.0006082685002372014	0.0004257364400156638	0.00021487159960413077	9.944869748273522e-05	0.0010818163268434507	0.00032861142245234316	0.00037538007838326464	0.00038320924941892445	0.0003098982610042785	0.0007419588379190587	0.00021361938472183768	0.0003956751306069376	0.0006363388599581949	0.0003986094484270475	0.0011164032063647016	0.00014512306211655185	0.00025336480663546725	0.00048377937646229015	0.0037673955486661453	0.0024782962594004218	0.00021123702489804426	0.0004216639224577584	0.00022764232323394036	0.0005929676389716544	0.0011106150297693622	0.000340631368808043	0.00033126092742606064	0.00021491081455676992	0.00286877412325134	0.00207272173119082	0.0023775597906020435	0.002205704180768884	0.0010184450160712045	0.0009893594879771383
HP273	397	0.0023939478631105245	0.002403337701349875	0.002617520301653161	0.0023131254672930854	0.0025618135013372794	0.0026587037056243525	0.002654970651759393	0.0026217455833375844	0.002556065038917076	0.002509968994159346	0.002635305288650602	0.0027645869194916593	0.0	0.0014989837417925078	0.002009504092285033	0.002506644595560293	0.0023010716069829422	0.0023597093807551013	0.001480023827537538	0.0024127559589062282	0.0023283438106342963	0.0014008744761282099	0.002600184191876309	0.0013229172552065007	0.0029445849078010484	0.0025524146193928983	0.0025887700137086065	0.0011816820348232292	0.0014696472207194394	0.0026611125363969856	0.0025207385104341197	0.00268440393484489	0.0013977892481217477	0.0027584003527308756	0.0009758845935935937	0.002556575752991725	0.0027122290454881415	0.0025672226519059035	0.0026663862244068284	0.002498538425481389	0.0031689949493156374	0.002712023167546965	0.002636538505073368	0.0029849357563825787	0.0026849367568633864	0.0028174737576298716	0.002581712267627087	0.002142594342309443	0.002137985527189639	0.0022244191492964156	0.0025357367861650543	0.0025926649589044074	0.002710719695989133	0.0018901157016810888	0.0025267743767142534	0.002455310957126418	0.0024264764582036633	0.002659281650227627	0.0022957227508510133	0.0026246927440379034	0.0024718421380667886	0.0027135214644883553	0.0024905692667885936	0.001806244435833087	0.002702932351080378	0.002687291370125894	0.0026334903217246123	0.001341482854179036	0.0009823055244691683	0.0026082414926222475	0.0024248760760612175	0.0026373054267159936	0.002284984008145661	0.001891424800592283	0.00255372629686537	0.002528514969547286	0.0026037385520289178	0.0011953663540940941	0.0012976229437930557	0.0007812057477143639	0.0009671149522168331	0.0021306302852669066	0.0028241933119352186
HP286	410	0.0034301828947773893	0.003396358886290822	0.0037208697022656145	0.0033830565336459254	0.003667345069430239	0.003749630934525292	0.0037647674330865432	0.003744641238536495	0.003663338169964982	0.0033847033739920645	0.0037479452143181946	0.003869063999157027	0.0014989837417925078	0.0	0.002992371896197026	0.0036219103939569785	0.0032937660239821293	0.003350309400225002	0.0024430001519656283	0.0034659105388966036	0.0033536474342561696	0.002240430453062571	0.0035015680001000502	0.0023161992189829196	0.004073626044050087	0.0036410342727115513	0.00369592236160711	0.002352185269098318	0.0018637409286931359	0.0037771499702857815	0.003634437375952848	0.0036552765117648166	0.002307339168132798	0.0037160915498599674	0.0020890581216957732	0.0035100268795442845	0.003828229730574697	0.0036365247074054293	0.0037854500372086044	0.003612635493843839	0.004071570696677213	0.0038280130067951854	0.0037633052877338665	0.004098420086625265	0.0037993910000600297	0.003943450192242607	0.0037046309351275635	0.003147625199919808	0.0031210976215710964	0.003297229085308246	0.0036437856992460535	0.0036994474380590294	0.0038328626747473585	0.0029026835401593063	0.0035997497452405634	0.00356822759025857	0.0035381803334149585	0.0037760812807803904	0.0032657857906223694	0.003751445999322196	0.0035619899520775403	0.00362080526557502	0.0035267202744072566	0.0029870011623492777	0.003819696838687942	0.0038071589629314656	0.0035558295690243194	0.0022802563968856685	0.001995861936030966	0.0037231827817008505	0.0035134407648026306	0.003743331245304716	0.003302394992739563	0.0029528578273878116	0.003577543427263113	0.003643780767943972	0.003716383623351676	0.0019506484883583435	0.002241551468755375	0.0016902511142712893	0.002172929278643846	0.003273608651039098	0.003990899514138123
HP354	478	0.0036715869010953634	0.003517399432557269	0.0036625530828974222	0.0036454351014615924	0.003592539035158153	0.0036698074202486278	0.0036586123845326157	0.0036745358404276277	0.003666894502666149	0.003641664593384156	0.0036190252592023654	0.0036248283081994023	0.002009504092285033	0.002992371896197026	0.0	0.003782111382186274	0.0037045480115360132	0.003600772377100632	0.002729973723884393	0.003603440561661051	0.0035619177613613645	0.002656370579304615	0.0038117488260838183	0.0018270393875776346	0.003720078131172303	0.0036625475501087276	0.0036426194791264834	0.002415846307722964	0.001819639799299019	0.0037292641524061284	0.003730648355977224	0.003849536917090833	0.002865792572652695	0.0036673414660575317	0.002020908385234714	0.003721313732915696	0.0036919195475677113	0.003651813013894242	0.0036170622606751537	0.0036377349495259064	0.0036474797971215345	0.0036318689874136503	0.0038199082136898903	0.0036446431808566755	0.0037812625207551934	0.0037177300996453925	0.0037010179132292956	0.0030086609699220544	0.003393511980478541	0.003726897704490481	0.003826567359246613	0.0036929863029262788	0.0035832375094283276	0.003082346966029524	0.003748312330640941	0.0037422980083581764	0.003716646708778132	0.003846856731420871	0.0035024147114363336	0.003715457240226329	0.0038057377681574634	0.003855695813631137	0.003622136484247827	0.002776855288605623	0.0036835077656849585	0.003824178538794578	0.0038692089503741954	0.0012301026918420683	0.0014912292278989674	0.0036668867235866093	0.003810186928723244	0.0037088776364628253	0.0036455137174976706	0.0032541860701413112	0.0036109585685198727	0.0038435761018060836	0.003656480317813723	0.001204074118617093	0.0017084584503667204	0.0018784206641405052	0.0014599972058434577	0.002899059885619861	0.0035452703969183564
HP104	228	0.00029884715726863446	0.0003750706359070844	0.00018158983903368426	0.00032782543981408176	0.00019550880744338586	0.0002467533521931636	0.00024232446438219088	0.00017460098579355894	0.00013107125184592323	0.0003665136598525154	0.000206030327314993	0.0003479590968907927	0.002506644595560293	0.0036219103939569785	0.003782111382186274	0.0	0.0003822398156597866	0.0003897236352868984	0.0015731184588994947	0.00029482969113812213	0.0003779663178352903	0.001498038782948213	0.00020915568410205098	0.0021888229965120235	0.0005215082664596911	0.00015786238878769696	0.00018569919880630773	0.001616552971848108	0.003588936077284678	0.00017990033346038768	0.00016795826576144037	0.00021376828926842283	0.0021140762229362405	0.00034339735342201654	0.0020249494112461438	0.00026253072941763536	0.0002737599741965518	0.00017148375210210984	0.00022939877885942966	0.0001950292183033333	0.0006931920896790931	0.00027056160260032245	0.00016775238142071003	0.0005558568442377722	0.00023799154119059503	0.00036269438075958054	0.00014162146291145562	0.0009891169588929513	0.0005079185007579421	0.0003728323944476783	0.0001069140624865132	0.00013783680652326138	0.00029128909252024	0.0008359379084329752	0.00018471807010875593	0.0001784930298938186	0.00020315974815596175	0.00020506271273636802	0.0004385148128628158	0.00020046111117134175	8.773484244883256e-05	0.0003212431191230093	0.0002600922400257086	0.0010827759461489834	0.00025705803701371566	0.0001933878939369682	0.00026201453983297647	0.0034930353020634457	0.0023601304374196276	0.000167830883611806	0.00015428177850647736	0.0001816690517013639	0.00037879181479407386	0.0008619461682349725	0.00023035370862360167	7.551040902451206e-05	0.00015885038669334682	0.0029884123908578714	0.00220434211906329	0.0021223574809324536	0.002362076817412282	0.0011566446780484768	0.0011932352356208208
HP111	235	0.00017005359858845892	0.00021235290512153644	0.00044257707366209876	0.00014807744419093126	0.00038923770779805943	0.0004702241755226566	0.0005355025278738178	0.00046014557166149843	0.00039212307957967046	0.00024051772107388505	0.00048334182315420217	0.0006217981256602175	0.0023010716069829422	0.0032937660239821293	0.0037045480115360132	0.0003822398156597866	0.0	0.0001689040606081821	0.0013733533587633655	0.00022287698227468216	0.0001669368819121986	0.0012451443207874798	0.0004974922318606969	0.002220188822813123	0.0008111184133209877	0.0003716402172827695	0.00044114717890025043	0.0016086753208704278	0.0034292715356174595	0.0005053796087787838	0.0003670821262570784	0.0005857387255148252	0.002221373360399295	0.0006329052665513483	0.0021180179998754366	0.00038016982565603266	0.0005632551252751515	0.00034290485879929003	0.0005009430134305343	0.00034665289480661165	0.0009998037175080147	0.0005603208410213489	0.0005146177141707712	0.0008156974481577151	0.0005182740934324866	0.0006546266348204462	0.0004118988133142602	0.001130562985073274	0.0004914210954571283	0.00016550701129915032	0.0004197093175901293	0.0004210712891462864	0.0005686670037111129	0.0009629052767041431	0.0003308486074958239	0.0002954758372014563	0.0002763809750525154	0.0005410796288338737	0.0006983657119365865	0.0004899302727787181	0.00036594666390251507	0.0006182387678047873	0.00023298288057417227	0.0011670128590348234	0.0005426824013893571	0.0005188948957599556	0.0005405730043577808	0.0032821580018088355	0.0023008892116948647	0.0004329108080506654	0.00032898831240443273	0.000457957778523519	6.612894280184185e-05	0.0008329755868132413	0.0003121097174152244	0.00041694292554078855	0.0004428396564238637	0.002868525008193611	0.0022298321685163642	0.0020650717307891067	0.0022882901192911504	0.0014502228066856603	0.0013867141251266645
HP115	239	0.0001128009636123381	9.817537781334413e-05	0.00037090415015504695	0.00012274293507208528	0.00031718810072670474	0.00039978909764929507	0.000426287829497769	0.0003946581647094132	0.0003133038675666112	0.0001504428064623111	0.00039790660559865375	0.000532273877220559	0.0023597093807551013	0.003350309400225002	0.003600772377100632	0.0003897236352868984	0.0001689040606081821	0.0	0.001419355434318214	0.0001551025214664399	8.901801328630455e-05	0.001282360435101976	0.000495399046482211	0.0021361091946333426	0.0007238638751664805	0.0002910362482108157	0.00034592812299561235	0.0014762833160529946	0.0033421694473409766	0.00047589426308266766	0.00028444534620489584	0.0005701248149283892	0.002139946989682358	0.0005284019739474191	0.0020523096559492858	0.0003470361541429344	0.00047836838962226296	0.00028647523299961365	0.0004352868591924242	0.00026249457836464724	0.0009351721327238368	0.00047787153417008213	0.0005044684837811453	0.0007486627175697837	0.00044950732667616586	0.0005935592888866663	0.00035465751916264433	0.0010489192330738833	0.0004560188119154754	0.0003014480886575695	0.0004324429714084956	0.0003494586700478519	0.0004828651043913174	0.0009105741709810591	0.0002497262895022149	0.00024609490707312026	0.00020417024476342897	0.0005408497199892496	0.0006904716354313574	0.0004015356857458299	0.000365472135048647	0.0006157266272919412	0.000176470039751926	0.0010698984753521347	0.00046978832330573636	0.0005307900327356228	0.0005524641662859992	0.0033682919803323923	0.0022110414534250024	0.0003732261999828197	0.0003048600596947304	0.000393310031993791	0.00015254251284133117	0.0008437604078281725	0.00022744841007302206	0.0004169269686936015	0.0003663628665963615	0.0027554253255087117	0.002106405586447381	0.0020063175929159313	0.002193005891610312	0.0013453012960348847	0.0013062697029852688
HP116	240	0.0014424274377584036	0.0014330561411944494	0.001678372065279503	0.0013639007633887846	0.001614934427775326	0.001693203124487265	0.0017654694322446357	0.0016528196271180541	0.0016324374979274768	0.001492984060025007	0.0017155048405704445	0.001832622035374035	0.001480023827537538	0.0024430001519656283	0.002729973723884393	0.0015731184588994947	0.0013733533587633655	0.001419355434318214	0.0	0.0014597000772180048	0.0013642264336887666	0.0005571365599634574	0.0014319483407204054	0.0014009929432414314	0.002024107298908049	0.0016070621677313083	0.0016696341993639615	0.0008513193100397934	0.002541996381458069	0.0017281369837546551	0.001595015815650476	0.001589237699396361	0.0013820566367823547	0.0016781206604093944	0.0012738390914214216	0.001429841948122678	0.001767097994702097	0.0015824509085876506	0.0017345195118444354	0.0015609341279996104	0.0019512078596762735	0.0017878878867289075	0.001691224305612851	0.002008585182196311	0.0017283013676223243	0.0018809237376712204	0.0016343837353862062	0.001088944242722851	0.0010924908951022573	0.0014266560205047783	0.001555553297784476	0.0016576923800685475	0.0017687466344802627	0.0008425346276041801	0.0016103794432415126	0.0015241994819061916	0.0015043277687012775	0.0017068873534467684	0.0011602707336509385	0.00170201137683495	0.0015000929777831671	0.001517937738170722	0.0015096385189456026	0.0007706811950144411	0.0017308675722231051	0.0017334557238819859	0.0014768692059234322	0.00253031932299548	0.0016396089759239396	0.0016552083740155215	0.0014946885520928912	0.0016899677428785379	0.001334063650879487	0.0007925883193562923	0.0015696016174851642	0.0015933076920760828	0.001676237456586807	0.0019552227000900904	0.0014252978301720976	0.0011533316845482072	0.001459079339521753	0.0011636234334392555	0.0019659915328345814
HP127	251	0.00011680924543548137	0.00010169653415024522	0.0002595589575472647	0.00017565734459421966	0.0002063789741362006	0.0003005382105131542	0.00035092437626833644	0.0002833098674502355	0.00021171060552585498	0.00020141205670906552	0.000298790429174412	0.0004372199740547363	0.0024127559589062282	0.0034659105388966036	0.003603440561661051	0.00029482969113812213	0.00022287698227468216	0.0001551025214664399	0.0014597000772180048	0.0	0.00014917221889451963	0.0013481054103313649	0.00041277380894413527	0.002100374426832464	0.0006353496268650513	0.00019646482665877592	0.0002613181201950243	0.0013938619940721004	0.0034329460500783227	0.00039868795224877213	0.00019854846018309277	0.0005021192802077799	0.0020908888146598512	0.00045219444844591707	0.0019861769919344513	0.0002934426169190142	0.0003825590483098253	0.0001911932918504062	0.0003213068934745478	0.00017094941796161537	0.0008229745227994624	0.0003757426894158676	0.0004260724665564871	0.0006381350500991665	0.0003414175350049587	0.0004780717777033114	0.00023919782958889185	0.0009952926773053213	0.00043932673336090247	0.00021980276285138634	0.00033752133132647095	0.000238073531343128	0.0003879788538661599	0.0008325022682406473	0.00015386186188073126	0.00020942927044719853	0.0001722007515254576	0.0004574746629522936	0.00061087483314414	0.0003092152532463162	0.0002812597773884278	0.0005345593156165302	8.436699288786676e-05	0.0010160246768175522	0.00036582496809096465	0.0004358683926535982	0.0004575379299206039	0.0033464981503937355	0.002223690160103358	0.0002577822768387659	0.00028635206452452057	0.00028109211050311326	0.00022480667063463585	0.0007988332037256176	0.00019338114336300903	0.0003261077010902079	0.00026323702165767233	0.002767417507861778	0.0021200682297848905	0.002027250657998426	0.002183315335916138	0.0012656446550801791	0.0012095310326341636
HP130	254	0.00012164628303047271	8.952300371597478e-05	0.00037243448728428675	0.00011119559264705899	0.0003139326113045217	0.0004047266479185472	0.0004384568590430769	0.0003938819311273996	0.00031004837814442815	0.00018934412823129254	0.0003954748705182074	0.0005516944220448837	0.0023283438106342963	0.0033536474342561696	0.0035619177613613645	0.0003779663178352903	0.0001669368819121986	8.901801328630455e-05	0.0013642264336887666	0.00014917221889451963	0.0	0.0012375315348904458	0.0004942992900903714	0.002150081689802135	0.0007298595343637452	0.0002877794492597036	0.00035577842745098027	0.0014531666732579373	0.003362595894934132	0.00046413694563105944	0.0002858154310924366	0.0005675614885757184	0.002125599879880934	0.000545065252076868	0.002020915115197683	0.0003204842766006399	0.0004800554262505001	0.00028782858871548593	0.00043203136977024116	0.00026539095679118546	0.0009335305254323828	0.00047708730777310914	0.0004968221084571836	0.0007486864199358391	0.00045201045289838766	0.0005903037994644833	0.00035140072021153226	0.0010445016208980229	0.0004666254750100038	0.00025862460768307335	0.0004206856539568873	0.000351735631151404	0.000486205920988287	0.0008672384868897694	0.00028334156118447367	0.0002172726251300521	0.00018488062844317663	0.0005290924025376415	0.0006786689333159087	0.0004029044611044417	0.0003627761153561425	0.0006039176873974085	0.00021005494612459183	0.0010798274204560374	0.00047641788598439363	0.0005190327152840145	0.0005407022525510204	0.003356489969475392	0.002199349605615112	0.0003699707105606366	0.0003085104285014007	0.00039551868075224893	0.00011785726296518627	0.0007814822742328801	0.0002618942841833562	0.0004076329198528815	0.00036310606764524935	0.0027603559317436284	0.0021203370634556135	0.0019671652774568595	0.00215412591193687	0.0013593511574013554	0.0013202208043917567
