HP101	225	0	0.1205145437861509	0.033216695701180646	0.01395385059642444	0.38207318484225355	0.009559557085756096	0.030945006752761687	0.013470901653391995	0.28268840754173163	0.03128369742019945	0.03121558620953745	0.036842720983366654	0.038714205655244846	0.16104567083428598	0.32711253842719934	0.06838357492938704	0.37017279811152304	0.03211953825255351	0.0632872250831795	0.2914360473751648	0.46364660421915077	0.14216600164937518	0.06168120412694417	0.23865675112743706	0.4683162004060694	0.0638213061067108	0.1480860132666184	0.40278142280176626	0.10165343508578832	0.04098953003687763	0.03224520430070781	0.08940828582588224	0.013725703979770593	0.36082888346917946	0.03342941352464076	0.040842694829274745	0.03468391083686185	0.03762789948013488	0.06696357840264221	0.31390398664941627	0.20154321809236336	0.036971209257067525	0.14727607427721456	0.06825017196437298	0.04234637383416398	0.04100196974706916	0.3936371482549924	0.03824422808775167	0.26302419587742254	0.18063076888682528	0.16861817909587773	0.031927027357763864	0.30079061183086686	0.1498263189388692	0.03113268959417289	0.06386413635062554	0.25804134535512496	0.011211898995910153	0.05934375246964154	0.03533823490172078	0.12564473707230517	0.22600011678730428	0.06658049944643187	0.12118766939657796	0.2645778361724799	0.0077031239843343416	0.3559074377827694	0.03926523359545207	0.12130207323706586	0.14228551766245898	0.46530657855753116	0.37228059758017523	0.0652436251954892	0.12082099385199115	0.034198155092635386	0.033689494722062965	0.26607456066159824	0.030151363317315865	0.11847231142205833	0.03647798367964199	0.4192844528288333	0.37701000326407325	0.49171476188082186
HP104	228	0.1205145437861509	0	0.120514543786151	0.12619123096488907	0.3135798140191993	0.12051454378615094	0.09135474680141674	0.120514543786151	0.23262439163705861	0.09072216721650807	0.09442573496316707	0.09054280554765597	0.09101134960684117	0.0461420414650173	0.3010456065224086	0.0951004246800835	0.297723492159727	0.09037819634723314	0.09586070960034573	0.2630232257978739	0.43867550672110944	0.02703019197206977	0.09387339815227921	0.13177927027493383	0.39576009384554406	0.10037409646595613	0.11950996179942422	0.3358659416453673	0.09412955283136937	0.09037819634723317	0.09037819634723307	0.09460203161097605	0.12051454378615085	0.33605357717274653	0.09037819634723317	0.09893568367043211	0.09174404518742854	0.09037819634723324	0.09409456714811071	0.2364926638683949	0.09774282957464622	0.09037819634723315	0.03351652397356013	0.09327954564824699	0.09146578528970357	0.09037819634723321	0.3705222967162656	0.09037819634723324	0.17838744098298306	0.10053645300082253	0.21172415250748772	0.12051454378615087	0.32497172238457583	0.0342125273303553	0.09085755773224334	0.0927254864461115	0.1761607863898641	0.120514543786151	0.0921564368560443	0.09037819634723317	0.04151932473855073	0.14745930674239635	0.09393395229020808	0.007042947959973323	0.1545838662838671	0.12051454378615101	0.2867848523062087	0.09187896802680103	0.011864515750843524	0.05366914078615699	0.46530657855753105	0.30892336539797227	0.09037819634723313	0.050929891369183335	0.0913323001192146	0.09224913869359651	0.1908138323481046	0.12102540807846025	0.007256687451558766	0.09037819634723313	0.4192844528288334	0.29010335630615613	0.4370389271663579
HP111	235	0.033216695701180646	0.120514543786151	0	0.044126718831048524	0.3611718403267849	0.03041070545734332	0.04246573181991724	0.03690529795595745	0.28268840754173163	0.0474198228860803	0.0415064857404539	0.04367487348893242	0.050448719611945775	0.1610456708342861	0.3271125384271993	0.08315403451646228	0.3701727981115231	0.04530005894295031	0.06660953604917552	0.2914360473751649	0.46364660421915077	0.14216600164937532	0.06606884383239528	0.23865675112743714	0.46831620040606947	0.07193362165928642	0.14808601326661852	0.40278142280176626	0.1013997154234097	0.049258487999661704	0.04417512972913521	0.06449172046243788	0.03620714652771378	0.3608288834691795	0.04694071326453229	0.05573252303641939	0.04004467372485388	0.045817522479951474	0.06682063239138686	0.31390398664941643	0.20083513444917836	0.049432352324257765	0.14765074002246975	0.0773739927090502	0.053625337649536184	0.05562719232137804	0.3936371482549924	0.04644107425708265	0.2630241958774227	0.18063076888682533	0.18230126696856222	0.01579595072637279	0.30366851935955325	0.1498263189388693	0.04493796365506652	0.07063247317457591	0.2580413453551251	0.03239602369798814	0.06188018964120827	0.04210359559720694	0.1291888556616725	0.2260001167873044	0.07519099718637458	0.12118766939657812	0.26457783617248	0.03127396444428683	0.33535964390589196	0.05293052290395142	0.12265251959216641	0.1422855176624591	0.46530657855753105	0.3722805975801753	0.03458550107112215	0.12082099385199126	0.0464396685120412	0.041846054007323295	0.2660745606615984	0.04494978574556333	0.11847231142205848	0.04808794415885932	0.4192844528288335	0.3770100032640733	0.49171476188082197
HP115	239	0.01395385059642444	0.12619123096488907	0.044126718831048524	0	0.38207318484225367	0.018573461160787997	0.037746983930002316	0.013802201315794571	0.2826884075417318	0.040383318499323716	0.036083460472403524	0.047746857390258114	0.0416484917565186	0.16548335257795144	0.3271125384271993	0.07431318175241929	0.3701727981115231	0.04216391752288669	0.066174375163325	0.2914360473751649	0.4636466042191509	0.14365421040578824	0.06624934968262451	0.2386567511274372	0.4683162004060694	0.06698119186748244	0.14808601326661852	0.40278142280176643	0.1121101361252011	0.04986134074990948	0.042783121226840845	0.09136936538070776	0.015937897573791944	0.36082888346917946	0.041579005385947186	0.0451938888626124	0.04559393396672973	0.050354852138840805	0.07131055496249114	0.3139039866494163	0.20826668359658043	0.049213296800846455	0.14753962312946658	0.07277732470283349	0.05360215944919443	0.0549558203434936	0.39363714825499246	0.04914070080459854	0.26302419587742265	0.1806307688868254	0.17757058512275123	0.04438022088803298	0.3007906118308669	0.1563868464887576	0.04264895328700602	0.0667177516564344	0.258041345355125	0.02217493955773508	0.06562885932155692	0.04442164604341274	0.12802915086933853	0.22600011678730444	0.06823143554486122	0.1268623365293039	0.2645778361724801	0.020515916204069378	0.3559074377827694	0.04894722292161146	0.12747930725569048	0.14609795284563204	0.46530657855753116	0.37228059758017523	0.07457681552532924	0.1234878046914637	0.04645327775297663	0.04067141874112913	0.2660745606615983	0.036567256942397944	0.12264847408585265	0.046739486912677285	0.4192844528288334	0.37701000326407336	0.4917147618808221
HP116	240	0.38207318484225355	0.3135798140191993	0.3611718403267849	0.38207318484225367	0	0.38207318484225367	0.3542047254882952	0.3820731848422538	0.1697216551026276	0.3542047254882952	0.35420472548829524	0.3542047254882953	0.3542047254882952	0.27416786083838807	0.18913561749255556	0.3542047254882953	0.11091944452714465	0.3542047254882952	0.35420472548829524	0.198770037199009	0.22465454605612112	0.3135798140191993	0.35420472548829524	0.2695560349137923	0.24834029732404114	0.3585077130364158	0.32033784311257446	0.13492871875566428	0.3169599532354992	0.35420472548829524	0.3542047254882952	0.33330338097282636	0.38207318484225355	0.1520800891654525	0.35420472548829524	0.3542047254882952	0.3542047254882952	0.3542047254882952	0.35420472548829524	0.11391582848238437	0.274167860838388	0.3542047254882952	0.3135798140191994	0.35420472548829524	0.35420472548829524	0.3542047254882952	0.19574049822941025	0.35420472548829535	0.1615277604839369	0.24989187515347644	0.3695614203887543	0.36117184032678473	0.3478159755997364	0.31357981401919943	0.3542047254882952	0.3542047254882952	0.1680894650487345	0.38207318484225367	0.3542047254882952	0.35420472548829524	0.31357981401919927	0.2009816038566949	0.35420472548829524	0.3135798140191995	0.2634891817824236	0.38207318484225367	0.06584249130343924	0.3542047254882953	0.3135798140191994	0.27416786083838796	0.2423432269757402	0.17431220411422263	0.33330338097282636	0.31907760908857996	0.35420472548829535	0.35420472548829524	0.13401140182701546	0.38207318484225367	0.3135798140191993	0.3542047254882952	0.1712699311206229	0.12438722329900431	0.20101029613664712
HP127	251	0.009559557085756096	0.12051454378615094	0.03041070545734332	0.018573461160787997	0.38207318484225367	0	0.030945006752761735	0.012876366809551744	0.2826884075417317	0.03613013070503809	0.031529802720145904	0.03993061787411351	0.04261574354122081	0.161045670834286	0.3271125384271993	0.07351374321149869	0.3701727981115231	0.037453377610013654	0.06398259997256756	0.2914360473751648	0.46364660421915077	0.14216600164937523	0.06124971660595172	0.23865675112743714	0.4683162004060694	0.06398142734352687	0.14808601326661844	0.4027814228017662	0.10139971542340959	0.0421988005400035	0.037348537154117616	0.08940828582588228	0.01968773043941089	0.3608288834691796	0.039736973598131574	0.04373244653045825	0.03558559052660865	0.0368636357192484	0.06682063239138679	0.31390398664941627	0.2008351344491783	0.03743227581829664	0.14727607427721462	0.07378135846076826	0.04150400133598984	0.041461113609195445	0.39363714825499235	0.037394114489503034	0.26302419587742254	0.18063076888682525	0.1672686030474938	0.030234666844822893	0.3034279897937308	0.14982631893886922	0.034616364776262704	0.06412905161837393	0.25804134535512496	0.015330609161315855	0.059004771764026805	0.03629378422030305	0.12564473707230517	0.22600011678730433	0.06684541471418026	0.12118766939657803	0.26457783617248	0.0080339757716131	0.3559074377827695	0.04276174830671534	0.1213020732370659	0.142285517662459	0.46530657855753116	0.37228059758017523	0.06359262277113673	0.12082099385199117	0.030854305417943817	0.03500871395023422	0.2660745606615982	0.034178835270877735	0.11847231142205837	0.03875748527432935	0.41928445282883336	0.37701000326407325	0.49171476188082197
HP130	254	0.030945006752761687	0.09135474680141674	0.04246573181991724	0.037746983930002316	0.3542047254882952	0.030945006752761735	0	0.03225623295804088	0.2826884075417317	0.02264999111859061	0.01027233236795514	0.021601659845961397	0.027554510182615757	0.1340558686343936	0.30104560652240847	0.05663503015917745	0.33922779135876135	0.01794639119628106	0.03996983259806975	0.26302322579787385	0.46364660421915077	0.11211062037135562	0.03933340916774841	0.21047022863877154	0.4373711936533076	0.04529391820818064	0.1188141402244394	0.37575283218387356	0.07436315219519875	0.028257540206173177	0.02188135997098201	0.06629469151408168	0.03172057492110518	0.3360535771727465	0.02315931466721957	0.036222372490262694	0.021546353099929565	0.02480800793477922	0.03914998868326862	0.2836668108235253	0.17611097555199268	0.026136959894782704	0.12100712296904453	0.05421110214278355	0.03262438985604766	0.032514754535827146	0.37052229671626546	0.022999979309124348	0.2345684100932086	0.15151551097196833	0.1855196662098946	0.04811655928499733	0.3045042062240064	0.12362537796605805	0.023747441438278116	0.03989097755530804	0.22709633860236328	0.03751399206042991	0.03564160616194677	0.016073057279154822	0.10277862171121287	0.19851489866969957	0.044449501567106704	0.0962416122189894	0.2372196994201875	0.031099510169850544	0.3285380112172034	0.031805346905123155	0.09877329175400641	0.11405257397567677	0.46530657855753105	0.3722805975801753	0.042537808684653594	0.08987598709922946	0.023737457023826958	0.01040369124942059	0.23602291466749356	0.045157210481376664	0.09284218548221086	0.02145804735621186	0.41928445282883336	0.3499553499906209	0.47099919357754205
HP135	259	0.013470901653391995	0.120514543786151	0.03690529795595745	0.013802201315794571	0.3820731848422538	0.012876366809551744	0.03225623295804088	0	0.2826884075417317	0.03704267754708915	0.03121558620953757	0.04061938057283087	0.04290633863286278	0.1610456708342861	0.3271125384271993	0.07510764734252266	0.3701727981115231	0.03653758553482478	0.06405309641789292	0.2914360473751649	0.4636466042191509	0.1421660016493753	0.06374648300716297	0.2386567511274372	0.4683162004060694	0.06638423964590517	0.14808601326661852	0.40278142280176626	0.10488871525011	0.043838785524282664	0.038623307251197635	0.08940828582588235	0.017897454004234037	0.36082888346917946	0.03956901136604216	0.049602981797304053	0.03846269236237706	0.04465775778760456	0.06902885728286103	0.3139039866494163	0.20316654146692142	0.043516202449610214	0.14727607427721467	0.07244230494199089	0.04853785119913346	0.04925872599225735	0.39363714825499246	0.04192476847050473	0.26302419587742254	0.18063076888682533	0.16866941830372287	0.03868312653679672	0.30308624385435806	0.15128670435909863	0.03817248718769397	0.06271024239411709	0.258041345355125	0.022037464844158184	0.06140903134986036	0.037372438352226374	0.12564473707230528	0.2260001167873044	0.06438898525809435	0.12176219439964486	0.26457783617248	0.014918217920813198	0.3559074377827694	0.0472360679800597	0.1223357925492016	0.1422855176624591	0.46530657855753105	0.37228059758017523	0.06735539465023817	0.12136652594603163	0.04075618340174038	0.03376546761668521	0.2660745606615983	0.031758501480656454	0.11847231142205841	0.03951806603758621	0.4192844528288335	0.3770100032640733	0.49171476188082197
HP136	260	0.28268840754173163	0.23262439163705861	0.28268840754173163	0.2826884075417318	0.1697216551026276	0.2826884075417317	0.2826884075417317	0.2826884075417317	0	0.2826884075417316	0.28268840754173163	0.2826884075417317	0.28268840754173163	0.20013856840678193	0.17492647874787487	0.2826884075417317	0.14035058394699876	0.2826884075417317	0.2826884075417317	0.12848066052227142	0.24131255447399466	0.23262439163705853	0.28268840754173163	0.2078701165727005	0.2604618116831398	0.28268840754173163	0.250202584311455	0.18820868776408853	0.250202584311455	0.28268840754173163	0.2826884075417316	0.2826884075417315	0.2826884075417316	0.1689177128080152	0.28268840754173163	0.28268840754173163	0.28268840754173163	0.2826884075417317	0.2826884075417317	0.11648474250778836	0.20675147770803337	0.2826884075417317	0.23356518355338918	0.28268840754173163	0.2826884075417317	0.28268840754173163	0.21158514569543463	0.2826884075417317	0.07717914356648456	0.15840042658482975	0.28782564651541787	0.28268840754173163	0.22586662697275814	0.23262439163705861	0.28268840754173163	0.28268840754173163	0.07351100988213133	0.2826884075417317	0.28268840754173175	0.2826884075417317	0.2326243916370586	0.135831539282369	0.2826884075417317	0.23262439163705861	0.20736131446010467	0.2826884075417318	0.15461568599219797	0.2826884075417317	0.23262439163705861	0.20013856840678185	0.24740861658105315	0.1735150160039721	0.28268840754173163	0.23281655312534608	0.2826884075417317	0.2826884075417317	0.12352937720271574	0.28268840754173163	0.23262439163705853	0.2826884075417317	0.20091611200188483	0.1473682398737819	0.23903591115376402
HP139	263	0.03128369742019945	0.09072216721650807	0.0474198228860803	0.040383318499323716	0.3542047254882952	0.03613013070503809	0.02264999111859061	0.03704267754708915	0.2826884075417316	0	0.018692661957378277	0.014355125555614055	0.00755859061085895	0.13237107649883736	0.3010456065224084	0.042357005811927334	0.3403804215418802	0.006307856370450943	0.03397564895687043	0.2630232257978738	0.4636466042191506	0.1123736250797324	0.0336690355461405	0.2104702286387715	0.4385238238364265	0.035025015926990505	0.11829363669697565	0.3757528321838734	0.07364126650498465	0.009736026678582657	0.009207115536993512	0.05961590925623944	0.03853953032419917	0.3360535771727465	0.007649961043381326	0.016784405385353172	0.01035563986093004	0.015480432232090316	0.03895140982183853	0.2841116100797735	0.1720488986311199	0.01568269914815865	0.11748369770757174	0.037651227755730175	0.015063154123490045	0.015212184843543338	0.37052229671626546	0.009104495899124118	0.2345684100932085	0.15151551097196822	0.17290524027234208	0.05516654870691186	0.3116763007429643	0.12043432264269907	0.00511630908487308	0.035072443224927814	0.22824896878548215	0.03267102131651334	0.03240153347024697	0.014118748968066254	0.09585236050266237	0.19851489866969954	0.03778880632073415	0.09187319357061444	0.2372196994201875	0.03229198416662717	0.32853801121720333	0.010913678560967281	0.09150969666742308	0.11249314109281615	0.465306578557531	0.3722805975801753	0.03419349702600552	0.09128907848500914	0.007175473785288173	0.021669369501851766	0.23628218409195548	0.037813374616145534	0.08867993485241552	0.00890572759310607	0.41928445282883336	0.3499553499906209	0.47099919357754194
HP141	265	0.03121558620953745	0.09442573496316707	0.0415064857404539	0.036083460472403524	0.35420472548829524	0.031529802720145904	0.01027233236795514	0.03121558620953757	0.28268840754173163	0.018692661957378277	0	0.018519906846372256	0.022477575873145823	0.1323710764988374	0.3010456065224084	0.05505167919592489	0.33895721190198563	0.014864638196691924	0.03799002789523794	0.26302322579787385	0.46364660421915077	0.11584647030003993	0.039559414411846267	0.21050004473826844	0.43710061419653184	0.04274964226569249	0.11711867846080047	0.3757528321838735	0.07827431682506894	0.023891627464687648	0.018799606971392872	0.06257996416763814	0.035717238911187346	0.3360535771727465	0.01974531108623741	0.0277310528244668	0.01873517955711619	0.021726254935190082	0.0421821909910269	0.2836668108235253	0.17461257351565607	0.022107178773544605	0.11606048806767708	0.04875863122321895	0.027598624550004176	0.02943300153623801	0.3705222967162655	0.019918226309535207	0.23456841009320856	0.15151551097196828	0.17871770244694962	0.04908355238409162	0.30311377328312245	0.12338936147173195	0.0199073870635191	0.03666849369733426	0.22682575914558747	0.03342935077389094	0.03593670011789627	0.012991304279565685	0.1013483026450725	0.19851489866969957	0.0429286856363736	0.09267998644047429	0.23721969942018753	0.03276052256751032	0.32853801121720333	0.025590214718917616	0.09411176258788644	0.11257668210698422	0.46530657855753105	0.3722805975801753	0.0407409962251971	0.09451985965419749	0.01998160821987003	0.010376737428872022	0.23602291466749356	0.043341901902005	0.08949904529972563	0.018256294052123253	0.4192844528288335	0.3499553499906209	0.47099919357754216
HP152	276	0.036842720983366654	0.09054280554765597	0.04367487348893242	0.047746857390258114	0.3542047254882953	0.03993061787411351	0.021601659845961397	0.04061938057283087	0.2826884075417317	0.014355125555614055	0.018519906846372256	0	0.017481544234124572	0.13237107649883748	0.30104560652240847	0.040208815395261534	0.33883231464200053	0.010918871065541208	0.030329576722761504	0.2630232257978739	0.46364660421915077	0.1121106203713557	0.036877711691140874	0.21047022863877154	0.43326077147813297	0.035787842280188775	0.11711867846080057	0.3757528321838735	0.06604326140611803	0.009792572085777863	0.008695481709848622	0.062011216841957185	0.04281126151633575	0.3360535771727465	0.010486194608580527	0.023575147628082008	0.011261141638037245	0.009783325404395938	0.03373565923185143	0.2836668108235254	0.17204889863112005	0.011598771126620068	0.11405644648236882	0.04024713133305577	0.01632464624421268	0.016609829596486027	0.37052229671626563	0.01084699468192601	0.23456841009320864	0.15151551097196841	0.18403897706935138	0.05422787569738912	0.31155777488975467	0.12043432264269918	0.01333014813195671	0.038055762935810415	0.22551559289048836	0.036670208138680424	0.03376769340110203	0.010832764498159557	0.09690710894074364	0.19851489866969965	0.04109199437399174	0.09218915988344639	0.23721969942018764	0.03609792334601882	0.3285380112172034	0.017002873269178202	0.08958801913690648	0.10618759431644023	0.46530657855753105	0.3722805975801754	0.03093885695802879	0.08654328022471318	0.017886901177889318	0.02232516295044182	0.23602291466749367	0.04316095313923581	0.08853026090872804	0.011436464171927079	0.4192844528288335	0.34995534999062106	0.47099919357754205
HP158	282	0.038714205655244846	0.09101134960684117	0.050448719611945775	0.0416484917565186	0.3542047254882952	0.04261574354122081	0.027554510182615757	0.04290633863286278	0.28268840754173163	0.00755859061085895	0.022477575873145823	0.017481544234124572	0	0.13237107649883748	0.3010456065224084	0.04448078475853378	0.3396447513806442	0.011070863257289475	0.03447958424839143	0.26302322579787385	0.4636466042191507	0.11243208494371404	0.03420691113635787	0.2104702286387716	0.43778815367519036	0.03741672966382564	0.11755796653573956	0.3757528321838735	0.07414520179650565	0.012138049717914068	0.013837841742654842	0.05890243271603458	0.03872694117209025	0.33605357717274653	0.011366503703757332	0.01595520768483048	0.01246130398968964	0.02034522041889609	0.0397367217218894	0.2836668108235254	0.17204889863112	0.020547487334964417	0.1167480275463357	0.03368765185990633	0.01437188515301221	0.017335963790149796	0.3705222967162656	0.010344350405917555	0.2345684100932086	0.1515155109719683	0.17648321619024457	0.06063892467914025	0.31154821836715074	0.12043432264269915	0.010571382787442143	0.03629490532650878	0.22751329862424605	0.0355508827759591	0.03277738638595443	0.017235611123973024	0.09549183680984276	0.1985148986696996	0.03965020831864019	0.09187319357061453	0.23721969942018759	0.03795338385295667	0.3285380112172034	0.01043966636658925	0.090774026506187	0.11175747093158009	0.46530657855753105	0.3722805975801753	0.0345075566818262	0.09179301377653014	0.01254418319883197	0.025595292498556844	0.23602291466749362	0.04435183383662464	0.08830722493501096	0.014108804387643408	0.4192844528288334	0.349955349990621	0.47099919357754205
HP169	293	0.16104567083428598	0.0461420414650173	0.1610456708342861	0.16548335257795144	0.27416786083838807	0.161045670834286	0.1340558686343936	0.1610456708342861	0.20013856840678193	0.13237107649883736	0.1323710764988374	0.13237107649883748	0.13237107649883748	0	0.2650698226319713	0.13765419684027755	0.26725523395751755	0.13237107649883736	0.13841448176053978	0.2630232257978739	0.4386755067211094	0.05699643329964232	0.13642717031247326	0.10446699718806358	0.3728805814182894	0.14292786862615015	0.10602191238705837	0.31454550184267516	0.09766604350259442	0.13237107649883742	0.13237107649883736	0.13484767868767727	0.16104567083428598	0.3360535771727464	0.1323710764988374	0.1328711664357471	0.1323710764988374	0.13237107649883748	0.1366483393083047	0.2117682545679457	0.06125783987168306	0.13237107649883736	0.05476882928843926	0.13237107649883742	0.13237107649883745	0.13237107649883742	0.3705222967162655	0.13237107649883745	0.1406891407897901	0.07202945008539245	0.22655081327234367	0.16104567083428592	0.29158215330909165	0.047728272782709184	0.13237107649883742	0.13358337731578201	0.14041441533408933	0.16104567083428606	0.13471020901623834	0.13237107649883736	0.07800552502330392	0.11413446396580466	0.13648772445040216	0.04556649260753573	0.11965617913702371	0.16104567083428611	0.2617547128433044	0.1323710764988375	0.04582361013955624	0.03129916762338756	0.447547184987835	0.30892336539797227	0.13237107649883736	0.0927551316251889	0.13237107649883745	0.13332371136322116	0.1598536548566653	0.16211742713518518	0.045800524716189256	0.13237107649883734	0.39690486173270473	0.25785206900327917	0.41387821770702105
HP172	296	0.32711253842719934	0.3010456065224086	0.3271125384271993	0.3271125384271993	0.18913561749255556	0.3271125384271993	0.30104560652240847	0.3271125384271993	0.17492647874787487	0.3010456065224084	0.3010456065224084	0.30104560652240847	0.3010456065224084	0.2650698226319713	0	0.30104560652240847	0.12446527683644884	0.3010456065224084	0.30104560652240847	0.15007599720337453	0.25402575674932676	0.3010456065224085	0.30104560652240847	0.27912315933060267	0.2766759329004989	0.30428906082519	0.26611919090134856	0.13934712929294565	0.2650698226319713	0.3010456065224084	0.30104560652240836	0.3010456065224084	0.32711253842719923	0.13456319291589378	0.3010456065224084	0.3010456065224084	0.3010456065224084	0.30104560652240847	0.30104560652240847	0.16485640213784908	0.2650698226319713	0.3010456065224084	0.30104560652240847	0.30104560652240847	0.3010456065224084	0.3010456065224084	0.15286143314188497	0.30104560652240847	0.19179191574795132	0.22773124775820075	0.27563566981683024	0.32711253842719923	0.2539464318378737	0.30104560652240847	0.30104560652240847	0.3010456065224085	0.19058668525762645	0.3271125384271993	0.30104560652240847	0.30104560652240847	0.30104560652240847	0.22621769768727873	0.3010456065224084	0.3010456065224085	0.2733747756946163	0.3271125384271993	0.18708264447616454	0.30104560652240847	0.30104560652240847	0.2650698226319713	0.25835491525604054	0.14505922651118108	0.3010456065224084	0.30548386834644986	0.30104560652240847	0.30104560652240847	0.16978284056711107	0.32711253842719934	0.30104560652240836	0.3010456065224084	0.19279394860285975	0.12677384655050206	0.21996027788548828
HP173	297	0.06838357492938704	0.0951004246800835	0.08315403451646228	0.07431318175241929	0.3542047254882953	0.07351374321149869	0.05663503015917745	0.07510764734252266	0.2826884075417317	0.042357005811927334	0.05505167919592489	0.040208815395261534	0.04448078475853378	0.13765419684027755	0.30104560652240847	0	0.33883231464200053	0.04201401303751648	0.01797083735193579	0.26302322579787396	0.4636466042191507	0.08508042839928592	0.023499397102952065	0.1868876919855013	0.43326077147813297	0.017575708716105084	0.08888127975031751	0.3757528321838736	0.07967707309131963	0.03846441211976333	0.03947329722253294	0.033203417706088825	0.08064594899057052	0.33605357717274653	0.03902210230685735	0.04855802141453783	0.04716394431023309	0.03912041751719162	0.024281757329740385	0.2836668108235254	0.15232416431204565	0.03920111169799091	0.08893901281371773	0.016292969099956922	0.04069696920944113	0.03333566325739165	0.3705222967162656	0.04020230729851148	0.23456841009320864	0.1265231169623786	0.18715121841662385	0.08601925573550907	0.3246107489279818	0.12784028879036224	0.04004695836100257	0.02297741804023955	0.22551559289048834	0.06838357492938714	0.027139235454954957	0.042722707750653025	0.06691074596139031	0.19851489866969965	0.021340344259606323	0.09990435845062141	0.21129957503602123	0.06967559667308777	0.30866409967225233	0.0381586887445973	0.09656731917647578	0.1102286417292677	0.46530657855753116	0.3722805975801754	0.0495155631646899	0.06057457868782392	0.04464234087376261	0.061208563301813866	0.23602291466749367	0.04334914586186625	0.0945072261035451	0.04124992369151243	0.4003702461948559	0.349955349990621	0.4509414308160858
HP176	300	0.37017279811152304	0.297723492159727	0.3701727981115231	0.3701727981115231	0.11091944452714465	0.3701727981115231	0.33922779135876135	0.3701727981115231	0.14035058394699876	0.3403804215418802	0.33895721190198563	0.33883231464200053	0.3396447513806442	0.26725523395751755	0.12446527683644884	0.33883231464200053	0	0.3388323146420005	0.3388323146420004	0.14834737810765497	0.18027667764740996	0.29780445832062524	0.3388323146420005	0.2695628216073078	0.18349897912676505	0.33883231464200053	0.3072754520000265	0.07959425902114102	0.3069023033363219	0.33883231464200053	0.3388323146420004	0.33883231464200037	0.370172798111523	0.10265618553321039	0.3388323146420005	0.3412779031266565	0.3414022995128007	0.33883231464200053	0.3388323146420005	0.11670547418704857	0.2671435924749078	0.3388323146420005	0.29651935612912217	0.3388323146420005	0.3388323146420006	0.33883231464200053	0.1649137997673291	0.33883231464200053	0.16089977984381565	0.22483457475599522	0.3538975042833826	0.370172798111523	0.2772204169594102	0.2984678433024746	0.3405158120576155	0.33883231464200053	0.15980855040551734	0.3701727981115232	0.33902630061383726	0.3388323146420005	0.29714821594884866	0.2292555944500955	0.3388323146420004	0.29854536377268115	0.2685716915406736	0.3701727981115231	0.11289077982966934	0.3388323146420006	0.2965193561291221	0.2645893448234435	0.20539305840821676	0.08979157232919452	0.3388323146420005	0.29651935612912217	0.3409905544445868	0.33973528541138254	0.161099791352146	0.3701727981115231	0.2976947531115972	0.3388323146420005	0.137017086187198	0.03726834700311784	0.17160721639309928
HP179	303	0.03211953825255351	0.09037819634723314	0.04530005894295031	0.04216391752288669	0.3542047254882952	0.037453377610013654	0.01794639119628106	0.03653758553482478	0.2826884075417317	0.006307856370450943	0.014864638196691924	0.010918871065541208	0.011070863257289475	0.13237107649883736	0.3010456065224084	0.04201401303751648	0.3388323146420005	0	0.031167686830625985	0.26302322579787385	0.46364660421915077	0.1121106203713556	0.03232594750453962	0.2104702286387715	0.4361966621535159	0.03576364722563621	0.11711867846080047	0.37575283218387356	0.06999973673701146	0.012317908447874521	0.0067270498852184816	0.05938300310040821	0.038799449630396075	0.3360535771727465	0.00794303226012373	0.021959473761923008	0.008258161881645921	0.015422913068899615	0.03530988005386535	0.2836668108235253	0.17315678623006306	0.015977754826922985	0.11515653602466104	0.03750415838360816	0.017044040586107995	0.01616547640278984	0.37052229671626546	0.008831518881037224	0.23456841009320856	0.15151551097196828	0.17640894990635653	0.054932213694195604	0.3098307746024824	0.12067118864412849	0.007862022290289898	0.033057269073902364	0.2259218071025714	0.033397581523572965	0.02885386348706458	0.008058120198840881	0.09648058255241779	0.19851489866969954	0.03711844308570641	0.09187319357061445	0.23721969942018753	0.03361523107160274	0.3285380112172033	0.014147168480005072	0.08958801913690635	0.11016597940990545	0.46530657855753105	0.3722805975801753	0.033523890898693696	0.08870145559943764	0.011833116430196525	0.019565735016987912	0.23602291466749348	0.03705439130170298	0.08830722493501089	0.0064349941770569935	0.4192844528288333	0.34995534999062083	0.47099919357754216
HP182	306	0.0632872250831795	0.09586070960034573	0.06660953604917552	0.066174375163325	0.35420472548829524	0.06398259997256756	0.03996983259806975	0.06405309641789292	0.2826884075417317	0.03397564895687043	0.03799002789523794	0.030329576722761504	0.03447958424839143	0.13841448176053978	0.30104560652240847	0.01797083735193579	0.3388323146420004	0.031167686830625985	0	0.26302322579787385	0.4636466042191509	0.08550277810518378	0.01283753151155154	0.1868876919855012	0.43470478358768005	0.0078894164892167	0.08888127975031741	0.37575283218387356	0.07721729274470333	0.030414613136120875	0.03165201472653186	0.036358062223022174	0.06787018995162064	0.3360535771727464	0.03103625114687297	0.04292282238727135	0.03451672648445719	0.029740235256357106	0.011113779396736143	0.2836668108235254	0.1530844492323079	0.030610511415461616	0.08969929773398	0.022524083973174888	0.033264988468120496	0.03268827903245046	0.37052229671626563	0.029675808264790295	0.2345684100932086	0.1265231169623785	0.19221214494313188	0.07604028981531633	0.31499069804401386	0.12860057371062444	0.03411376499065183	0.015447956480215583	0.22551559289048828	0.06328722508317962	0.014523219877226382	0.029675808264790233	0.07055268928667341	0.1985148986696996	0.016874859455365356	0.09915358422137727	0.21129957503602112	0.06328722508317963	0.30866409967225233	0.03239628493400306	0.09794477986005262	0.1140922595452797	0.46530657855753105	0.3722805975801753	0.03996139739935391	0.05753376876881164	0.034504301806820986	0.04399801087014041	0.23602291466749356	0.033611416818389375	0.09408911111684216	0.029675808264790184	0.4003702461948558	0.349955349990621	0.4509414308160858
HP192	316	0.2914360473751648	0.2630232257978739	0.2914360473751649	0.2914360473751649	0.198770037199009	0.2914360473751648	0.26302322579787385	0.2914360473751649	0.12848066052227142	0.2630232257978738	0.26302322579787385	0.2630232257978739	0.26302322579787385	0.2630232257978739	0.15007599720337453	0.26302322579787396	0.14834737810765497	0.26302322579787385	0.26302322579787385	0	0.2271048255574854	0.2630232257978739	0.26302322579787385	0.2720831921669953	0.2623997127223707	0.2630232257978739	0.2630232257978739	0.1871628439354533	0.26302322579787385	0.26302322579787385	0.2630232257978738	0.26302322579787385	0.29143604737516476	0.11093363537539963	0.26302322579787385	0.26302322579787385	0.26302322579787385	0.2630232257978739	0.26302322579787396	0.13557533428345206	0.2690582789529162	0.2630232257978738	0.26526392151784267	0.26302322579787385	0.26302322579787385	0.26302322579787385	0.15957796868336152	0.2630232257978739	0.1508605200353005	0.2225416725748323	0.2999817054402357	0.2914360473751648	0.2413786065412019	0.26302322579787385	0.26302322579787385	0.2630232257978739	0.14438397598473168	0.2914360473751648	0.2630232257978739	0.26302322579787385	0.2630232257978739	0.20048836086962885	0.26302322579787385	0.2630232257978739	0.2802791100659283	0.2914360473751649	0.17785563858639905	0.26302322579787396	0.26302322579787385	0.26302322579787385	0.22807461733189538	0.17942087140785468	0.26302322579787385	0.26302322579787385	0.26302322579787385	0.26302322579787396	0.16469201581928605	0.2914360473751649	0.2630232257978738	0.26302322579787385	0.18417444101351987	0.1562101235558473	0.24514699573635726
HP194	318	0.46364660421915077	0.43867550672110944	0.46364660421915077	0.4636466042191509	0.22465454605612112	0.46364660421915077	0.46364660421915077	0.4636466042191509	0.24131255447399466	0.4636466042191506	0.46364660421915077	0.46364660421915077	0.4636466042191507	0.4386755067211094	0.25402575674932676	0.4636466042191507	0.18027667764740996	0.46364660421915077	0.4636466042191509	0.2271048255574854	0	0.4386755067211094	0.46364660421915077	0.4386755067211094	0.27216524539625425	0.4636466042191509	0.46364660421915077	0.2096206529350374	0.4636466042191509	0.4636466042191509	0.46364660421915066	0.46364660421915066	0.46364660421915066	0.15184830883222922	0.4636466042191509	0.46364660421915077	0.46364660421915077	0.46364660421915077	0.4636466042191509	0.2521073213146579	0.43867550672110944	0.46364660421915077	0.4386755067211094	0.4636466042191509	0.4636466042191509	0.46364660421915077	0.1840269423394545	0.46364660421915077	0.30092162473137407	0.39726562621891653	0.44037780546750194	0.46364660421915066	0.36827629867292955	0.4386755067211094	0.4636466042191507	0.46364660421915077	0.3025371251996999	0.4636466042191507	0.46364660421915077	0.4636466042191509	0.4386755067211094	0.37436847759669645	0.4636466042191507	0.43867550672110944	0.4386755067211093	0.46364660421915077	0.23917574870110503	0.4636466042191509	0.43867550672110944	0.43867550672110944	0.1715406075381294	0.16780007119817322	0.46364660421915077	0.4386755067211094	0.46364660421915077	0.46364660421915077	0.30306477753991595	0.46364660421915077	0.4386755067211094	0.46364660421915066	0.13633812488611502	0.18581132937125508	0.1736212291492117
HP199	323	0.14216600164937518	0.02703019197206977	0.14216600164937532	0.14365421040578824	0.3135798140191993	0.14216600164937523	0.11211062037135562	0.1421660016493753	0.23262439163705853	0.1123736250797324	0.11584647030003993	0.1121106203713557	0.11243208494371404	0.05699643329964232	0.3010456065224085	0.08508042839928592	0.29780445832062524	0.1121106203713556	0.08550277810518378	0.2630232257978739	0.4386755067211094	0	0.08508042839928581	0.10819673362166358	0.3958410600064422	0.09001616497079416	0.09990872650009237	0.3358659416453675	0.11435825944194784	0.11211062037135562	0.11211062037135557	0.08707686479552897	0.14216600164937515	0.33605357717274653	0.11211062037135562	0.12027545284640682	0.11339550305065287	0.11211062037135569	0.08508042839928588	0.23657363002929302	0.07898518788906643	0.11211062037135562	0.013944452580899224	0.0855068501249631	0.11211062037135566	0.11211062037135565	0.37052229671626546	0.11211062037135569	0.17838744098298306	0.07768446936106113	0.2253418693611115	0.14216600164937515	0.3338558444761557	0.0455378743843848	0.11250901559546767	0.08646462100255985	0.1762417525507623	0.14216600164937523	0.08508042839928594	0.11211062037135562	0.02602872370719215	0.14745930674239635	0.08508042839928585	0.03258545074644702	0.12866374189970073	0.14216600164937532	0.26691094076125765	0.11329970336367391	0.028475028151652794	0.06572761074263439	0.4653065785575312	0.3089233653979724	0.11211062037135562	0.039121357160764064	0.11298375798243887	0.11309515289418334	0.19081383234810456	0.1151358096773055	0.02957422153603926	0.1121106203713556	0.40037024619485584	0.2901033563061561	0.4169811644049017
HP200	324	0.06168120412694417	0.09387339815227921	0.06606884383239528	0.06624934968262451	0.35420472548829524	0.06124971660595172	0.03933340916774841	0.06374648300716297	0.28268840754173163	0.0336690355461405	0.039559414411846267	0.036877711691140874	0.03420691113635787	0.13642717031247326	0.30104560652240847	0.023499397102952065	0.3388323146420005	0.03232594750453962	0.01283753151155154	0.26302322579787385	0.46364660421915077	0.08508042839928581	0	0.1868876919855012	0.43694998392005685	0.016584087769561443	0.08888127975031737	0.3757528321838735	0.07592205442112955	0.035324429557010865	0.03344721352774955	0.03021851925149267	0.07037207536839461	0.3360535771727464	0.03296075510689175	0.04631975931028644	0.034727256033236426	0.034936301499396125	0.01009355814422341	0.2836668108235253	0.15109713778424136	0.03791094985853749	0.08968343667252439	0.026680407102652945	0.038209818544043345	0.03432380110112036	0.3705222967162655	0.030328538053952844	0.2345684100932085	0.12652311696237845	0.18348491214645704	0.06989668058883021	0.31281898625078397	0.12661326226255795	0.03441597310458593	0.01585986316207121	0.22667512886911254	0.0612497166059518	0.004321703168143714	0.03164395542925065	0.06568606860366351	0.19851489866969954	0.011621303372018811	0.09716627277331075	0.21129957503602112	0.06124971660595181	0.3086640996722524	0.036109888953202905	0.0956881302628186	0.11435014842959003	0.46530657855753105	0.37228059758017523	0.04555594514535549	0.05957127724603946	0.03419768839609106	0.042875220128144105	0.23602291466749356	0.03293429345034006	0.09210179966877564	0.030564394683483327	0.40037024619485584	0.3499553499906209	0.45094143081608573
HP202	326	0.23865675112743706	0.13177927027493383	0.23865675112743714	0.2386567511274372	0.2695560349137923	0.23865675112743714	0.21047022863877154	0.2386567511274372	0.2078701165727005	0.2104702286387715	0.21050004473826844	0.21047022863877154	0.2104702286387716	0.10446699718806358	0.27912315933060267	0.1868876919855013	0.2695628216073078	0.2104702286387715	0.1868876919855012	0.2720831921669953	0.4386755067211094	0.10819673362166358	0.1868876919855012	0	0.37336865326507235	0.18688769198550123	0.13300200789084762	0.29439957985680154	0.15468969027876397	0.21047022863877154	0.2104702286387715	0.18688769198550115	0.23865675112743712	0.3372870214697892	0.21047022863877154	0.21376854099148235	0.21047022863877154	0.21047022863877154	0.1868876919855012	0.1898000287233551	0.06721083206415954	0.21047022863877146	0.10844587582912388	0.1868876919855012	0.21047022863877152	0.21047022863877154	0.3705222967162656	0.2104702286387716	0.154627850990783	0.10948600822963227	0.293161359208651	0.238656751127437	0.3393940842591953	0.13177927027493377	0.21047022863877154	0.18688769198550126	0.15061177721896463	0.23865675112743712	0.18688769198550131	0.21047022863877152	0.1334075257552567	0.08565406359618587	0.18688769198550126	0.13244182503712634	0.03724674435456042	0.23865675112743714	0.2200475518968818	0.2104702286387716	0.1317792702749338	0.12687956690585564	0.44754718498783513	0.3089233653979723	0.21047022863877146	0.1334075257552567	0.2104702286387716	0.2104702286387716	0.14243573695396047	0.21507421447416686	0.1317792702749338	0.21047022863877143	0.359555366873067	0.2599928608034848	0.3938204549455649
