HP04	50	0.0	0.00021261949644822437	0.006436282858423202	0.0007060261371251413	0.0002387988211885214	0.007512225572031863
HP05	51	0.00021261949644822437	0.0	0.006339396728878429	0.0008304013185565896	6.903536018439374e-05	0.007415339442487091
HP07	53	0.006436282858423202	0.006339396728878429	0.0	0.006911185378842175	0.00634461806928358	0.0012285441970756718
HP11	57	0.0007060261371251413	0.0008304013185565896	0.006911185378842175	0.0	0.0008420799523609444	0.007830231262884544
HP12	58	0.0002387988211885214	6.903536018439374e-05	0.00634461806928358	0.0008420799523609444	0.0	0.007412851252930712
HP14	60	0.007512225572031863	0.007415339442487091	0.0012285441970756718	0.007830231262884544	0.007412851252930712	0.0
