6
1          0.0000000 0.0078572 0.0038120 0.0076410 0.0196371 0.0039199 
1158       0.0078572 0.0000000 0.0118113 0.0157846 0.0038847 0.0039165 
329        0.0038120 0.0118113 0.0000000 0.0038102 0.0236171 0.0078572 
332        0.0076410 0.0157846 0.0038102 0.0000000 0.0276151 0.0118113 
848        0.0196371 0.0038847 0.0236171 0.0276151 0.0000000 0.0078495 
18         0.0039199 0.0039165 0.0078572 0.0118113 0.0078495 0.0000000 
