11
C1d-noName-C42.2-C1-noName	10	0	0.2637447251054979	1.0	0.27949441011179776	1.0	0.28038439231215373	0.5347293054138917	1.0	1.0	0.5347246527534725	1.0
C1d/C42.2-C1-C3cg	11	0.2637447251054979	0	1.0	0.14718705625887482	1.0	0.1729265414691706	0.503489930201396	1.0	1.0	0.39157608423915763	1.0
C31-C17d-C31.1-C21-C31a-noName	12	1.0	1.0	0	1.0	0.37999860004199876	0.8270734585308294	0.6477870442591148	0.2618084547886303	0.4400811983760325	1.0	0.6330536694633053
C1d-noName-C42.2-C1	13	0.27949441011179776	0.14718705625887482	1.0	0	1.0	0.18370632587348254	0.503489930201396	1.0	1.0	0.4024159758402416	1.0
C31/C17d-C21-C21ac-C31.9	14	1.0	1.0	0.37999860004199876	1.0	0	0.8270751877443677	0.631741047768567	0.18626848060317888	0.15778526644200674	1.0	0.6594168116637668
C1d-C31-C42.2-C1	15	0.28038439231215373	0.1729265414691706	0.8270734585308294	0.18370632587348254	0.8270751877443677	0	0.33056338873222535	0.8270743231419214	0.8270734585308294	0.43394566054339456	0.8270717292827072
C1d/C31/C17d-2099_C	16	0.5347293054138917	0.503489930201396	0.6477870442591148	0.503489930201396	0.631741047768567	0.33056338873222535	0	0.631739206519837	0.631737365252695	0.5034849651503485	0.8056119438805612
C31-C17d-C21-C21ac-C31a-C17e	18	1.0	1.0	0.2618084547886303	1.0	0.18626848060317888	0.8270743231419214	0.631739206519837	0	0.21278968025799355	1.0	0.643475347869782
C31/C17d-C21-C21ac-C17e-C17f-C31.9	19	1.0	1.0	0.4400811983760325	1.0	0.15778526644200674	0.8270734585308294	0.631737365252695	0.21278968025799355	0	1.0	0.7195028049719503
C1d	20	0.5347246527534725	0.39157608423915763	1.0	0.4024159758402416	1.0	0.43394566054339456	0.5034849651503485	1.0	1.0	0	1.0
C31	21	1.0	1.0	0.6330536694633053	1.0	0.6594168116637668	0.8270717292827072	0.8056119438805612	0.643475347869782	0.7195028049719503	1.0	0
