175
1          0.0000000 0.0000010 0.0254274 0.0038584 0.0078966 0.0038691 0.0039686 0.0038834 0.0079368 0.0079368 0.0078308 0.0122112 0.0208613 0.0123942 0.0038824 0.0080353 0.0263820 0.0254137 0.0123062 0.0122112 0.0255817 0.0122356 0.0254137 0.0122356 0.0080419 0.0210589 0.0080419 0.0080353 0.0122112 0.0038691 0.0253439 0.0127250 0.0122458 0.0122356 0.0296458 0.0080353 0.0267495 0.0120533 0.0120632 0.0263820 0.0079368 0.0208613 0.0228551 0.0122356 0.0078944 0.0119190 0.0302228 0.0348998 0.0039686 0.0080353 0.0253653 0.0038887 0.0080419 0.0079368 0.0208613 0.0079368 0.0254137 0.0253653 0.0218187 0.0165487 0.0395569 0.0253439 0.0347290 0.0255817 0.0253785 0.0395911 0.0445429 0.0253653 0.0208941 0.0208613 0.0348698 0.0080890 0.0254000 0.0449612 0.0122011 0.0399555 0.0299951 0.0254137 0.0248620 0.0254274 0.0080353 0.0039686 0.0080353 0.0122931 0.0081023 0.0122112 0.0080353 0.0122356 0.0080353 0.0208941 0.0164844 0.0208613 0.0253439 0.0254000 0.0123164 0.0284041 0.0272427 0.0314205 0.0263563 0.0253653 0.0080353 0.0274913 0.0263563 0.0083767 0.0080580 0.0081023 0.0080580 0.1002387 0.0835373 0.0081637 0.0080971 0.0223838 0.0253439 0.0122971 0.0038834 0.0125521 0.0080019 0.1074331 0.0165138 0.0038887 0.0082004 0.0120533 0.0255817 0.0293841 0.0081005 0.0263543 0.0081649 0.0394991 0.0253439 0.0250804 0.0123413 0.0206461 0.0120533 0.0171501 0.0446159 0.0230288 0.0120533 0.0209929 0.0120870 0.0079351 0.0120870 0.0221648 0.0120932 0.0081971 0.0038887 0.0079368 0.0078789 0.0038710 0.0082316 0.0079368 0.0369334 0.0078789 0.0079393 0.0083858 0.0124749 0.0079954 0.0255489 0.0120533 0.0121558 0.0120533 0.0120533 0.0121837 0.0120632 0.0162971 0.0120870 0.0204630 0.0161748 0.0445429 0.0284041 0.0126604 0.0081472 0.0000010 0.0121535 0.0125652 0.0213824 
8          0.0000010 0.0000000 0.0254274 0.0038717 0.0079246 0.0038824 0.0039686 0.0038969 0.0079651 0.0079651 0.0078584 0.0122112 0.0208613 0.0124403 0.0038824 0.0080353 0.0263820 0.0254137 0.0123062 0.0122112 0.0255817 0.0122356 0.0254137 0.0122356 0.0080419 0.0210589 0.0080419 0.0080353 0.0122112 0.0038824 0.0253439 0.0127250 0.0122458 0.0122356 0.0297612 0.0080353 0.0267495 0.0120971 0.0121070 0.0263820 0.0079651 0.0208613 0.0228551 0.0122356 0.0079224 0.0119618 0.0302228 0.0348998 0.0039686 0.0080353 0.0253653 0.0039022 0.0080419 0.0079651 0.0208613 0.0079651 0.0254137 0.0253653 0.0218187 0.0165487 0.0395569 0.0253439 0.0347290 0.0255817 0.0253785 0.0395911 0.0445429 0.0253653 0.0208941 0.0208613 0.0348698 0.0080890 0.0254000 0.0449612 0.0122011 0.0399555 0.0299951 0.0254137 0.0249563 0.0254274 0.0080353 0.0039686 0.0080353 0.0122931 0.0081023 0.0122112 0.0080353 0.0122356 0.0080353 0.0208941 0.0164844 0.0208613 0.0253439 0.0254000 0.0123164 0.0284041 0.0272427 0.0314205 0.0263563 0.0253653 0.0080353 0.0274913 0.0263563 0.0083767 0.0080580 0.0081023 0.0080580 0.1002387 0.0835373 0.0081936 0.0080971 0.0223838 0.0253439 0.0122971 0.0038969 0.0125994 0.0080307 0.1074331 0.0165138 0.0039022 0.0082305 0.0120971 0.0255817 0.0294974 0.0081005 0.0263543 0.0081649 0.0394991 0.0253439 0.0251764 0.0123413 0.0207238 0.0120971 0.0171501 0.0446159 0.0230288 0.0120971 0.0209929 0.0121310 0.0079634 0.0121310 0.0221648 0.0121372 0.0082272 0.0039022 0.0079651 0.0079067 0.0038843 0.0082316 0.0079651 0.0370906 0.0079067 0.0079393 0.0083858 0.0125216 0.0080241 0.0255489 0.0120971 0.0122003 0.0120971 0.0120971 0.0122284 0.0121070 0.0163574 0.0121310 0.0205393 0.0162341 0.0445429 0.0284041 0.0127085 0.0081769 0.0000010 0.0121980 0.0126126 0.0213824 
3592       0.0254274 0.0254274 0.0000000 0.0300323 0.0352032 0.0208613 0.0122011 0.0209434 0.0354416 0.0354416 0.0254760 0.0120978 0.0038969 0.0311676 0.0208613 0.0080287 0.0082269 0.0079109 0.0210261 0.0208535 0.0079535 0.0122255 0.0079109 0.0121218 0.0163404 0.0210411 0.0164812 0.0079613 0.0122011 0.0206815 0.0078889 0.0126025 0.0209117 0.0121218 0.0616638 0.0164675 0.0126530 0.0403857 0.0404213 0.0082269 0.0354416 0.0038969 0.0086215 0.0121218 0.0255817 0.0300159 0.0120782 0.0295898 0.0122011 0.0079613 0.0078953 0.0303221 0.0164812 0.0354416 0.0038969 0.0354416 0.0079109 0.0078953 0.0082660 0.0039146 0.0205032 0.0078889 0.0162073 0.0079535 0.0251368 0.0294490 0.0249206 0.0078953 0.0206967 0.0038969 0.0205995 0.0165890 0.0343930 0.0251291 0.0120879 0.0206870 0.0297068 0.0079109 0.0448898 0.0079148 0.0079613 0.0120978 0.0079613 0.0121782 0.0166136 0.0120978 0.0079613 0.0121218 0.0164675 0.0299696 0.0078953 0.0039293 0.0078889 0.0347001 0.0210439 0.0088162 0.0084379 0.0125749 0.0082181 0.0078953 0.0164675 0.0085027 0.0082181 0.0171458 0.0165138 0.0166136 0.0165138 0.1145730 0.0969229 0.0263820 0.0165964 0.0041610 0.0078889 0.0210148 0.0209434 0.0419455 0.0357663 0.1221549 0.0163590 0.0303221 0.0364603 0.0354416 0.0079535 0.0500709 0.0166108 0.0082148 0.0080886 0.0305478 0.0078889 0.0561212 0.0210853 0.0507780 0.0403857 0.0263271 0.0249675 0.0329782 0.0305913 0.0121182 0.0305168 0.0354399 0.0404919 0.0041226 0.0405151 0.0364629 0.0303221 0.0354416 0.0351217 0.0301303 0.0081540 0.0354416 0.0727272 0.0351217 0.0353662 0.0171634 0.0416249 0.0357347 0.0079406 0.0403857 0.0408023 0.0403857 0.0403857 0.0409362 0.0404213 0.0455355 0.0404919 0.0502459 0.0451008 0.0249206 0.0088162 0.0423458 0.0361576 0.0255287 0.0408015 0.0419840 0.0039870 
11         0.0038584 0.0038717 0.0300323 0.0000000 0.0119895 0.0078308 0.0080353 0.0078601 0.0120533 0.0120533 0.0118863 0.0164812 0.0253439 0.0167116 0.0078584 0.0122011 0.0311403 0.0300159 0.0166136 0.0164812 0.0302228 0.0165138 0.0300159 0.0165138 0.0122112 0.0255868 0.0122112 0.0122011 0.0164812 0.0078308 0.0299348 0.0171634 0.0165276 0.0165138 0.0342993 0.0122011 0.0315821 0.0162703 0.0162837 0.0311403 0.0120533 0.0253439 0.0278066 0.0165138 0.0119858 0.0160806 0.0349781 0.0397532 0.0080353 0.0122011 0.0299603 0.0078725 0.0122112 0.0120533 0.0253439 0.0120533 0.0300159 0.0299603 0.0264904 0.0209434 0.0445041 0.0299348 0.0395569 0.0302228 0.0299696 0.0445429 0.0496198 0.0299603 0.0253785 0.0253439 0.0397187 0.0122869 0.0299951 0.0500946 0.0164675 0.0449612 0.0347001 0.0300159 0.0293596 0.0300323 0.0122011 0.0080353 0.0122011 0.0165969 0.0123062 0.0164812 0.0122011 0.0165138 0.0122011 0.0253785 0.0208613 0.0253439 0.0299348 0.0299951 0.0166275 0.0335543 0.0322071 0.0363428 0.0311107 0.0299603 0.0122011 0.0325104 0.0311107 0.0127116 0.0122356 0.0123062 0.0122356 0.1073069 0.0901414 0.0123839 0.0122958 0.0272180 0.0299348 0.0166029 0.0078600 0.0169335 0.0121534 0.1146869 0.0208941 0.0078725 0.0124431 0.0162703 0.0302228 0.0339932 0.0123038 0.0311106 0.0124000 0.0444327 0.0299348 0.0296209 0.0166607 0.0250804 0.0162703 0.0216871 0.0496965 0.0279494 0.0162703 0.0255109 0.0163155 0.0120510 0.0163155 0.0269492 0.0163240 0.0124391 0.0078725 0.0120533 0.0119623 0.0078347 0.0125035 0.0120533 0.0420827 0.0119623 0.0120597 0.0127250 0.0168261 0.0121435 0.0301872 0.0162703 0.0164128 0.0162703 0.0162703 0.0164525 0.0162837 0.0206234 0.0163155 0.0248522 0.0204630 0.0496198 0.0335543 0.0170812 0.0123590 0.0038727 0.0164101 0.0169508 0.0259860 
12         0.0078966 0.0079246 0.0352032 0.0119895 0.0000000 0.0120229 0.0123453 0.0120687 0.0164648 0.0164648 0.0162252 0.0211116 0.0303197 0.0213873 0.0120664 0.0166668 0.0364928 0.0351836 0.0212888 0.0211116 0.0354399 0.0211531 0.0351836 0.0211531 0.0166808 0.0306177 0.0166808 0.0166668 0.0211116 0.0120229 0.0350895 0.0219808 0.0211712 0.0211531 0.0395774 0.0166668 0.0370270 0.0208409 0.0208584 0.0364928 0.0164648 0.0303197 0.0333599 0.0211531 0.0163669 0.0205835 0.0403849 0.0453298 0.0123453 0.0166668 0.0351200 0.0120909 0.0166808 0.0164648 0.0303197 0.0164648 0.0351836 0.0351200 0.0316866 0.0257673 0.0502474 0.0350895 0.0451010 0.0354399 0.0351231 0.0502920 0.0555770 0.0351200 0.0303550 0.0303197 0.0452898 0.0167915 0.0351535 0.0561245 0.0210937 0.0507797 0.0400423 0.0351836 0.0343995 0.0352032 0.0166668 0.0123453 0.0166668 0.0212687 0.0168166 0.0211116 0.0166668 0.0211531 0.0166668 0.0303550 0.0256641 0.0303197 0.0350895 0.0351535 0.0213070 0.0393956 0.0378272 0.0419511 0.0364587 0.0351200 0.0166668 0.0381995 0.0364587 0.0173612 0.0167142 0.0168166 0.0167142 0.1160992 0.0982921 0.0169015 0.0167989 0.0326239 0.0350895 0.0212773 0.0120687 0.0216872 0.0166050 0.1237319 0.0256993 0.0120909 0.0169885 0.0208409 0.0354399 0.0392165 0.0168138 0.0364614 0.0169448 0.0501570 0.0350895 0.0347130 0.0213493 0.0299977 0.0208409 0.0266708 0.0556571 0.0334401 0.0208409 0.0305314 0.0208991 0.0164621 0.0208991 0.0322940 0.0209102 0.0169846 0.0120909 0.0164648 0.0163348 0.0120290 0.0082316 0.0164648 0.0480298 0.0163348 0.0164777 0.0173793 0.0215434 0.0165911 0.0354022 0.0208409 0.0210313 0.0208409 0.0208409 0.0210857 0.0208584 0.0253669 0.0208991 0.0297141 0.0251596 0.0555770 0.0393956 0.0218809 0.0168676 0.0079264 0.0210285 0.0217089 0.0311093 
15         0.0038691 0.0038824 0.0208613 0.0078308 0.0120229 0.0000000 0.0000010 0.0000010 0.0120870 0.0120870 0.0119190 0.0080151 0.0164297 0.0081430 0.0000010 0.0039554 0.0216560 0.0208502 0.0080751 0.0080151 0.0209817 0.0080312 0.0208502 0.0080312 0.0039587 0.0165830 0.0039587 0.0039554 0.0080151 0.0000010 0.0207923 0.0083568 0.0080378 0.0080312 0.0343897 0.0039554 0.0219507 0.0163155 0.0163290 0.0216560 0.0120870 0.0164297 0.0228551 0.0080312 0.0038868 0.0078270 0.0254972 0.0300640 0.0000010 0.0039554 0.0208097 0.0078944 0.0039587 0.0120870 0.0164297 0.0120870 0.0208502 0.0208097 0.0171921 0.0122176 0.0346181 0.0207923 0.0299185 0.0209817 0.0208250 0.0346477 0.0394668 0.0208097 0.0164589 0.0164297 0.0300383 0.0039804 0.0208425 0.0398292 0.0080085 0.0349587 0.0253167 0.0208502 0.0204024 0.0208613 0.0039554 0.0000010 0.0039554 0.0080662 0.0039873 0.0080151 0.0039554 0.0080312 0.0039554 0.0164589 0.0121707 0.0164297 0.0207923 0.0208425 0.0080818 0.0232918 0.0223250 0.0265203 0.0216343 0.0208097 0.0039554 0.0225212 0.0216343 0.0041256 0.0039666 0.0039873 0.0039666 0.0931430 0.0768921 0.0040225 0.0039855 0.0176091 0.0207923 0.0080685 0.0000010 0.0169822 0.0121877 0.1001699 0.0121948 0.0078944 0.0124788 0.0163155 0.0209817 0.0248024 0.0039863 0.0216310 0.0040184 0.0345722 0.0207923 0.0297005 0.0080982 0.0251490 0.0163155 0.0126704 0.0395348 0.0181489 0.0163155 0.0255817 0.0079328 0.0120847 0.0163611 0.0174390 0.0163696 0.0124749 0.0078944 0.0120870 0.0119955 0.0078564 0.0040504 0.0120870 0.0421957 0.0119955 0.0120935 0.0041301 0.0168742 0.0121777 0.0209527 0.0163155 0.0164589 0.0163155 0.0163155 0.0164988 0.0163290 0.0206805 0.0163611 0.0249195 0.0205191 0.0394668 0.0232918 0.0171308 0.0123942 0.0038834 0.0164562 0.0169996 0.0168331 
18         0.0039686 0.0039686 0.0122011 0.0080353 0.0123453 0.0000010 0.0000000 0.0000010 0.0124131 0.0124131 0.0122356 0.0080151 0.0080085 0.0083639 0.0000010 0.0039554 0.0126811 0.0121948 0.0080751 0.0080151 0.0122649 0.0080312 0.0121948 0.0080312 0.0039587 0.0165830 0.0039587 0.0039554 0.0080151 0.0000010 0.0121605 0.0083568 0.0080378 0.0080312 0.0353910 0.0039554 0.0172618 0.0167624 0.0167766 0.0126811 0.0124131 0.0080085 0.0133269 0.0080312 0.0039873 0.0080312 0.0165580 0.0253167 0.0000010 0.0039554 0.0121706 0.0081023 0.0039587 0.0124131 0.0080085 0.0124131 0.0121948 0.0121706 0.0126811 0.0080085 0.0252953 0.0121605 0.0208250 0.0122649 0.0208250 0.0253167 0.0298978 0.0121706 0.0164589 0.0080085 0.0252953 0.0039804 0.0208425 0.0301591 0.0080085 0.0255321 0.0253167 0.0121948 0.0209625 0.0122011 0.0039554 0.0000010 0.0039554 0.0080662 0.0039873 0.0080151 0.0039554 0.0080312 0.0039554 0.0164589 0.0039554 0.0080085 0.0121605 0.0208425 0.0080818 0.0136156 0.0130320 0.0172400 0.0126678 0.0121706 0.0039554 0.0131381 0.0126678 0.0041256 0.0039666 0.0039873 0.0039666 0.0931430 0.0768921 0.0041301 0.0039855 0.0085674 0.0121605 0.0080685 0.0000010 0.0174650 0.0125194 0.1001699 0.0121948 0.0081023 0.0128255 0.0124131 0.0122649 0.0254939 0.0039863 0.0126638 0.0040184 0.0208250 0.0121605 0.0305523 0.0080982 0.0258600 0.0167624 0.0126704 0.0299533 0.0181489 0.0167624 0.0166136 0.0081429 0.0124107 0.0168104 0.0084864 0.0168193 0.0128214 0.0081023 0.0124131 0.0123164 0.0080621 0.0040504 0.0124131 0.0435365 0.0123164 0.0123740 0.0041301 0.0173506 0.0125088 0.0122457 0.0167624 0.0169141 0.0167624 0.0167624 0.0169564 0.0167766 0.0212563 0.0168104 0.0256169 0.0210853 0.0298978 0.0136156 0.0176222 0.0127360 0.0039837 0.0169113 0.0174833 0.0081994 
23         0.0038834 0.0038969 0.0209434 0.0078601 0.0120687 0.0000010 0.0000010 0.0000000 0.0121333 0.0121333 0.0119641 0.0080458 0.0164936 0.0081746 0.0000010 0.0039704 0.0217440 0.0209323 0.0081063 0.0080458 0.0210649 0.0080620 0.0209323 0.0080620 0.0039737 0.0166482 0.0039737 0.0039704 0.0080458 0.0000010 0.0208740 0.0083900 0.0080686 0.0080620 0.0345278 0.0039704 0.0220412 0.0163786 0.0163922 0.0217440 0.0121333 0.0164936 0.0229538 0.0080620 0.0039013 0.0078562 0.0255992 0.0301851 0.0000010 0.0039704 0.0208916 0.0079241 0.0039737 0.0121333 0.0164936 0.0121333 0.0209323 0.0208916 0.0172618 0.0122649 0.0347581 0.0208740 0.0300384 0.0210649 0.0209069 0.0347880 0.0396281 0.0208916 0.0165230 0.0164936 0.0301592 0.0039956 0.0209245 0.0399935 0.0080391 0.0351015 0.0254172 0.0209323 0.0204811 0.0209434 0.0039704 0.0000010 0.0039704 0.0080973 0.0040025 0.0080458 0.0039704 0.0080620 0.0039704 0.0165230 0.0122177 0.0164936 0.0208740 0.0209245 0.0081130 0.0233935 0.0224191 0.0266300 0.0217222 0.0208916 0.0039704 0.0226170 0.0217222 0.0041418 0.0039817 0.0040025 0.0039817 0.0936000 0.0772603 0.0040380 0.0040007 0.0176825 0.0208740 0.0080996 0.0000010 0.0170503 0.0122348 0.1006641 0.0122420 0.0079241 0.0125280 0.0163786 0.0210649 0.0248989 0.0040015 0.0217189 0.0040338 0.0347117 0.0208740 0.0298186 0.0081295 0.0252481 0.0163786 0.0127211 0.0396965 0.0182262 0.0163786 0.0256844 0.0079629 0.0121310 0.0164245 0.0175110 0.0164330 0.0125240 0.0079241 0.0121333 0.0120411 0.0078858 0.0040661 0.0121333 0.0423788 0.0120411 0.0121399 0.0041464 0.0169414 0.0122247 0.0210358 0.0163786 0.0165231 0.0163786 0.0163786 0.0165634 0.0163922 0.0207612 0.0164245 0.0250169 0.0205986 0.0396281 0.0233935 0.0172000 0.0124427 0.0038834 0.0165204 0.0170677 0.0169002 
24         0.0079368 0.0079651 0.0354416 0.0120533 0.0164648 0.0120870 0.0124131 0.0121333 0.0000000 0.0000010 0.0163155 0.0212381 0.0305168 0.0215166 0.0121310 0.0167624 0.0367486 0.0354216 0.0214176 0.0212381 0.0356821 0.0212801 0.0354216 0.0212801 0.0167766 0.0308190 0.0167766 0.0167624 0.0212381 0.0120870 0.0353264 0.0221179 0.0212984 0.0212801 0.0203054 0.0167624 0.0372912 0.0038603 0.0120655 0.0367486 0.0000010 0.0305168 0.0280959 0.0212801 0.0078961 0.0207032 0.0406711 0.0456607 0.0124131 0.0167624 0.0353573 0.0038896 0.0167766 0.0000010 0.0305168 0.0000010 0.0354216 0.0353573 0.0319018 0.0259291 0.0506241 0.0353264 0.0454283 0.0356821 0.0353601 0.0506694 0.0560069 0.0353573 0.0305523 0.0305168 0.0456200 0.0168887 0.0353910 0.0565638 0.0212199 0.0511652 0.0403226 0.0354216 0.0346263 0.0354416 0.0167624 0.0124131 0.0167624 0.0213973 0.0169141 0.0212381 0.0167624 0.0212801 0.0167624 0.0305523 0.0258244 0.0305168 0.0353264 0.0353910 0.0214361 0.0396978 0.0381064 0.0422594 0.0367141 0.0353573 0.0167624 0.0384851 0.0367141 0.0174650 0.0168104 0.0169141 0.0168104 0.1171964 0.0992237 0.0169996 0.0168961 0.0328551 0.0353264 0.0214061 0.0121333 0.0040222 0.0000010 0.1248907 0.0258600 0.0038896 0.0082022 0.0038603 0.0356821 0.0394848 0.0169113 0.0367169 0.0170438 0.0505316 0.0353264 0.0160418 0.0214789 0.0118908 0.0038603 0.0268439 0.0560878 0.0336804 0.0038603 0.0209958 0.0038710 0.0079368 0.0038710 0.0325202 0.0038728 0.0081989 0.0038896 0.0079385 0.0078806 0.0120932 0.0171920 0.0079385 0.0264823 0.0078806 0.0165712 0.0174833 0.0124773 0.0000010 0.0356441 0.0038603 0.0038906 0.0038603 0.0038603 0.0038985 0.0038634 0.0078252 0.0038710 0.0204658 0.0161774 0.0560069 0.0396978 0.0040556 0.0169653 0.0079669 0.0038896 0.0040266 0.0313178 
26         0.0079368 0.0079651 0.0354416 0.0120533 0.0164648 0.0120870 0.0124131 0.0121333 0.0000010 0.0000000 0.0163155 0.0212381 0.0305168 0.0215166 0.0121310 0.0167624 0.0367486 0.0354216 0.0214176 0.0212381 0.0356821 0.0212801 0.0354216 0.0212801 0.0167766 0.0308190 0.0167766 0.0167624 0.0212381 0.0120870 0.0353264 0.0221179 0.0212984 0.0212801 0.0203054 0.0167624 0.0372912 0.0038603 0.0120655 0.0367486 0.0000010 0.0305168 0.0280959 0.0212801 0.0078961 0.0207032 0.0406711 0.0456607 0.0124131 0.0167624 0.0353573 0.0038896 0.0167766 0.0000010 0.0305168 0.0000010 0.0354216 0.0353573 0.0319018 0.0259291 0.0506241 0.0353264 0.0454283 0.0356821 0.0353601 0.0506694 0.0560069 0.0353573 0.0305523 0.0305168 0.0456200 0.0168887 0.0353910 0.0565638 0.0212199 0.0511652 0.0403226 0.0354216 0.0346263 0.0354416 0.0167624 0.0124131 0.0167624 0.0213973 0.0169141 0.0212381 0.0167624 0.0212801 0.0167624 0.0305523 0.0258244 0.0305168 0.0353264 0.0353910 0.0214361 0.0396978 0.0381064 0.0422594 0.0367141 0.0353573 0.0167624 0.0384851 0.0367141 0.0174650 0.0168104 0.0169141 0.0168104 0.1171964 0.0992237 0.0169996 0.0168961 0.0328551 0.0353264 0.0214061 0.0121333 0.0040222 0.0000010 0.1248907 0.0258600 0.0038896 0.0082022 0.0038603 0.0356821 0.0394848 0.0169113 0.0367169 0.0170438 0.0505316 0.0353264 0.0160418 0.0214789 0.0118908 0.0038603 0.0268439 0.0560878 0.0336804 0.0038603 0.0209958 0.0038710 0.0079368 0.0038710 0.0325202 0.0038728 0.0081989 0.0038896 0.0079385 0.0078806 0.0120932 0.0171920 0.0079385 0.0264823 0.0078806 0.0165712 0.0174833 0.0124773 0.0000010 0.0356441 0.0038603 0.0038906 0.0038603 0.0038603 0.0038985 0.0038634 0.0078252 0.0038710 0.0204658 0.0161774 0.0560069 0.0396978 0.0040556 0.0169653 0.0079669 0.0038896 0.0040266 0.0313178 
28         0.0078308 0.0078584 0.0254760 0.0118863 0.0162252 0.0119190 0.0122356 0.0119641 0.0163155 0.0163155 0.0000000 0.0209117 0.0209019 0.0211831 0.0119618 0.0165138 0.0264336 0.0254623 0.0210853 0.0209117 0.0256309 0.0209525 0.0254623 0.0209525 0.0165276 0.0211003 0.0165276 0.0165138 0.0209117 0.0119190 0.0253922 0.0217647 0.0209701 0.0209525 0.0391658 0.0165138 0.0268024 0.0206461 0.0206633 0.0264336 0.0163155 0.0209019 0.0229033 0.0209525 0.0162196 0.0203940 0.0302793 0.0349627 0.0122356 0.0165138 0.0254137 0.0119858 0.0165276 0.0163155 0.0209019 0.0163155 0.0254623 0.0254137 0.0218626 0.0165816 0.0396251 0.0253922 0.0347914 0.0256309 0.0347623 0.0396593 0.0446159 0.0254137 0.0300508 0.0209019 0.0349326 0.0166360 0.0347922 0.0450353 0.0208941 0.0400247 0.0396212 0.0254623 0.0340535 0.0254760 0.0165138 0.0122356 0.0165138 0.0210655 0.0166607 0.0209117 0.0165138 0.0209525 0.0165138 0.0300508 0.0165170 0.0209019 0.0253922 0.0347922 0.0211031 0.0284629 0.0272977 0.0314805 0.0264078 0.0254137 0.0165138 0.0275473 0.0264078 0.0171956 0.0165604 0.0166607 0.0165604 0.1146869 0.0970634 0.0167449 0.0166434 0.0224301 0.0253922 0.0210739 0.0119640 0.0214767 0.0164532 0.1222539 0.0254485 0.0119858 0.0168301 0.0206461 0.0256309 0.0388125 0.0166580 0.0264058 0.0167866 0.0496089 0.0253922 0.0343605 0.0211447 0.0297005 0.0206461 0.0264015 0.0446891 0.0330732 0.0206461 0.0210341 0.0207032 0.0163129 0.0207032 0.0222103 0.0207141 0.0168261 0.0119858 0.0163155 0.0161881 0.0119250 0.0169299 0.0163155 0.0474814 0.0161881 0.0163281 0.0172133 0.0213360 0.0164395 0.0255980 0.0206461 0.0208327 0.0206461 0.0206461 0.0208859 0.0206633 0.0251225 0.0207032 0.0294230 0.0249195 0.0446159 0.0284629 0.0216665 0.0167116 0.0078601 0.0208299 0.0214981 0.0214250 
4139       0.0122112 0.0122112 0.0120978 0.0164812 0.0211116 0.0080151 0.0080151 0.0080458 0.0212381 0.0212381 0.0209117 0.0000000 0.0079415 0.0171340 0.0080151 0.0039554 0.0125701 0.0120917 0.0165718 0.0164401 0.0121605 0.0080312 0.0120917 0.0079638 0.0120777 0.0255239 0.0121806 0.0039226 0.0080151 0.0079480 0.0120579 0.0082841 0.0164863 0.0079638 0.0454186 0.0121706 0.0171082 0.0258100 0.0258322 0.0125701 0.0212381 0.0079415 0.0132047 0.0079638 0.0122751 0.0164726 0.0164158 0.0343131 0.0080151 0.0039226 0.0120678 0.0166275 0.0121806 0.0212381 0.0079415 0.0212381 0.0120917 0.0039226 0.0125701 0.0079415 0.0250760 0.0120579 0.0206459 0.0121605 0.0206459 0.0343131 0.0296362 0.0120678 0.0163185 0.0079415 0.0250760 0.0122559 0.0296612 0.0298928 0.0079415 0.0253086 0.0250970 0.0120917 0.0301191 0.0120978 0.0039226 0.0079480 0.0039226 0.0079982 0.0122751 0.0079480 0.0039226 0.0079638 0.0121706 0.0253167 0.0120678 0.0080085 0.0120579 0.0299232 0.0165857 0.0085659 0.0129144 0.0170867 0.0125570 0.0120678 0.0121706 0.0130185 0.0125570 0.0126787 0.0122049 0.0122751 0.0122049 0.0981517 0.0815416 0.0126920 0.0122648 0.0084909 0.0120579 0.0165613 0.0080457 0.0268582 0.0214247 0.1053397 0.0120917 0.0166275 0.0219051 0.0212381 0.0121605 0.0348893 0.0122727 0.0125530 0.0039845 0.0206459 0.0120579 0.0403226 0.0166188 0.0353910 0.0258100 0.0216321 0.0296908 0.0278765 0.0167624 0.0164705 0.0167199 0.0212352 0.0258823 0.0084112 0.0258965 0.0219018 0.0166275 0.0212381 0.0210618 0.0165363 0.0040160 0.0212381 0.0546756 0.0210618 0.0211790 0.0126920 0.0266708 0.0214063 0.0121416 0.0258100 0.0260572 0.0258100 0.0258100 0.0261298 0.0258322 0.0305478 0.0258823 0.0350419 0.0302840 0.0206459 0.0085659 0.0271053 0.0217400 0.0122585 0.0260545 0.0268848 0.0081292 
4657       0.0208613 0.0208613 0.0038969 0.0253439 0.0303197 0.0164297 0.0080085 0.0164936 0.0305168 0.0305168 0.0209019 0.0079415 0.0000000 0.0263160 0.0164297 0.0039522 0.0040526 0.0038950 0.0165580 0.0164265 0.0039149 0.0080246 0.0038950 0.0079573 0.0120678 0.0165691 0.0121706 0.0039195 0.0080085 0.0162897 0.0038842 0.0082771 0.0164726 0.0079573 0.0560069 0.0121605 0.0083082 0.0353264 0.0353573 0.0081672 0.0305168 0.0000010 0.0042380 0.0079573 0.0209817 0.0253303 0.0079273 0.0249784 0.0080085 0.0039195 0.0038873 0.0255817 0.0121706 0.0305168 0.0000010 0.0305168 0.0038950 0.0038873 0.0040717 0.0000010 0.0161543 0.0038842 0.0119710 0.0039149 0.0206288 0.0248608 0.0204534 0.0038873 0.0163050 0.0000010 0.0162293 0.0122457 0.0296362 0.0206192 0.0079351 0.0162947 0.0250760 0.0038950 0.0397572 0.0038969 0.0039195 0.0079415 0.0039195 0.0079917 0.0122649 0.0079415 0.0039195 0.0079573 0.0121605 0.0252953 0.0038873 0.0000010 0.0038842 0.0298978 0.0165718 0.0043386 0.0041500 0.0082565 0.0040482 0.0038873 0.0121605 0.0041804 0.0040482 0.0126678 0.0121948 0.0122649 0.0121948 0.1071057 0.0899330 0.0216560 0.0122546 0.0000010 0.0038842 0.0165474 0.0164936 0.0367141 0.0307921 0.1144929 0.0120818 0.0255817 0.0314205 0.0305168 0.0039149 0.0447902 0.0122625 0.0040462 0.0039813 0.0258015 0.0038842 0.0506241 0.0166048 0.0454283 0.0353264 0.0216134 0.0204925 0.0278510 0.0258022 0.0079535 0.0257383 0.0305144 0.0354216 0.0000010 0.0354416 0.0314205 0.0255817 0.0305168 0.0302488 0.0254274 0.0040127 0.0305168 0.0664454 0.0302488 0.0304448 0.0126811 0.0364419 0.0307652 0.0039083 0.0353264 0.0356821 0.0353264 0.0353264 0.0357929 0.0353573 0.0403279 0.0354216 0.0449612 0.0399555 0.0204534 0.0043386 0.0370599 0.0311676 0.0209434 0.0356805 0.0367486 0.0000010 
1076       0.0123942 0.0124403 0.0311676 0.0167116 0.0213873 0.0081430 0.0083639 0.0081746 0.0215166 0.0215166 0.0211831 0.0171340 0.0263160 0.0000000 0.0081727 0.0126920 0.0323448 0.0311501 0.0172768 0.0171340 0.0313729 0.0171689 0.0311501 0.0171689 0.0127029 0.0265765 0.0127029 0.0126920 0.0171340 0.0081430 0.0310640 0.0178656 0.0171838 0.0171689 0.0457669 0.0126920 0.0328188 0.0261212 0.0261438 0.0323448 0.0215166 0.0263160 0.0290434 0.0171689 0.0124599 0.0167028 0.0362867 0.0412096 0.0083639 0.0126920 0.0310912 0.0168614 0.0080885 0.0215166 0.0263160 0.0215166 0.0311501 0.0310912 0.0275388 0.0217629 0.0460998 0.0310640 0.0410007 0.0313729 0.0310998 0.0461409 0.0513681 0.0255406 0.0263521 0.0263160 0.0411729 0.0127849 0.0311270 0.0518723 0.0171192 0.0465865 0.0359871 0.0311501 0.0304493 0.0311676 0.0126920 0.0083639 0.0126920 0.0172591 0.0128056 0.0171340 0.0126920 0.0171689 0.0126920 0.0263521 0.0216747 0.0263160 0.0310640 0.0311270 0.0172918 0.0349338 0.0334988 0.0377334 0.0323135 0.0310912 0.0126920 0.0338258 0.0323135 0.0132414 0.0127292 0.0128056 0.0127292 0.1104708 0.0930434 0.0128872 0.0127941 0.0283287 0.0310640 0.0172657 0.0081746 0.0271853 0.0217070 0.1179315 0.0217093 0.0168614 0.0221954 0.0261212 0.0313729 0.0352351 0.0128030 0.0323139 0.0129065 0.0460219 0.0310640 0.0406774 0.0173274 0.0357416 0.0261212 0.0225572 0.0514473 0.0291000 0.0261212 0.0364065 0.0169562 0.0215137 0.0261946 0.0280397 0.0262090 0.0221922 0.0168614 0.0215166 0.0213365 0.0167678 0.0130185 0.0215166 0.0550008 0.0213365 0.0215402 0.0132558 0.0269945 0.0216882 0.0313359 0.0261212 0.0263729 0.0261212 0.0261212 0.0264470 0.0261438 0.0215351 0.0261946 0.0353885 0.0306158 0.0513681 0.0349338 0.0274367 0.0220268 0.0124427 0.0263702 0.0272124 0.0270049 
55         0.0038824 0.0038824 0.0208613 0.0078584 0.0120664 0.0000010 0.0000010 0.0000010 0.0121310 0.0121310 0.0119618 0.0080151 0.0164297 0.0081727 0.0000000 0.0039554 0.0216560 0.0208502 0.0080751 0.0080151 0.0209817 0.0080312 0.0208502 0.0080312 0.0039587 0.0165830 0.0039587 0.0039554 0.0080151 0.0000010 0.0207923 0.0083568 0.0080378 0.0080312 0.0345260 0.0039554 0.0219507 0.0163759 0.0163895 0.0216560 0.0121310 0.0164297 0.0228551 0.0080312 0.0039003 0.0078545 0.0254972 0.0300640 0.0000010 0.0039554 0.0208097 0.0079224 0.0039587 0.0121310 0.0164297 0.0121310 0.0208502 0.0208097 0.0171921 0.0122176 0.0346181 0.0207923 0.0299185 0.0209817 0.0208250 0.0346477 0.0394668 0.0208097 0.0164589 0.0164297 0.0300383 0.0039804 0.0208425 0.0398292 0.0080085 0.0349587 0.0253167 0.0208502 0.0204783 0.0208613 0.0039554 0.0000010 0.0039554 0.0080662 0.0039873 0.0080151 0.0039554 0.0080312 0.0039554 0.0164589 0.0121707 0.0164297 0.0207923 0.0208425 0.0080818 0.0232918 0.0223250 0.0265203 0.0216343 0.0208097 0.0039554 0.0225212 0.0216343 0.0041256 0.0039666 0.0039873 0.0039666 0.0931430 0.0768921 0.0040370 0.0039855 0.0176091 0.0207923 0.0080685 0.0000010 0.0170475 0.0122325 0.1001699 0.0121948 0.0079224 0.0125255 0.0163759 0.0209817 0.0248962 0.0039863 0.0216310 0.0040184 0.0345722 0.0207923 0.0298163 0.0080982 0.0252454 0.0163759 0.0126704 0.0395348 0.0181489 0.0163759 0.0255817 0.0079611 0.0121287 0.0164218 0.0174390 0.0164304 0.0125216 0.0079224 0.0121310 0.0120388 0.0078841 0.0040504 0.0121310 0.0423784 0.0120388 0.0120935 0.0041301 0.0169386 0.0122223 0.0209527 0.0163759 0.0165204 0.0163759 0.0163759 0.0165606 0.0163895 0.0207584 0.0164218 0.0250142 0.0205958 0.0394668 0.0232918 0.0171971 0.0124403 0.0038969 0.0165177 0.0170649 0.0168331 
568        0.0080353 0.0080353 0.0080287 0.0122011 0.0166668 0.0039554 0.0039554 0.0039704 0.0167624 0.0167624 0.0165138 0.0039554 0.0039522 0.0126920 0.0039554 0.0000000 0.0083497 0.0080246 0.0122649 0.0121706 0.0080685 0.0039634 0.0080246 0.0039634 0.0080151 0.0209887 0.0080151 0.0000010 0.0039554 0.0039554 0.0080020 0.0041266 0.0122049 0.0039634 0.0403226 0.0080085 0.0127834 0.0212199 0.0212381 0.0083497 0.0167624 0.0039522 0.0087567 0.0039634 0.0080751 0.0121948 0.0122547 0.0298978 0.0039554 0.0000010 0.0080085 0.0123062 0.0080151 0.0167624 0.0039522 0.0167624 0.0080246 0.0080085 0.0083497 0.0039522 0.0208076 0.0080020 0.0164452 0.0080685 0.0164452 0.0298978 0.0252953 0.0080085 0.0121847 0.0039522 0.0208076 0.0080619 0.0253167 0.0255104 0.0039522 0.0209972 0.0208250 0.0080246 0.0254723 0.0080287 0.0000010 0.0039554 0.0000010 0.0039794 0.0080751 0.0039554 0.0000010 0.0039634 0.0080085 0.0208250 0.0080085 0.0039522 0.0080020 0.0253167 0.0122751 0.0089574 0.0085674 0.0127658 0.0083407 0.0080085 0.0080085 0.0086342 0.0083407 0.0083478 0.0080312 0.0080751 0.0080312 0.1000328 0.0833297 0.0083568 0.0080700 0.0042241 0.0080020 0.0122559 0.0039704 0.0220954 0.0169077 0.1072325 0.0080246 0.0123062 0.0173038 0.0167624 0.0080685 0.0301191 0.0080734 0.0083373 0.0000010 0.0164452 0.0080020 0.0353601 0.0122998 0.0305523 0.0212199 0.0170913 0.0253435 0.0229465 0.0124027 0.0122959 0.0123711 0.0167596 0.0212801 0.0041845 0.0212916 0.0172998 0.0123062 0.0167624 0.0166275 0.0122419 0.0000010 0.0167624 0.0490106 0.0166275 0.0167126 0.0083568 0.0219460 0.0168933 0.0080552 0.0212199 0.0214176 0.0212199 0.0212199 0.0214741 0.0212381 0.0258322 0.0212801 0.0302579 0.0256169 0.0252953 0.0089574 0.0222963 0.0171782 0.0080661 0.0214147 0.0221179 0.0040450 
3173       0.0263820 0.0263820 0.0082269 0.0311403 0.0364928 0.0216560 0.0126811 0.0217440 0.0367486 0.0367486 0.0264336 0.0125701 0.0040526 0.0323448 0.0216560 0.0083497 0.0000000 0.0082226 0.0218328 0.0216472 0.0082687 0.0127073 0.0082226 0.0125959 0.0169682 0.0218489 0.0171192 0.0082771 0.0126811 0.0214635 0.0081990 0.0039236 0.0217093 0.0125959 0.0637267 0.0171045 0.0039369 0.0418477 0.0418856 0.0000010 0.0367486 0.0040526 0.0089916 0.0125959 0.0265483 0.0311228 0.0125491 0.0306676 0.0126811 0.0082771 0.0082058 0.0314506 0.0171192 0.0367486 0.0040526 0.0367486 0.0082226 0.0082058 0.0000010 0.0040717 0.0212718 0.0081990 0.0168251 0.0082687 0.0260709 0.0305174 0.0258398 0.0082058 0.0214791 0.0040526 0.0213749 0.0172357 0.0356289 0.0260632 0.0125594 0.0214692 0.0307925 0.0082226 0.0464725 0.0082269 0.0082771 0.0125701 0.0082771 0.0126569 0.0172618 0.0125701 0.0082771 0.0125959 0.0171045 0.0310726 0.0082058 0.0040876 0.0081990 0.0359555 0.0218518 0.0092015 0.0087921 0.0130827 0.0085535 0.0082058 0.0171045 0.0088624 0.0085535 0.0178308 0.0171541 0.0172618 0.0171541 0.1177016 0.0998376 0.0273979 0.0172429 0.0043386 0.0081990 0.0218211 0.0217440 0.0434919 0.0370950 0.1253464 0.0169880 0.0314506 0.0378225 0.0367486 0.0082687 0.0518047 0.0172589 0.0085500 0.0084144 0.0316822 0.0081990 0.0580374 0.0218959 0.0525475 0.0418477 0.0273387 0.0258895 0.0342730 0.0317392 0.0125921 0.0316602 0.0367471 0.0419593 0.0042969 0.0419840 0.0378260 0.0314506 0.0367486 0.0364065 0.0312443 0.0084852 0.0367486 0.0751743 0.0364065 0.0366708 0.0178497 0.0431500 0.0370614 0.0082548 0.0418477 0.0422920 0.0418477 0.0418477 0.0424363 0.0418856 0.0471549 0.0419593 0.0519833 0.0466910 0.0258398 0.0092015 0.0439190 0.0374983 0.0264904 0.0422916 0.0435325 0.0041501 
3177       0.0254137 0.0254137 0.0079109 0.0300159 0.0351836 0.0208502 0.0121948 0.0209323 0.0354216 0.0354216 0.0254623 0.0120917 0.0038950 0.0311501 0.0208502 0.0080246 0.0082226 0.0000000 0.0210149 0.0208425 0.0079495 0.0122192 0.0079069 0.0039176 0.0163320 0.0210299 0.0164726 0.0079573 0.0121948 0.0206707 0.0078850 0.0125959 0.0209006 0.0121156 0.0616266 0.0164589 0.0126462 0.0403626 0.0403982 0.0082226 0.0354216 0.0038950 0.0086168 0.0121156 0.0255679 0.0207814 0.0120720 0.0295739 0.0121948 0.0079573 0.0078913 0.0303054 0.0164726 0.0354216 0.0038950 0.0354216 0.0079069 0.0078913 0.0082617 0.0039127 0.0204925 0.0078850 0.0161990 0.0079495 0.0251234 0.0294333 0.0249075 0.0078913 0.0206858 0.0038950 0.0205887 0.0165803 0.0343743 0.0251157 0.0120818 0.0206762 0.0296908 0.0079069 0.0448641 0.0079109 0.0079573 0.0120917 0.0079573 0.0121720 0.0166048 0.0120917 0.0079573 0.0121156 0.0164589 0.0299533 0.0078913 0.0039273 0.0078850 0.0346810 0.0210327 0.0088114 0.0084334 0.0125683 0.0082139 0.0078913 0.0164589 0.0084981 0.0082139 0.0171365 0.0165052 0.0166048 0.0165052 0.1144929 0.0968567 0.0263674 0.0165877 0.0041588 0.0078850 0.0210036 0.0209323 0.0419209 0.0357459 0.1220687 0.0079311 0.0303054 0.0364393 0.0354216 0.0079495 0.0500418 0.0166021 0.0082106 0.0080845 0.0305310 0.0078850 0.0560878 0.0210740 0.0507481 0.0403626 0.0263126 0.0249543 0.0329588 0.0305743 0.0121120 0.0304999 0.0354199 0.0404687 0.0041204 0.0404919 0.0364419 0.0303054 0.0354216 0.0351021 0.0301138 0.0081498 0.0354216 0.0726799 0.0351021 0.0353462 0.0171541 0.0416007 0.0357144 0.0079366 0.0403626 0.0407787 0.0403626 0.0403626 0.0409124 0.0403982 0.0455091 0.0404687 0.0502167 0.0450749 0.0249075 0.0088114 0.0423207 0.0361370 0.0255150 0.0407780 0.0419593 0.0039850 
3186       0.0123062 0.0123062 0.0210261 0.0166136 0.0212888 0.0080751 0.0080751 0.0081063 0.0214176 0.0214176 0.0210853 0.0165718 0.0165580 0.0172768 0.0080751 0.0122649 0.0218328 0.0210149 0.0000000 0.0165718 0.0211487 0.0166048 0.0210149 0.0166048 0.0122751 0.0257434 0.0122751 0.0122649 0.0165718 0.0080751 0.0209561 0.0172618 0.0166188 0.0166048 0.0458544 0.0122649 0.0267689 0.0260346 0.0260572 0.0218328 0.0214176 0.0165580 0.0230528 0.0166048 0.0123711 0.0166048 0.0257020 0.0349291 0.0080751 0.0122649 0.0209738 0.0167624 0.0122751 0.0214176 0.0165580 0.0214176 0.0210149 0.0209738 0.0218328 0.0165580 0.0348990 0.0209561 0.0301591 0.0211487 0.0301591 0.0349291 0.0397905 0.0209738 0.0255321 0.0165580 0.0348990 0.0123517 0.0301850 0.0401591 0.0165580 0.0352454 0.0349291 0.0210149 0.0303849 0.0210261 0.0122649 0.0080751 0.0122649 0.0166890 0.0123711 0.0165718 0.0122649 0.0166048 0.0122649 0.0255321 0.0122649 0.0165580 0.0209561 0.0301850 0.0167199 0.0234961 0.0225139 0.0267406 0.0218108 0.0209738 0.0039840 0.0227136 0.0218108 0.0127809 0.0122998 0.0123711 0.0122998 0.1030967 0.0861435 0.0127945 0.0040145 0.0177565 0.0209561 0.0166951 0.0081062 0.0271007 0.0216075 0.1103648 0.0210149 0.0167624 0.0220954 0.0214176 0.0211487 0.0352054 0.0123687 0.0218075 0.0124660 0.0301591 0.0170898 0.0407013 0.0167535 0.0357160 0.0260346 0.0127725 0.0398594 0.0281371 0.0260346 0.0257878 0.0168565 0.0214147 0.0261081 0.0175836 0.0261226 0.0220921 0.0167624 0.0214176 0.0212381 0.0166695 0.0125707 0.0214176 0.0552494 0.0212381 0.0213577 0.0127945 0.0269096 0.0215888 0.0211193 0.0260346 0.0262865 0.0260346 0.0260346 0.0263606 0.0260572 0.0308214 0.0261081 0.0353601 0.0305523 0.0397905 0.0234961 0.0273525 0.0219272 0.0123542 0.0262837 0.0271278 0.0169678 
3187       0.0122112 0.0122112 0.0208535 0.0164812 0.0211116 0.0080151 0.0080151 0.0080458 0.0212381 0.0212381 0.0209117 0.0164401 0.0164265 0.0171340 0.0080151 0.0121706 0.0216472 0.0208425 0.0165718 0.0000000 0.0209738 0.0164726 0.0208425 0.0164726 0.0039587 0.0165830 0.0039587 0.0121706 0.0080151 0.0080151 0.0207846 0.0171192 0.0080378 0.0164726 0.0454186 0.0121706 0.0265326 0.0258100 0.0258322 0.0216472 0.0212381 0.0164265 0.0228447 0.0164726 0.0122751 0.0164726 0.0254833 0.0346189 0.0080151 0.0121706 0.0208020 0.0166275 0.0121806 0.0212381 0.0164265 0.0212381 0.0208425 0.0208020 0.0216472 0.0164265 0.0345893 0.0207846 0.0298978 0.0209738 0.0298978 0.0346189 0.0394291 0.0208020 0.0253167 0.0164265 0.0345893 0.0122559 0.0299232 0.0397905 0.0164265 0.0349291 0.0346189 0.0208425 0.0301191 0.0208535 0.0121706 0.0080151 0.0121706 0.0165553 0.0122751 0.0164401 0.0121706 0.0164726 0.0121706 0.0253167 0.0121706 0.0164265 0.0207846 0.0299232 0.0080818 0.0232801 0.0223149 0.0265046 0.0216256 0.0208020 0.0121706 0.0225108 0.0216256 0.0126787 0.0122049 0.0122751 0.0122049 0.0931430 0.0768921 0.0126920 0.0122648 0.0176046 0.0207846 0.0080685 0.0080457 0.0268582 0.0214247 0.1001699 0.0208425 0.0166275 0.0219051 0.0212381 0.0209738 0.0348893 0.0122727 0.0216223 0.0123685 0.0298978 0.0207846 0.0403226 0.0166188 0.0353910 0.0258100 0.0216321 0.0394969 0.0278765 0.0258100 0.0255677 0.0167199 0.0212352 0.0258823 0.0174347 0.0258965 0.0219018 0.0166275 0.0212381 0.0210618 0.0165363 0.0124714 0.0212381 0.0546756 0.0210618 0.0211790 0.0126920 0.0266708 0.0214063 0.0209449 0.0258100 0.0260572 0.0258100 0.0258100 0.0261298 0.0258322 0.0305478 0.0258823 0.0350419 0.0302840 0.0394291 0.0232801 0.0271053 0.0217400 0.0122585 0.0260545 0.0268848 0.0168295 
1143       0.0255817 0.0255817 0.0079535 0.0302228 0.0354399 0.0209817 0.0122649 0.0210649 0.0356821 0.0356821 0.0256309 0.0121605 0.0039149 0.0313729 0.0209817 0.0080685 0.0082687 0.0079495 0.0211487 0.0209738 0.0000000 0.0122895 0.0079495 0.0121848 0.0164295 0.0211638 0.0165718 0.0080005 0.0122649 0.0207998 0.0079273 0.0126706 0.0210327 0.0121848 0.0621661 0.0165580 0.0127216 0.0406711 0.0407073 0.0082687 0.0356821 0.0039149 0.0086678 0.0121848 0.0257383 0.0302062 0.0038852 0.0297742 0.0122649 0.0080005 0.0079337 0.0305168 0.0165718 0.0356821 0.0039149 0.0356821 0.0079495 0.0079337 0.0083082 0.0039327 0.0206192 0.0079273 0.0162947 0.0079925 0.0252873 0.0296314 0.0250683 0.0079337 0.0208151 0.0039149 0.0207167 0.0166810 0.0346178 0.0161569 0.0121505 0.0119732 0.0298928 0.0079495 0.0452150 0.0079535 0.0080005 0.0121605 0.0080005 0.0122418 0.0167058 0.0121605 0.0080005 0.0121848 0.0165580 0.0301591 0.0079337 0.0039476 0.0079273 0.0349291 0.0211667 0.0088645 0.0084821 0.0126427 0.0082598 0.0079337 0.0165580 0.0085476 0.0082598 0.0172440 0.0166048 0.0167058 0.0166048 0.1102435 0.0928550 0.0265483 0.0166884 0.0041815 0.0079273 0.0211373 0.0164936 0.0422530 0.0360117 0.1176874 0.0164482 0.0305168 0.0367141 0.0356821 0.0079925 0.0504476 0.0167031 0.0082565 0.0081290 0.0307441 0.0079273 0.0565638 0.0212085 0.0511652 0.0406711 0.0264926 0.0251157 0.0332092 0.0307900 0.0121811 0.0307145 0.0356805 0.0407787 0.0041428 0.0408023 0.0367169 0.0305168 0.0356821 0.0353573 0.0303221 0.0081951 0.0356821 0.0733838 0.0353573 0.0356060 0.0172618 0.0419269 0.0359797 0.0079795 0.0406711 0.0410945 0.0406711 0.0406711 0.0412308 0.0407073 0.0458706 0.0407787 0.0506241 0.0454283 0.0250683 0.0088645 0.0426599 0.0364065 0.0256844 0.0410938 0.0422920 0.0040059 
1144       0.0122356 0.0122356 0.0122255 0.0165138 0.0211531 0.0080312 0.0080312 0.0080620 0.0212801 0.0212801 0.0209525 0.0080312 0.0080246 0.0171689 0.0080312 0.0039634 0.0127073 0.0122192 0.0166048 0.0164726 0.0122895 0.0000000 0.0122192 0.0080473 0.0122049 0.0255729 0.0122049 0.0039634 0.0080312 0.0080312 0.0121847 0.0083742 0.0165190 0.0080473 0.0454937 0.0121948 0.0172973 0.0258600 0.0258823 0.0127073 0.0212801 0.0080246 0.0133559 0.0080473 0.0122998 0.0165052 0.0165909 0.0346810 0.0080312 0.0039634 0.0121948 0.0166607 0.0122049 0.0212801 0.0080246 0.0212801 0.0122192 0.0121948 0.0127073 0.0080246 0.0253435 0.0121847 0.0208655 0.0122895 0.0208655 0.0346810 0.0299533 0.0121948 0.0164914 0.0080246 0.0253435 0.0122805 0.0299788 0.0302154 0.0080246 0.0255812 0.0253649 0.0122192 0.0301754 0.0122255 0.0039634 0.0080312 0.0039634 0.0080825 0.0122998 0.0080312 0.0039634 0.0080473 0.0121948 0.0253649 0.0121948 0.0080246 0.0121847 0.0299788 0.0166188 0.0136456 0.0130597 0.0172754 0.0126939 0.0121948 0.0121948 0.0131662 0.0126939 0.0127048 0.0122293 0.0122998 0.0122293 0.1072325 0.0900805 0.0127182 0.0122895 0.0085857 0.0121847 0.0165942 0.0080619 0.0269115 0.0214674 0.1146068 0.0122192 0.0166607 0.0219493 0.0212801 0.0122895 0.0349524 0.0122974 0.0126899 0.0040265 0.0208655 0.0121847 0.0403928 0.0166519 0.0354554 0.0258600 0.0216753 0.0300089 0.0279331 0.0167961 0.0166467 0.0167535 0.0212773 0.0259325 0.0085043 0.0259467 0.0219460 0.0166607 0.0212801 0.0211031 0.0165691 0.0040587 0.0212801 0.0547608 0.0211031 0.0212209 0.0127182 0.0267234 0.0214490 0.0122703 0.0258600 0.0261081 0.0258600 0.0258600 0.0261810 0.0258823 0.0306054 0.0259325 0.0351052 0.0303406 0.0299533 0.0136456 0.0271595 0.0217836 0.0122831 0.0261053 0.0269382 0.0082162 
