C1d-noName-C42.2-C1-noName	10	0.0	0.0005527205337032599	0.0008161834435712858	0.0023174924630373927	0.006457660495770847	0.0010536717897320536	0.02529499903106272	0.02207739740729854	0.02272902055434574	0.02141011324778771	0.026672550320425918
C1d/C42.2-C1-C3cg	11	0.0005527205337032599	0.0	0.0006438483222855433	0.0017652064854229155	0.005906377012637473	0.0008813366684463111	0.02474371554792935	0.021526113924165168	0.022177737071212365	0.020858829764654335	0.026121266837292545
C1d-noName-C42.2-C1	13	0.0008161834435712858	0.0006438483222855433	0.0	0.002408801566976605	0.0065496242734953015	0.0006414263319436112	0.025387268656717595	0.022169667032953415	0.022821290180000613	0.021502382873442576	0.026764819946080785
C1d-C31-C42.2-C1	15	0.0023174924630373927	0.0017652064854229155	0.002408801566976605	0.0	0.004141170527214556	0.002646286166826635	0.02297850906250643	0.019760907438742252	0.02041253058578945	0.019093623279231416	0.024356060351869623
C1d/C31/C17d-2099_C	16	0.006457660495770847	0.005906377012637473	0.0065496242734953015	0.004141170527214556	0.0	0.006787079975344931	0.020512681385041927	0.017295079761277747	0.017946702908324945	0.016627795601766908	0.021890858951549685
C1d	20	0.0010536717897320536	0.0008813366684463111	0.0006414263319436112	0.002646286166826635	0.006787079975344931	0.0	0.025624418510636807	0.022406816886872627	0.023058440033919825	0.021739532727361795	0.027001969799999997
C31-C17d-C31.1-C21-C31a-noName	12	0.02529499903106272	0.02474371554792935	0.025387268656717595	0.02297850906250643	0.020512681385041927	0.025624418510636807	0.0	0.004077161835983096	0.0031586829231230623	0.004869549514515646	0.0028988284978606416
C31/C17d-C21-C21ac-C31.9	14	0.02207739740729854	0.021526113924165168	0.022169667032953415	0.019760907438742252	0.017295079761277747	0.022406816886872627	0.004077161835983096	0.0	0.0012488315488131435	0.0013535025045146713	0.005455714138922215
C31-C17d-C21-C21ac-C31a-C17e	18	0.02272902055434574	0.022177737071212365	0.022821290180000613	0.02041253058578945	0.017946702908324945	0.023058440033919825	0.0031586829231230623	0.0012488315488131435	0.0	0.0021526085946516043	0.004906690248515444
C31/C17d-C21-C21ac-C17e-C17f-C31.9	19	0.02141011324778771	0.020858829764654335	0.021502382873442576	0.019093623279231416	0.016627795601766908	0.021739532727361795	0.004869549514515646	0.0013535025045146713	0.0021526085946516043	0.0	0.006248101817454764
C31	21	0.026672550320425918	0.026121266837292545	0.026764819946080785	0.024356060351869623	0.021890858951549685	0.027001969799999997	0.0028988284978606416	0.005455714138922215	0.004906690248515444	0.006248101817454764	0.0
