HP04	50	0.0	0.00014507506744519796	0.0024562913719410853	0.0001454679895631638	0.00015508389772621252	0.0030521841108038564
HP05	51	0.00014507506744519796	0.0	0.0023622661233154104	0.00021697265177016194	6.134187689360537e-05	0.0029783018207956836
HP07	53	0.0024562913719410853	0.0023622661233154104	0.0	0.00249792398932018	0.002369943943055012	0.0007959798636997413
HP11	57	0.0001454679895631638	0.00021697265177016194	0.00249792398932018	0.0	0.00022704886759906026	0.003057566398002322
HP12	58	0.00015508389772621252	6.134187689360537e-05	0.002369943943055012	0.00022704886759906026	0.0	0.0029792829927980827
HP14	60	0.0030521841108038564	0.0029783018207956836	0.0007959798636997413	0.003057566398002322	0.0029792829927980827	0.0
