6
HP04	50	0	0.02379088872924085	0.13548156216716226	0.034301650775090814	0.02549687900211038	0.14812494452605698
HP05	51	0.02379088872924085	0	0.13274635969384077	0.03981989765620302	0.010763987165501917	0.14854685233929507
HP07	53	0.13548156216716226	0.13274635969384077	0	0.15852880267035185	0.13395317631647988	0.052080774390371176
HP11	57	0.034301650775090814	0.03981989765620302	0.15852880267035185	0	0.038702980178951164	0.16700201840837592
HP12	58	0.02549687900211038	0.010763987165501917	0.13395317631647988	0.038702980178951164	0	0.14939406214238557
HP14	60	0.14812494452605698	0.14854685233929507	0.052080774390371176	0.16700201840837592	0.14939406214238557	0
