172
1          0.0000000 0.0077307 0.0000010 0.0155637 0.0038274 0.0077168 0.0038301 0.0039295 0.0077141 0.0038440 0.0077307 0.0077307 0.0076931 0.0282934 0.0205585 0.0161105 0.0241433 0.0236162 0.0117303 0.0038436 0.0078938 0.0240137 0.0119278 0.0079160 0.0078995 0.0119311 0.0119356 0.0077813 0.0078938 0.0080848 0.0240141 0.0119018 0.0663929 0.0116783 0.0240141 0.0079153 0.0242699 0.0078995 0.0817799 0.0079530 0.0120324 0.0240657 0.0119017 0.0240137 0.0119017 0.0159406 0.0200871 0.0078995 0.0078938 0.0079865 0.0240645 0.0119018 0.0242699 0.0117796 0.0119366 0.0242502 0.0077307 0.0078938 0.0283555 0.0284635 0.0117700 0.0077925 0.0240141 0.0240657 0.0304830 0.0199079 0.0159406 0.0768372 0.0239960 0.0242573 0.0240141 0.0239960 0.0119105 0.0407766 0.0077859 0.0119018 0.0210955 0.0408659 0.0366142 0.0282025 0.0118655 0.0116602 0.0077931 0.0038378 0.0116550 0.0038317 0.0324652 0.0077557 0.0116792 0.0116465 0.0116465 0.0117212 0.0156192 0.0407753 0.0276550 0.0240137 0.0240657 0.0256723 0.0240649 0.0244342 0.0119017 0.0240249 0.0203854 0.0119017 0.0240249 0.0241433 0.0407766 0.0200147 0.0038440 0.0077141 0.0115973 0.0241250 0.0199079 0.0078938 0.0078938 0.0323053 0.0078938 0.0365065 0.0039614 0.0200147 0.0079151 0.0119017 0.0365345 0.0039295 0.0119018 0.0039295 0.0239960 0.0239960 0.0078938 0.0583979 0.0079160 0.0080184 0.0199079 0.0242502 0.0038301 0.0078995 0.0038378 0.0078995 0.0158557 0.0077307 0.0199506 0.0118931 0.0199079 0.0077307 0.0240137 0.0240141 0.0285090 0.0202129 0.0078938 0.0038378 0.0000010 0.0119367 0.0078938 0.0077290 0.0117483 0.0116465 0.0235831 0.0116465 0.0116550 0.0216560 0.0116549 0.0077912 0.0077307 0.0116465 0.0276934 0.0195946 0.0116465 0.0077141 0.0195392 0.0116465 0.0241433 0.0077814 
1541       0.0077307 0.0000000 0.0077574 0.0155648 0.0116465 0.0156578 0.0116549 0.0119621 0.0077148 0.0116977 0.0077314 0.0077314 0.0156076 0.0369236 0.0292109 0.0245234 0.0326730 0.0236174 0.0198309 0.0116968 0.0160211 0.0324956 0.0201751 0.0160676 0.0160332 0.0201811 0.0201894 0.0157851 0.0160211 0.0164153 0.0324964 0.0201316 0.0764079 0.0116792 0.0324964 0.0160665 0.0328398 0.0160330 0.0922748 0.0161427 0.0203496 0.0325673 0.0201314 0.0324956 0.0201314 0.0242664 0.0285437 0.0160332 0.0160211 0.0162079 0.0325663 0.0201316 0.0328398 0.0117805 0.0201902 0.0328134 0.0077314 0.0160211 0.0369975 0.0371401 0.0117709 0.0077932 0.0324964 0.0325673 0.0398182 0.0282851 0.0242664 0.0872043 0.0324715 0.0328236 0.0324964 0.0324715 0.0201466 0.0496715 0.0077865 0.0201316 0.0300005 0.0497818 0.0454262 0.0368042 0.0118664 0.0116611 0.0077938 0.0038382 0.0116559 0.0116602 0.0324662 0.0157394 0.0116801 0.0077925 0.0116474 0.0117221 0.0156203 0.0496693 0.0360788 0.0324956 0.0325673 0.0347772 0.0325676 0.0330652 0.0201314 0.0325111 0.0289747 0.0201314 0.0325111 0.0326730 0.0496715 0.0284384 0.0116977 0.0077148 0.0196088 0.0326478 0.0282851 0.0160211 0.0160211 0.0409874 0.0160211 0.0452906 0.0120608 0.0284384 0.0160665 0.0201314 0.0453260 0.0119621 0.0201316 0.0119621 0.0324715 0.0324715 0.0160211 0.0640784 0.0160676 0.0162776 0.0282851 0.0328134 0.0116549 0.0160330 0.0038382 0.0160332 0.0241358 0.0077314 0.0283471 0.0201164 0.0282851 0.0077314 0.0324956 0.0324964 0.0372024 0.0287178 0.0160211 0.0116792 0.0077580 0.0201904 0.0160211 0.0077307 0.0117492 0.0116474 0.0319044 0.0116474 0.0038308 0.0308096 0.0116558 0.0077918 0.0077314 0.0116474 0.0276946 0.0195958 0.0116474 0.0077148 0.0195404 0.0116474 0.0326730 0.0157852 
8          0.0000010 0.0077574 0.0000000 0.0156198 0.0038409 0.0077444 0.0038436 0.0039295 0.0077417 0.0038576 0.0077574 0.0077574 0.0077204 0.0282934 0.0205585 0.0161105 0.0241433 0.0237025 0.0117728 0.0038436 0.0078938 0.0240137 0.0119278 0.0079160 0.0078995 0.0119311 0.0119356 0.0078093 0.0078938 0.0080848 0.0240141 0.0119018 0.0663929 0.0117204 0.0240141 0.0079153 0.0242699 0.0078995 0.0817799 0.0079530 0.0120324 0.0240657 0.0119017 0.0240137 0.0119017 0.0159406 0.0200871 0.0078995 0.0078938 0.0079865 0.0240645 0.0119018 0.0242699 0.0118223 0.0119366 0.0242502 0.0077574 0.0078938 0.0283555 0.0284635 0.0118127 0.0078206 0.0240141 0.0240657 0.0304830 0.0199079 0.0159406 0.0768372 0.0239960 0.0242573 0.0240141 0.0239960 0.0119105 0.0407766 0.0078139 0.0119018 0.0210955 0.0408659 0.0366142 0.0282025 0.0119089 0.0117021 0.0078212 0.0038514 0.0116969 0.0038453 0.0325878 0.0077557 0.0117213 0.0116883 0.0116883 0.0117635 0.0156757 0.0407753 0.0277566 0.0240137 0.0240657 0.0256723 0.0240649 0.0244342 0.0119017 0.0240249 0.0203854 0.0119017 0.0240249 0.0241433 0.0407766 0.0200147 0.0038576 0.0077416 0.0116389 0.0241250 0.0199079 0.0078938 0.0078938 0.0323053 0.0078938 0.0365065 0.0039614 0.0200147 0.0079151 0.0119017 0.0365345 0.0039295 0.0119018 0.0039295 0.0239960 0.0239960 0.0078938 0.0532943 0.0079160 0.0080184 0.0199079 0.0242502 0.0038436 0.0078995 0.0038514 0.0078995 0.0158557 0.0077574 0.0199506 0.0118931 0.0199079 0.0077574 0.0240137 0.0240141 0.0285090 0.0202129 0.0078938 0.0038514 0.0000010 0.0119367 0.0078938 0.0077567 0.0117909 0.0116883 0.0236693 0.0116883 0.0116969 0.0216560 0.0116968 0.0078192 0.0077574 0.0116883 0.0277953 0.0196658 0.0116883 0.0077417 0.0196100 0.0116883 0.0241433 0.0078093 
2569       0.0155637 0.0155648 0.0156198 0.0000000 0.0195392 0.0236430 0.0195533 0.0200729 0.0155325 0.0196255 0.0155648 0.0155648 0.0235661 0.0200335 0.0378045 0.0329160 0.0159555 0.0076950 0.0279427 0.0196243 0.0241955 0.0408962 0.0284384 0.0242664 0.0242139 0.0284475 0.0284599 0.0238305 0.0241955 0.0247957 0.0408976 0.0283766 0.0859594 0.0195946 0.0408976 0.0242651 0.0413230 0.0242135 0.1021615 0.0243800 0.0286792 0.0409874 0.0283760 0.0408962 0.0283760 0.0079009 0.0369514 0.0242139 0.0241955 0.0244739 0.0409868 0.0283766 0.0413230 0.0197607 0.0284596 0.0412901 0.0155648 0.0159747 0.0200814 0.0201574 0.0197448 0.0156901 0.0408976 0.0409874 0.0443468 0.0366142 0.0241951 0.0970073 0.0408659 0.0413038 0.0408976 0.0408659 0.0283977 0.0323361 0.0156785 0.0283766 0.0388523 0.0324063 0.0282287 0.0366943 0.0199061 0.0195634 0.0156882 0.0115900 0.0195547 0.0195622 0.0408503 0.0237689 0.0195958 0.0195404 0.0195404 0.0196672 0.0235852 0.0323353 0.0443919 0.0408962 0.0409874 0.0392209 0.0409894 0.0416080 0.0200486 0.0409160 0.0375140 0.0283760 0.0409160 0.0159555 0.0323361 0.0119038 0.0196255 0.0155323 0.0276337 0.0159435 0.0366142 0.0241955 0.0241955 0.0240181 0.0241955 0.0281464 0.0202397 0.0119038 0.0242656 0.0283760 0.0281678 0.0200729 0.0283766 0.0200729 0.0323754 0.0408659 0.0241955 0.0731970 0.0242664 0.0245851 0.0366142 0.0412901 0.0195533 0.0242135 0.0115900 0.0242139 0.0324002 0.0155648 0.0366953 0.0200577 0.0366142 0.0155648 0.0408962 0.0408976 0.0457747 0.0371691 0.0241955 0.0195946 0.0156209 0.0284602 0.0159747 0.0155637 0.0197084 0.0195404 0.0401472 0.0195404 0.0195547 0.0399066 0.0195545 0.0156840 0.0155648 0.0195404 0.0116012 0.0038311 0.0116148 0.0155325 0.0038206 0.0195404 0.0159555 0.0238309 
11         0.0038274 0.0116465 0.0038409 0.0195392 0.0000000 0.0116266 0.0076931 0.0078938 0.0116224 0.0077211 0.0116465 0.0116465 0.0115891 0.0324806 0.0247786 0.0202268 0.0282934 0.0276727 0.0157072 0.0077204 0.0118931 0.0281411 0.0159748 0.0119278 0.0119018 0.0159794 0.0159857 0.0117217 0.0118931 0.0121824 0.0281417 0.0159408 0.0711353 0.0156393 0.0281417 0.0119268 0.0284395 0.0119017 0.0867066 0.0119826 0.0161136 0.0282025 0.0159406 0.0281411 0.0159406 0.0200147 0.0242130 0.0119018 0.0118931 0.0120324 0.0282013 0.0159408 0.0284395 0.0157735 0.0159867 0.0284166 0.0116465 0.0118931 0.0325486 0.0326730 0.0157607 0.0117400 0.0281417 0.0282025 0.0350025 0.0239960 0.0200147 0.0817173 0.0281204 0.0284251 0.0281417 0.0281204 0.0159526 0.0450567 0.0117314 0.0159408 0.0254348 0.0451558 0.0408659 0.0323762 0.0158892 0.0156147 0.0117398 0.0077087 0.0156078 0.0076964 0.0366844 0.0116862 0.0156404 0.0155963 0.0155963 0.0156970 0.0196093 0.0450550 0.0317447 0.0281411 0.0282025 0.0300946 0.0282021 0.0286328 0.0159406 0.0281544 0.0245745 0.0159406 0.0281544 0.0282934 0.0450567 0.0241250 0.0077211 0.0116223 0.0155313 0.0282719 0.0239960 0.0118931 0.0118931 0.0365065 0.0118931 0.0407451 0.0079582 0.0241250 0.0119267 0.0159406 0.0407766 0.0078938 0.0159408 0.0078938 0.0281204 0.0281204 0.0118931 0.0631868 0.0119278 0.0120816 0.0239960 0.0284166 0.0076931 0.0119017 0.0077087 0.0119018 0.0199079 0.0116465 0.0240479 0.0159288 0.0239960 0.0116465 0.0281411 0.0281417 0.0327263 0.0243623 0.0118931 0.0077087 0.0038413 0.0159868 0.0118931 0.0116456 0.0157317 0.0155963 0.0276343 0.0155963 0.0156078 0.0261135 0.0156076 0.0117367 0.0116465 0.0155963 0.0317884 0.0236162 0.0155963 0.0116224 0.0235491 0.0155963 0.0282934 0.0117218 
12         0.0077168 0.0156578 0.0077444 0.0236430 0.0116266 0.0000000 0.0116350 0.0119412 0.0156251 0.0116777 0.0156578 0.0156578 0.0155809 0.0368584 0.0291581 0.0244798 0.0326153 0.0318933 0.0197966 0.0116768 0.0159930 0.0324386 0.0201396 0.0160393 0.0160050 0.0201456 0.0201538 0.0157578 0.0159930 0.0080848 0.0324393 0.0200962 0.0762673 0.0197130 0.0324393 0.0160382 0.0327817 0.0160049 0.0921049 0.0161142 0.0203135 0.0325100 0.0200960 0.0324386 0.0200960 0.0242236 0.0284932 0.0160050 0.0159930 0.0161792 0.0325090 0.0200962 0.0327817 0.0198811 0.0201546 0.0327553 0.0156578 0.0159930 0.0369321 0.0370742 0.0198650 0.0157846 0.0324393 0.0325100 0.0397427 0.0282355 0.0242236 0.0870433 0.0324145 0.0327655 0.0324393 0.0324145 0.0201112 0.0495841 0.0157729 0.0200962 0.0299448 0.0496940 0.0453461 0.0367394 0.0200283 0.0196814 0.0157826 0.0116593 0.0196727 0.0116402 0.0411123 0.0157123 0.0197142 0.0196581 0.0196581 0.0197865 0.0237287 0.0495819 0.0360165 0.0324386 0.0325100 0.0347120 0.0325103 0.0330062 0.0200960 0.0324540 0.0289227 0.0200960 0.0324540 0.0326153 0.0495841 0.0283883 0.0116777 0.0156249 0.0195752 0.0325902 0.0282355 0.0159930 0.0159930 0.0409154 0.0159930 0.0452110 0.0120395 0.0283883 0.0160382 0.0200960 0.0452462 0.0119412 0.0200962 0.0119412 0.0324145 0.0324145 0.0159930 0.0683377 0.0160393 0.0162486 0.0282355 0.0327553 0.0116350 0.0160049 0.0116593 0.0160050 0.0240936 0.0156578 0.0282973 0.0200810 0.0282355 0.0156578 0.0324386 0.0324393 0.0371363 0.0286668 0.0159930 0.0116593 0.0077450 0.0201549 0.0159930 0.0156567 0.0198281 0.0196581 0.0318494 0.0196581 0.0196727 0.0307509 0.0196724 0.0157784 0.0156578 0.0196581 0.0360657 0.0277842 0.0196581 0.0156251 0.0277045 0.0196581 0.0326153 0.0157579 
15         0.0038301 0.0116549 0.0038436 0.0195533 0.0076931 0.0116350 0.0000000 0.0000010 0.0116308 0.0000010 0.0116549 0.0116549 0.0115973 0.0241141 0.0163547 0.0120155 0.0200057 0.0276929 0.0077779 0.0000010 0.0039248 0.0198987 0.0079067 0.0039359 0.0039277 0.0079087 0.0079116 0.0038688 0.0039248 0.0040192 0.0198989 0.0078902 0.0616121 0.0156507 0.0198989 0.0039355 0.0201120 0.0039277 0.0767955 0.0039542 0.0079769 0.0199414 0.0078902 0.0198987 0.0078902 0.0118877 0.0159785 0.0039277 0.0039248 0.0039703 0.0199402 0.0078902 0.0201120 0.0157851 0.0079124 0.0200956 0.0116549 0.0039248 0.0241693 0.0242610 0.0157723 0.0117486 0.0198989 0.0199414 0.0259717 0.0158368 0.0118877 0.0719055 0.0198840 0.0201013 0.0198989 0.0198840 0.0078960 0.0364901 0.0117399 0.0078902 0.0167755 0.0365696 0.0323608 0.0240367 0.0159009 0.0156260 0.0117483 0.0077141 0.0156191 0.0077019 0.0367117 0.0116947 0.0156517 0.0156076 0.0156076 0.0157084 0.0196236 0.0364890 0.0235727 0.0198987 0.0199414 0.0212644 0.0199403 0.0202474 0.0078902 0.0199079 0.0162142 0.0078902 0.0199079 0.0200057 0.0364901 0.0159215 0.0000010 0.0038362 0.0076897 0.0199906 0.0158368 0.0039248 0.0039248 0.0281072 0.0039248 0.0322661 0.0000010 0.0159215 0.0039354 0.0078902 0.0322907 0.0000010 0.0078902 0.0000010 0.0198840 0.0198840 0.0039248 0.0535822 0.0039359 0.0039865 0.0158368 0.0200956 0.0000010 0.0039277 0.0077141 0.0039277 0.0118241 0.0116549 0.0240657 0.0078845 0.0158368 0.0116549 0.0198987 0.0198989 0.0242988 0.0160800 0.0039248 0.0077141 0.0038440 0.0079125 0.0039248 0.0116540 0.0157432 0.0156076 0.0195439 0.0156076 0.0156191 0.0216560 0.0077263 0.0117453 0.0116549 0.0156076 0.0318115 0.0236334 0.0156076 0.0116308 0.0235661 0.0156076 0.0200057 0.0117303 
18         0.0039295 0.0119621 0.0039295 0.0200729 0.0078938 0.0119412 0.0000010 0.0000000 0.0119367 0.0000010 0.0119621 0.0119621 0.0119017 0.0241141 0.0163547 0.0120155 0.0200057 0.0284384 0.0079829 0.0000010 0.0039248 0.0118877 0.0079067 0.0039359 0.0039277 0.0079087 0.0079116 0.0039703 0.0039248 0.0040192 0.0118878 0.0078902 0.0616121 0.0160665 0.0118878 0.0039355 0.0120178 0.0039277 0.0767955 0.0039542 0.0079769 0.0119126 0.0078902 0.0118877 0.0078902 0.0118877 0.0159785 0.0039277 0.0039248 0.0039703 0.0119117 0.0078902 0.0120178 0.0162079 0.0079124 0.0120078 0.0119621 0.0039248 0.0199906 0.0200660 0.0161945 0.0120608 0.0118878 0.0119126 0.0172382 0.0078845 0.0118877 0.0719055 0.0118790 0.0120110 0.0118878 0.0118790 0.0078960 0.0282591 0.0120517 0.0078902 0.0083492 0.0283204 0.0241661 0.0159556 0.0163301 0.0160405 0.0120604 0.0079160 0.0160332 0.0079031 0.0377322 0.0119599 0.0160676 0.0160211 0.0160211 0.0161274 0.0201469 0.0282585 0.0242025 0.0118877 0.0119126 0.0126992 0.0119115 0.0161410 0.0078902 0.0118931 0.0080713 0.0078902 0.0118931 0.0200057 0.0282591 0.0159215 0.0000010 0.0039359 0.0078902 0.0199906 0.0078845 0.0039248 0.0039248 0.0199906 0.0039248 0.0240958 0.0000010 0.0159215 0.0039354 0.0078902 0.0241141 0.0000010 0.0078902 0.0000010 0.0118790 0.0118790 0.0039248 0.0261847 0.0039359 0.0039865 0.0078845 0.0120078 0.0000010 0.0039277 0.0079160 0.0039277 0.0039248 0.0119621 0.0159748 0.0078845 0.0078845 0.0119621 0.0118877 0.0118878 0.0161321 0.0120178 0.0039248 0.0079160 0.0039441 0.0079125 0.0039248 0.0119612 0.0161638 0.0160211 0.0200630 0.0119621 0.0160332 0.0129329 0.0079289 0.0120572 0.0119621 0.0160211 0.0326730 0.0242664 0.0160211 0.0119367 0.0241955 0.0160211 0.0200057 0.0120414 
1557       0.0077141 0.0077148 0.0077417 0.0155325 0.0116224 0.0156251 0.0116308 0.0119367 0.0000000 0.0116734 0.0077148 0.0077148 0.0155751 0.0368425 0.0291458 0.0244699 0.0326016 0.0235677 0.0197889 0.0116725 0.0159868 0.0324250 0.0201316 0.0160332 0.0159989 0.0201376 0.0201458 0.0157518 0.0159868 0.0163793 0.0324258 0.0200883 0.0762281 0.0116550 0.0324258 0.0160321 0.0327678 0.0159987 0.0920556 0.0161080 0.0203054 0.0324964 0.0200881 0.0324250 0.0200881 0.0242139 0.0284815 0.0159989 0.0159868 0.0161729 0.0324953 0.0200883 0.0327678 0.0117558 0.0201466 0.0327414 0.0077148 0.0159868 0.0369162 0.0370582 0.0117463 0.0077763 0.0324258 0.0324964 0.0351139 0.0282240 0.0242139 0.0869971 0.0324009 0.0327516 0.0324258 0.0324009 0.0201033 0.0495617 0.0077707 0.0200883 0.0299317 0.0496715 0.0453260 0.0367236 0.0118414 0.0116369 0.0077776 0.0038304 0.0116318 0.0116360 0.0323958 0.0157064 0.0116559 0.0116233 0.0116233 0.0116977 0.0155878 0.0495596 0.0360014 0.0324250 0.0324964 0.0301888 0.0324966 0.0329921 0.0200881 0.0324404 0.0289105 0.0200881 0.0324404 0.0326016 0.0495617 0.0283766 0.0116734 0.0076992 0.0195678 0.0325765 0.0282240 0.0159868 0.0159868 0.0408976 0.0159868 0.0451909 0.0120350 0.0283766 0.0160320 0.0200881 0.0452261 0.0119367 0.0200883 0.0119367 0.0324009 0.0324009 0.0159868 0.0633930 0.0160332 0.0162422 0.0282240 0.0327414 0.0116308 0.0159987 0.0038304 0.0159989 0.0240839 0.0077148 0.0282857 0.0200731 0.0282240 0.0077148 0.0324250 0.0324258 0.0371202 0.0286549 0.0159868 0.0116550 0.0077423 0.0201469 0.0159868 0.0077141 0.0117247 0.0116233 0.0318363 0.0116233 0.0038409 0.0307370 0.0116317 0.0077757 0.0077148 0.0116233 0.0276360 0.0195547 0.0116233 0.0076992 0.0194996 0.0116233 0.0326016 0.0157520 
23         0.0038440 0.0116977 0.0038576 0.0196255 0.0077211 0.0116777 0.0000010 0.0000010 0.0116734 0.0000000 0.0116977 0.0116977 0.0116398 0.0242054 0.0164178 0.0120609 0.0200812 0.0277959 0.0078065 0.0000010 0.0039394 0.0199734 0.0079363 0.0039506 0.0039423 0.0079384 0.0079413 0.0038830 0.0039394 0.0040345 0.0199736 0.0079197 0.0618638 0.0157085 0.0199736 0.0039502 0.0201883 0.0039423 0.0771153 0.0039690 0.0080070 0.0200164 0.0079197 0.0199734 0.0079197 0.0119323 0.0160388 0.0039423 0.0039394 0.0039853 0.0200152 0.0079197 0.0201883 0.0158439 0.0079421 0.0201718 0.0116977 0.0039394 0.0242610 0.0243533 0.0158310 0.0117921 0.0199736 0.0200164 0.0260775 0.0158960 0.0119323 0.0722039 0.0199586 0.0201775 0.0199736 0.0199586 0.0079255 0.0366290 0.0117834 0.0079197 0.0168419 0.0367091 0.0324838 0.0241274 0.0159606 0.0156836 0.0117918 0.0077423 0.0156767 0.0077300 0.0368521 0.0117378 0.0157096 0.0156651 0.0156651 0.0157667 0.0196962 0.0366279 0.0236600 0.0199734 0.0200164 0.0213497 0.0200154 0.0203247 0.0079197 0.0199826 0.0162763 0.0079197 0.0199826 0.0200812 0.0366290 0.0159813 0.0000010 0.0038501 0.0077177 0.0200660 0.0158960 0.0039394 0.0039394 0.0282134 0.0039394 0.0323885 0.0000010 0.0159813 0.0039501 0.0079197 0.0324133 0.0000010 0.0079197 0.0000010 0.0199586 0.0199586 0.0039394 0.0538053 0.0039506 0.0040016 0.0158960 0.0201718 0.0000010 0.0039423 0.0077423 0.0039423 0.0118682 0.0116977 0.0241566 0.0079139 0.0158960 0.0116977 0.0199734 0.0199736 0.0243915 0.0161410 0.0039394 0.0077423 0.0038440 0.0079421 0.0039394 0.0116968 0.0158017 0.0156651 0.0196160 0.0156651 0.0156767 0.0217444 0.0077546 0.0117887 0.0116977 0.0156651 0.0319304 0.0237211 0.0156651 0.0116734 0.0236533 0.0156651 0.0200812 0.0117737 
24         0.0077307 0.0077314 0.0077574 0.0155648 0.0116465 0.0156578 0.0116549 0.0119621 0.0077148 0.0116977 0.0000000 0.0000010 0.0156076 0.0369236 0.0292109 0.0245234 0.0326730 0.0155222 0.0198309 0.0116968 0.0160211 0.0324956 0.0201751 0.0160676 0.0160332 0.0201811 0.0201894 0.0157851 0.0160211 0.0164153 0.0324964 0.0201316 0.0764079 0.0038382 0.0324964 0.0160665 0.0328398 0.0160330 0.0922748 0.0161427 0.0203496 0.0325673 0.0201314 0.0324956 0.0201314 0.0242664 0.0285437 0.0160332 0.0160211 0.0162079 0.0325663 0.0201316 0.0328398 0.0038712 0.0201902 0.0328134 0.0000010 0.0160211 0.0369975 0.0371401 0.0038681 0.0000010 0.0324964 0.0325673 0.0398182 0.0282851 0.0242664 0.0872043 0.0324715 0.0328236 0.0324964 0.0324715 0.0201466 0.0496715 0.0000010 0.0201316 0.0300005 0.0497818 0.0454262 0.0368042 0.0038990 0.0038325 0.0077938 0.0038382 0.0038308 0.0116602 0.0239985 0.0157394 0.0038385 0.0038281 0.0038281 0.0038520 0.0076999 0.0496693 0.0360788 0.0324956 0.0325673 0.0347772 0.0325676 0.0330652 0.0201314 0.0325111 0.0289747 0.0201314 0.0325111 0.0326730 0.0496715 0.0284384 0.0116977 0.0077148 0.0196088 0.0326478 0.0282851 0.0160211 0.0160211 0.0409874 0.0160211 0.0452906 0.0120608 0.0284384 0.0160665 0.0201314 0.0453260 0.0119621 0.0201316 0.0119621 0.0324715 0.0324715 0.0160211 0.0684674 0.0160676 0.0162776 0.0282851 0.0328134 0.0116549 0.0160330 0.0038382 0.0160332 0.0241358 0.0000010 0.0199518 0.0201164 0.0282851 0.0000010 0.0324956 0.0324964 0.0372024 0.0287178 0.0160211 0.0038382 0.0077580 0.0201904 0.0160211 0.0077307 0.0117492 0.0038281 0.0319044 0.0038281 0.0116559 0.0261961 0.0038308 0.0077918 0.0077314 0.0038281 0.0195007 0.0115909 0.0038281 0.0077148 0.0195404 0.0038281 0.0326730 0.0157852 
26         0.0077307 0.0077314 0.0077574 0.0155648 0.0116465 0.0156578 0.0116549 0.0119621 0.0077148 0.0116977 0.0000010 0.0000000 0.0156076 0.0369236 0.0292109 0.0245234 0.0326730 0.0155222 0.0198309 0.0116968 0.0160211 0.0324956 0.0201751 0.0160676 0.0160332 0.0201811 0.0201894 0.0157851 0.0160211 0.0164153 0.0324964 0.0201316 0.0764079 0.0038382 0.0324964 0.0160665 0.0328398 0.0160330 0.0922748 0.0161427 0.0203496 0.0325673 0.0201314 0.0324956 0.0201314 0.0242664 0.0285437 0.0160332 0.0160211 0.0162079 0.0325663 0.0201316 0.0328398 0.0038712 0.0201902 0.0328134 0.0000010 0.0160211 0.0369975 0.0371401 0.0038681 0.0000010 0.0324964 0.0325673 0.0398182 0.0282851 0.0242664 0.0872043 0.0324715 0.0328236 0.0324964 0.0324715 0.0201466 0.0496715 0.0000010 0.0201316 0.0300005 0.0497818 0.0454262 0.0368042 0.0038990 0.0038325 0.0077938 0.0038382 0.0038308 0.0116602 0.0239985 0.0157394 0.0038385 0.0038281 0.0038281 0.0038520 0.0076999 0.0496693 0.0360788 0.0324956 0.0325673 0.0347772 0.0325676 0.0330652 0.0201314 0.0325111 0.0289747 0.0201314 0.0325111 0.0326730 0.0496715 0.0284384 0.0116977 0.0077148 0.0196088 0.0326478 0.0282851 0.0160211 0.0160211 0.0409874 0.0160211 0.0452906 0.0120608 0.0284384 0.0160665 0.0201314 0.0453260 0.0119621 0.0201316 0.0119621 0.0324715 0.0324715 0.0160211 0.0684674 0.0160676 0.0162776 0.0282851 0.0328134 0.0116549 0.0160330 0.0038382 0.0160332 0.0241358 0.0000010 0.0199518 0.0201164 0.0282851 0.0000010 0.0324956 0.0324964 0.0372024 0.0287178 0.0160211 0.0038382 0.0077580 0.0201904 0.0160211 0.0077307 0.0117492 0.0038281 0.0319044 0.0038281 0.0116559 0.0261961 0.0038308 0.0077918 0.0077314 0.0038281 0.0195007 0.0115909 0.0038281 0.0077148 0.0195404 0.0038281 0.0326730 0.0157852 
28         0.0076931 0.0156076 0.0077204 0.0235661 0.0115891 0.0155809 0.0115973 0.0119017 0.0155751 0.0116398 0.0156076 0.0156076 0.0000000 0.0367324 0.0290576 0.0243974 0.0325047 0.0317876 0.0197322 0.0116389 0.0159406 0.0240133 0.0200729 0.0159867 0.0159526 0.0200788 0.0200870 0.0157070 0.0159406 0.0163308 0.0240137 0.0200298 0.0759781 0.0196491 0.0240137 0.0159856 0.0242695 0.0159524 0.0917469 0.0160611 0.0202457 0.0240653 0.0200296 0.0240133 0.0200296 0.0241429 0.0200868 0.0159526 0.0159406 0.0161256 0.0240641 0.0200298 0.0242695 0.0198161 0.0200878 0.0242498 0.0156076 0.0159406 0.0368057 0.0326974 0.0198002 0.0157336 0.0240137 0.0240653 0.0304823 0.0199076 0.0241429 0.0867066 0.0239956 0.0242569 0.0240137 0.0239956 0.0200447 0.0407753 0.0157220 0.0200298 0.0210952 0.0408646 0.0366132 0.0282019 0.0199623 0.0196178 0.0157317 0.0116223 0.0196091 0.0116035 0.0409710 0.0156618 0.0196503 0.0195946 0.0195946 0.0197221 0.0236513 0.0407739 0.0358963 0.0240133 0.0240653 0.0256718 0.0240645 0.0244337 0.0200296 0.0240245 0.0203851 0.0200296 0.0240245 0.0325047 0.0407753 0.0282929 0.0116398 0.0155750 0.0195123 0.0324798 0.0199076 0.0159406 0.0159406 0.0323045 0.0159406 0.0365054 0.0119994 0.0282929 0.0159855 0.0200296 0.0365335 0.0119017 0.0200298 0.0119017 0.0239956 0.0239956 0.0159406 0.0637099 0.0159867 0.0161945 0.0199076 0.0242498 0.0115973 0.0159524 0.0116223 0.0159526 0.0158555 0.0156076 0.0199504 0.0200147 0.0199076 0.0156076 0.0240133 0.0240137 0.0285084 0.0202126 0.0159406 0.0116223 0.0077211 0.0200881 0.0159406 0.0156065 0.0197636 0.0195946 0.0317440 0.0195946 0.0196091 0.0216556 0.0196088 0.0157275 0.0156076 0.0195946 0.0359452 0.0276929 0.0195946 0.0155751 0.0276137 0.0195946 0.0325047 0.0157072 
2094       0.0282934 0.0369236 0.0282934 0.0200335 0.0324806 0.0368584 0.0241141 0.0241141 0.0368425 0.0242054 0.0369236 0.0369236 0.0367324 0.0000000 0.0420435 0.0370673 0.0038860 0.0200765 0.0328341 0.0241141 0.0199906 0.0280250 0.0325367 0.0283420 0.0280468 0.0200346 0.0325620 0.0285813 0.0282591 0.0203098 0.0280256 0.0241141 0.0905630 0.0413355 0.0280256 0.0283408 0.0283210 0.0282801 0.1068952 0.0284746 0.0241693 0.0280859 0.0241137 0.0280250 0.0239152 0.0118649 0.0411024 0.0282806 0.0198267 0.0241845 0.0280847 0.0324659 0.0283210 0.0416769 0.0325609 0.0282983 0.0369236 0.0199906 0.0038829 0.0038972 0.0416435 0.0372373 0.0280256 0.0280859 0.0303469 0.0238976 0.0198264 0.1017100 0.0280044 0.0283068 0.0280256 0.0280044 0.0324900 0.0038829 0.0372082 0.0239155 0.0253242 0.0117844 0.0157942 0.0239487 0.0420024 0.0412634 0.0372125 0.0325765 0.0412446 0.0325202 0.0647381 0.0369257 0.0413360 0.0412125 0.0412125 0.0414983 0.0456116 0.0117599 0.0498173 0.0280250 0.0280859 0.0255596 0.0280855 0.0326049 0.0157719 0.0280382 0.0244713 0.0239152 0.0280382 0.0038860 0.0117599 0.0078693 0.0242054 0.0283420 0.0324651 0.0038829 0.0238976 0.0198267 0.0198267 0.0117599 0.0198267 0.0077999 0.0282579 0.0078056 0.0283417 0.0239152 0.0078056 0.0241141 0.0239155 0.0239155 0.0198119 0.0198119 0.0198267 0.0395126 0.0283420 0.0201407 0.0240958 0.0282983 0.0239155 0.0282801 0.0325765 0.0282806 0.0280256 0.0369236 0.0322806 0.0157788 0.0238976 0.0369236 0.0280250 0.0280256 0.0325889 0.0283210 0.0198267 0.0325765 0.0284010 0.0325617 0.0199906 0.0369227 0.0415633 0.0412125 0.0454219 0.0369236 0.0412446 0.0305166 0.0326329 0.0372004 0.0369236 0.0412125 0.0159896 0.0242184 0.0326478 0.0368425 0.0159435 0.0326478 0.0039165 0.0371481 
2095       0.0205585 0.0292109 0.0205585 0.0378045 0.0247786 0.0291581 0.0163547 0.0163547 0.0291458 0.0164178 0.0292109 0.0292109 0.0290576 0.0420435 0.0000000 0.0293324 0.0376725 0.0467600 0.0250580 0.0163547 0.0205331 0.0290214 0.0248219 0.0205942 0.0205489 0.0248298 0.0248405 0.0207756 0.0205331 0.0210512 0.0290220 0.0247671 0.0828867 0.0336328 0.0290220 0.0205930 0.0293376 0.0205487 0.0992292 0.0206926 0.0250383 0.0290866 0.0247666 0.0290214 0.0247666 0.0290214 0.0334402 0.0205489 0.0205331 0.0207756 0.0290854 0.0247671 0.0293376 0.0339229 0.0248408 0.0293132 0.0292109 0.0205331 0.0376428 0.0377903 0.0338948 0.0248693 0.0290220 0.0290866 0.0217160 0.0247478 0.0290214 0.0940248 0.0289994 0.0293224 0.0290220 0.0289994 0.0247859 0.0464529 0.0294396 0.0247671 0.0262791 0.0465580 0.0421383 0.0333886 0.0294630 0.0335740 0.0294486 0.0248528 0.0335584 0.0248094 0.0570572 0.0292104 0.0336339 0.0335319 0.0335319 0.0337670 0.0379512 0.0464511 0.0422093 0.0290214 0.0290866 0.0170653 0.0290863 0.0337765 0.0247666 0.0290355 0.0253629 0.0247666 0.0290355 0.0376725 0.0464529 0.0333133 0.0163482 0.0205942 0.0247666 0.0376428 0.0247478 0.0205331 0.0205331 0.0376428 0.0205331 0.0420102 0.0164930 0.0333133 0.0205932 0.0247666 0.0420435 0.0163547 0.0247671 0.0163547 0.0289994 0.0289994 0.0205331 0.0307905 0.0205942 0.0208697 0.0247478 0.0202958 0.0163547 0.0205487 0.0248528 0.0205489 0.0205331 0.0292109 0.0334304 0.0247478 0.0247478 0.0292109 0.0290214 0.0290220 0.0160667 0.0293376 0.0205331 0.0248528 0.0206381 0.0248413 0.0205331 0.0292097 0.0338282 0.0335319 0.0377894 0.0292109 0.0335584 0.0316974 0.0248964 0.0294393 0.0292109 0.0335319 0.0512801 0.0423205 0.0335319 0.0291458 0.0421913 0.0335319 0.0376725 0.0293977 
2097       0.0161105 0.0245234 0.0161105 0.0329160 0.0202268 0.0244798 0.0120155 0.0120155 0.0244699 0.0120609 0.0245234 0.0245234 0.0243974 0.0370673 0.0293324 0.0000000 0.0328032 0.0416375 0.0204530 0.0120155 0.0160910 0.0243676 0.0120412 0.0161379 0.0161032 0.0202675 0.0202758 0.0162794 0.0079694 0.0123013 0.0243680 0.0202176 0.0766552 0.0288224 0.0243680 0.0161368 0.0246310 0.0161030 0.0925480 0.0080297 0.0204373 0.0244211 0.0202173 0.0243676 0.0202173 0.0243676 0.0286605 0.0161032 0.0160910 0.0162794 0.0244199 0.0202176 0.0246310 0.0290704 0.0202766 0.0246108 0.0245234 0.0160910 0.0327778 0.0329039 0.0290465 0.0247308 0.0160910 0.0244211 0.0309657 0.0202022 0.0243676 0.0874706 0.0243494 0.0246181 0.0243680 0.0243494 0.0202327 0.0413690 0.0247116 0.0202176 0.0214255 0.0414609 0.0371493 0.0286175 0.0292957 0.0287734 0.0247220 0.0202862 0.0287601 0.0202515 0.0515715 0.0245219 0.0288236 0.0287379 0.0287379 0.0289349 0.0330410 0.0413676 0.0372095 0.0243676 0.0244211 0.0260759 0.0244204 0.0289474 0.0202173 0.0243792 0.0206938 0.0202173 0.0243792 0.0328032 0.0413690 0.0285544 0.0120609 0.0161379 0.0202173 0.0327778 0.0202022 0.0160910 0.0160910 0.0327778 0.0160910 0.0370385 0.0121150 0.0285544 0.0161367 0.0202173 0.0370673 0.0120155 0.0202176 0.0120155 0.0243494 0.0243494 0.0160910 0.0403174 0.0161379 0.0163496 0.0202022 0.0246108 0.0120155 0.0161030 0.0202862 0.0161032 0.0160910 0.0245234 0.0286527 0.0202022 0.0202022 0.0245234 0.0243676 0.0243680 0.0289325 0.0246310 0.0160910 0.0202862 0.0161718 0.0202769 0.0160910 0.0245222 0.0289905 0.0287379 0.0329021 0.0245234 0.0287601 0.0217827 0.0203210 0.0247146 0.0245234 0.0287379 0.0460430 0.0373070 0.0287379 0.0161575 0.0371952 0.0287379 0.0328032 0.0246806 
2098       0.0241433 0.0326730 0.0241433 0.0159555 0.0282934 0.0326153 0.0200057 0.0200057 0.0326016 0.0200812 0.0326730 0.0326730 0.0325047 0.0038860 0.0376725 0.0328032 0.0000000 0.0159896 0.0286033 0.0200057 0.0241141 0.0321957 0.0283420 0.0241845 0.0239335 0.0241650 0.0283633 0.0243907 0.0241141 0.0245018 0.0321965 0.0282806 0.0856458 0.0370329 0.0321965 0.0241833 0.0325339 0.0241320 0.1017861 0.0242974 0.0283427 0.0322661 0.0282801 0.0321957 0.0280462 0.0078751 0.0368250 0.0241324 0.0239155 0.0200638 0.0322651 0.0282806 0.0325339 0.0373423 0.0283631 0.0325079 0.0326730 0.0159215 0.0078056 0.0078345 0.0373122 0.0329493 0.0321965 0.0322661 0.0348741 0.0280256 0.0239152 0.0966506 0.0321720 0.0325179 0.0321965 0.0321720 0.0283016 0.0078056 0.0329237 0.0280468 0.0297086 0.0157942 0.0198451 0.0280859 0.0376323 0.0369691 0.0329308 0.0283766 0.0369523 0.0283279 0.0601438 0.0326735 0.0370338 0.0369236 0.0369236 0.0371780 0.0412769 0.0157602 0.0454575 0.0321957 0.0322661 0.0299861 0.0322663 0.0368709 0.0198178 0.0322109 0.0287024 0.0280462 0.0322109 0.0000010 0.0157603 0.0039165 0.0200812 0.0241845 0.0282801 0.0078056 0.0280256 0.0239155 0.0239155 0.0157603 0.0239155 0.0117599 0.0241129 0.0117685 0.0241837 0.0280462 0.0038860 0.0200057 0.0280468 0.0198415 0.0238976 0.0238976 0.0239155 0.0441483 0.0241845 0.0242961 0.0282591 0.0325079 0.0198415 0.0241320 0.0283766 0.0241324 0.0239155 0.0326730 0.0365065 0.0198267 0.0280256 0.0326730 0.0321957 0.0321965 0.0368533 0.0325339 0.0239155 0.0283766 0.0242348 0.0283637 0.0159215 0.0326719 0.0372405 0.0369236 0.0411050 0.0326730 0.0369523 0.0350747 0.0284254 0.0329205 0.0326730 0.0369236 0.0119387 0.0200917 0.0284384 0.0326016 0.0119038 0.0369236 0.0000010 0.0328746 
2099       0.0236162 0.0236174 0.0237025 0.0076950 0.0276727 0.0318933 0.0276929 0.0284384 0.0235677 0.0277959 0.0155222 0.0155222 0.0317876 0.0200765 0.0467600 0.0416375 0.0159896 0.0000000 0.0363428 0.0277948 0.0326478 0.0496693 0.0370050 0.0327447 0.0326730 0.0370178 0.0370349 0.0321411 0.0326478 0.0334687 0.0496715 0.0369236 0.0961849 0.0195404 0.0496715 0.0327436 0.0501822 0.0326722 0.1128305 0.0328992 0.0373130 0.0497818 0.0369225 0.0496693 0.0369225 0.0159896 0.0457129 0.0326730 0.0326478 0.0330200 0.0497820 0.0369236 0.0501822 0.0197056 0.0370327 0.0501427 0.0155222 0.0242479 0.0201246 0.0202010 0.0196898 0.0156468 0.0496715 0.0497818 0.0539014 0.0452906 0.0326470 0.1075588 0.0496325 0.0501602 0.0496715 0.0496325 0.0369512 0.0324063 0.0156353 0.0369236 0.0480965 0.0324769 0.0367297 0.0453907 0.0198501 0.0195093 0.0238021 0.0195404 0.0195007 0.0277057 0.0407304 0.0320677 0.0195415 0.0194864 0.0194864 0.0196125 0.0235194 0.0324056 0.0530889 0.0496693 0.0497818 0.0485580 0.0497862 0.0505317 0.0284037 0.0496938 0.0464186 0.0369225 0.0496938 0.0159896 0.0324063 0.0119298 0.0277959 0.0235673 0.0359442 0.0159775 0.0452906 0.0326478 0.0326478 0.0324063 0.0326478 0.0282072 0.0286776 0.0200765 0.0327450 0.0369225 0.0282287 0.0284384 0.0369236 0.0284384 0.0409557 0.0409557 0.0326478 0.0834116 0.0327447 0.0331794 0.0452906 0.0501427 0.0276929 0.0326722 0.0195404 0.0326730 0.0409874 0.0155222 0.0365880 0.0284166 0.0452906 0.0155222 0.0496693 0.0496715 0.0547511 0.0459737 0.0326478 0.0195404 0.0237038 0.0370338 0.0242479 0.0236162 0.0279090 0.0194864 0.0487490 0.0194864 0.0276946 0.0445589 0.0195005 0.0237953 0.0236174 0.0194864 0.0038210 0.0038210 0.0115826 0.0235677 0.0038283 0.0194864 0.0159896 0.0321419 
1076       0.0117303 0.0198309 0.0117728 0.0279427 0.0157072 0.0197966 0.0077779 0.0079829 0.0197889 0.0078065 0.0198309 0.0198309 0.0197322 0.0328341 0.0250580 0.0204530 0.0286033 0.0363428 0.0000000 0.0078058 0.0120269 0.0284478 0.0161532 0.0120618 0.0120359 0.0161579 0.0161644 0.0118511 0.0120269 0.0123228 0.0240730 0.0161184 0.0719004 0.0239675 0.0284484 0.0120608 0.0287523 0.0120359 0.0876240 0.0121184 0.0162950 0.0285105 0.0161183 0.0284478 0.0161183 0.0202364 0.0244806 0.0120359 0.0120269 0.0121686 0.0285093 0.0161184 0.0287523 0.0241711 0.0161653 0.0287288 0.0198309 0.0120269 0.0329033 0.0330302 0.0241516 0.0199936 0.0284484 0.0285105 0.0354104 0.0242589 0.0202364 0.0825887 0.0284266 0.0287376 0.0284484 0.0284266 0.0161305 0.0455360 0.0199786 0.0161184 0.0257293 0.0456370 0.0413042 0.0327276 0.0243526 0.0239283 0.0199890 0.0157518 0.0157968 0.0157258 0.0458070 0.0199018 0.0239687 0.0238996 0.0238996 0.0240581 0.0198457 0.0455342 0.0320830 0.0284478 0.0285105 0.0304439 0.0285101 0.0289496 0.0161183 0.0284613 0.0248499 0.0161183 0.0284613 0.0286033 0.0455360 0.0243907 0.0078065 0.0117496 0.0157000 0.0285813 0.0242589 0.0120269 0.0120269 0.0368994 0.0120269 0.0411810 0.0080488 0.0243907 0.0120607 0.0161183 0.0412131 0.0079829 0.0161184 0.0079829 0.0284266 0.0284266 0.0120269 0.0638929 0.0120618 0.0122196 0.0242589 0.0287288 0.0077779 0.0120359 0.0157518 0.0079183 0.0201273 0.0198309 0.0327678 0.0161062 0.0242589 0.0198309 0.0284478 0.0284484 0.0330848 0.0246329 0.0120269 0.0157518 0.0117737 0.0161655 0.0120269 0.0198297 0.0241063 0.0238996 0.0279304 0.0238996 0.0239176 0.0264365 0.0157780 0.0199834 0.0198309 0.0238996 0.0405872 0.0321655 0.0238996 0.0197889 0.0320721 0.0238996 0.0286033 0.0199569 
55         0.0038436 0.0116968 0.0038436 0.0196243 0.0077204 0.0116768 0.0000010 0.0000010 0.0116725 0.0000010 0.0116968 0.0116968 0.0116389 0.0241141 0.0163547 0.0120155 0.0200057 0.0277948 0.0078058 0.0000000 0.0039248 0.0198987 0.0079067 0.0039359 0.0039277 0.0079087 0.0079116 0.0038826 0.0039248 0.0040192 0.0198989 0.0078902 0.0616121 0.0157074 0.0198989 0.0039355 0.0201120 0.0039277 0.0767955 0.0039542 0.0079769 0.0199414 0.0078902 0.0198987 0.0078902 0.0118877 0.0159785 0.0039277 0.0039248 0.0039703 0.0199402 0.0078902 0.0201120 0.0158428 0.0079124 0.0200956 0.0116968 0.0039248 0.0241693 0.0242610 0.0158299 0.0117912 0.0198989 0.0199414 0.0259717 0.0158368 0.0118877 0.0719055 0.0198840 0.0201013 0.0198989 0.0198840 0.0078960 0.0364901 0.0117825 0.0078902 0.0167755 0.0365696 0.0323608 0.0240367 0.0159594 0.0156826 0.0117909 0.0077416 0.0156756 0.0077293 0.0368513 0.0116947 0.0157085 0.0156640 0.0156640 0.0157656 0.0196950 0.0364890 0.0236588 0.0198987 0.0199414 0.0212644 0.0199403 0.0202474 0.0078902 0.0199079 0.0162142 0.0078902 0.0199079 0.0200057 0.0364901 0.0159215 0.0000010 0.0038497 0.0077171 0.0199906 0.0158368 0.0039248 0.0039248 0.0281072 0.0039248 0.0322661 0.0000010 0.0159215 0.0039354 0.0078902 0.0322907 0.0000010 0.0078902 0.0000010 0.0198840 0.0198840 0.0039248 0.0485563 0.0039359 0.0039865 0.0158368 0.0200956 0.0000010 0.0039277 0.0077416 0.0039277 0.0118241 0.0116968 0.0240657 0.0078845 0.0158368 0.0116968 0.0198987 0.0198989 0.0242988 0.0160800 0.0039248 0.0077416 0.0038576 0.0079125 0.0039248 0.0116959 0.0158006 0.0156640 0.0196148 0.0156640 0.0156756 0.0216560 0.0077540 0.0117878 0.0116968 0.0156640 0.0319293 0.0237198 0.0156640 0.0116725 0.0236521 0.0156640 0.0200057 0.0117728 
568        0.0078938 0.0160211 0.0078938 0.0241955 0.0118931 0.0159930 0.0039248 0.0039248 0.0159868 0.0039394 0.0160211 0.0160211 0.0159406 0.0199906 0.0205331 0.0160910 0.0241141 0.0326478 0.0120269 0.0039248 0.0000000 0.0078844 0.0119126 0.0079067 0.0078902 0.0039340 0.0119213 0.0079769 0.0078845 0.0000010 0.0078845 0.0039248 0.0663067 0.0201739 0.0078845 0.0079060 0.0079710 0.0078902 0.0816725 0.0079435 0.0039675 0.0079009 0.0039248 0.0078844 0.0039248 0.0159215 0.0200628 0.0078902 0.0000010 0.0079769 0.0079002 0.0118878 0.0079710 0.0203496 0.0119223 0.0079643 0.0160211 0.0078845 0.0159087 0.0159685 0.0203328 0.0161539 0.0078845 0.0079009 0.0128578 0.0039220 0.0078844 0.0767365 0.0078787 0.0079663 0.0078845 0.0078787 0.0118964 0.0240958 0.0161416 0.0039248 0.0041518 0.0241478 0.0200335 0.0119039 0.0205039 0.0201408 0.0161517 0.0119278 0.0201316 0.0119071 0.0421157 0.0160188 0.0201751 0.0201164 0.0201164 0.0202508 0.0242853 0.0240954 0.0283639 0.0078844 0.0079009 0.0084196 0.0079000 0.0120436 0.0039248 0.0078880 0.0040144 0.0039248 0.0078880 0.0241141 0.0240958 0.0199906 0.0039394 0.0079067 0.0118877 0.0159087 0.0039220 0.0000010 0.0000010 0.0159087 0.0000010 0.0199756 0.0039567 0.0118790 0.0079058 0.0039248 0.0282591 0.0039248 0.0039248 0.0039248 0.0078787 0.0078787 0.0000010 0.0216999 0.0079067 0.0000010 0.0039220 0.0079643 0.0039248 0.0078902 0.0119278 0.0078902 0.0078845 0.0160211 0.0119179 0.0039220 0.0039220 0.0160211 0.0078844 0.0078845 0.0120367 0.0079710 0.0000010 0.0119278 0.0079233 0.0119224 0.0078845 0.0160200 0.0202942 0.0201164 0.0241841 0.0160211 0.0201316 0.0085731 0.0119477 0.0161472 0.0160211 0.0201164 0.0369236 0.0284384 0.0201164 0.0159868 0.0283549 0.0119532 0.0241141 0.0161258 
2104       0.0240137 0.0324956 0.0240137 0.0408962 0.0281411 0.0324386 0.0198987 0.0118877 0.0324250 0.0199734 0.0324956 0.0324956 0.0240133 0.0280250 0.0290214 0.0243676 0.0321957 0.0496693 0.0284478 0.0198987 0.0078844 0.0000000 0.0200486 0.0159674 0.0158031 0.0118185 0.0200627 0.0242585 0.0159215 0.0080080 0.0077576 0.0118877 0.0758793 0.0368307 0.0077576 0.0159663 0.0078413 0.0159333 0.0916264 0.0160416 0.0119189 0.0077735 0.0118876 0.0077576 0.0038886 0.0241137 0.0200626 0.0159334 0.0078205 0.0161061 0.0077729 0.0200057 0.0078413 0.0371369 0.0200635 0.0078349 0.0324956 0.0159215 0.0319067 0.0278992 0.0371071 0.0327690 0.0077576 0.0077735 0.0126334 0.0038591 0.0078113 0.0865929 0.0077520 0.0078369 0.0077576 0.0077520 0.0200205 0.0237022 0.0327436 0.0117909 0.0040815 0.0237524 0.0197067 0.0117113 0.0374238 0.0367676 0.0327508 0.0282234 0.0367509 0.0281752 0.0598036 0.0324961 0.0368316 0.0367226 0.0367226 0.0369742 0.0410511 0.0237018 0.0452089 0.0077576 0.0077735 0.0082751 0.0077727 0.0118996 0.0117909 0.0077610 0.0039486 0.0117909 0.0077610 0.0321957 0.0237022 0.0282585 0.0199734 0.0240544 0.0198748 0.0238972 0.0038591 0.0078205 0.0078205 0.0156510 0.0078205 0.0196506 0.0159204 0.0198264 0.0159663 0.0117909 0.0277954 0.0118877 0.0117909 0.0117909 0.0077520 0.0077520 0.0078205 0.0259317 0.0159674 0.0079428 0.0038903 0.0078349 0.0197362 0.0159333 0.0282234 0.0159334 0.0077576 0.0324956 0.0117249 0.0117823 0.0038591 0.0324956 0.0077576 0.0077576 0.0118399 0.0078763 0.0078205 0.0282234 0.0241042 0.0200638 0.0159215 0.0324945 0.0370362 0.0367226 0.0408811 0.0324956 0.0367509 0.0084234 0.0282717 0.0327406 0.0324956 0.0367226 0.0540964 0.0453242 0.0367226 0.0324250 0.0451892 0.0282845 0.0324651 0.0326952 
2109       0.0119278 0.0201751 0.0119278 0.0284384 0.0159748 0.0201396 0.0079067 0.0079067 0.0201316 0.0079363 0.0201751 0.0201751 0.0200729 0.0325367 0.0248219 0.0120412 0.0283420 0.0370050 0.0161532 0.0079067 0.0119126 0.0200486 0.0000000 0.0119477 0.0119224 0.0160064 0.0160127 0.0120527 0.0039330 0.0122029 0.0200489 0.0159676 0.0669992 0.0243898 0.0200489 0.0119468 0.0202651 0.0119223 0.0825091 0.0039624 0.0161410 0.0200920 0.0159674 0.0200486 0.0159674 0.0200486 0.0242545 0.0119224 0.0119126 0.0120527 0.0200908 0.0159676 0.0202651 0.0246006 0.0160137 0.0202485 0.0201751 0.0119126 0.0283204 0.0284282 0.0245804 0.0203436 0.0200489 0.0200920 0.0261842 0.0159556 0.0200486 0.0775296 0.0200337 0.0202543 0.0200489 0.0160819 0.0159795 0.0367689 0.0203280 0.0159676 0.0169089 0.0368497 0.0326078 0.0242188 0.0247888 0.0243492 0.0203387 0.0160211 0.0243381 0.0159941 0.0466816 0.0201730 0.0243911 0.0243195 0.0243195 0.0244837 0.0285449 0.0367679 0.0326592 0.0200486 0.0200920 0.0214357 0.0200910 0.0244977 0.0159674 0.0200580 0.0163388 0.0159674 0.0200580 0.0283420 0.0367689 0.0241661 0.0079363 0.0119477 0.0159674 0.0283204 0.0159556 0.0119126 0.0119126 0.0283204 0.0119126 0.0325117 0.0079713 0.0241661 0.0119467 0.0159674 0.0325367 0.0079067 0.0159676 0.0079067 0.0200337 0.0200337 0.0119126 0.0353585 0.0119477 0.0121018 0.0159556 0.0202485 0.0079067 0.0119223 0.0160211 0.0119224 0.0119126 0.0201751 0.0242483 0.0159556 0.0159556 0.0201751 0.0200486 0.0200489 0.0244849 0.0202651 0.0119126 0.0160211 0.0119726 0.0160138 0.0119126 0.0201739 0.0245334 0.0243195 0.0284257 0.0201751 0.0243381 0.0218336 0.0160482 0.0203328 0.0201751 0.0243195 0.0413360 0.0327447 0.0243195 0.0201316 0.0326478 0.0243195 0.0283420 0.0203054 
