HP101	225	0.0	0.00011334883917602735	0.0005519992085616951	0.00038117965351140487	0.0005687849957315705	0.0005718542566126452	0.0007915756145258106	0.0006582814930631215	0.0005306168885189507	0.00012884401359543787	0.0005827417344537818	0.0006332381875155779	0.00715033157830268	0.00642581975876755	0.008384198254516067	0.0008001181470788314	0.0004624345241699628	0.00015825087995221051	0.005112398340152446	7.76306580132055e-05	0.0003516818623287405	0.004346607225024489	0.0010730160951311744	0.006867314379594	0.0010080496237843402	0.0005179067934573831	0.0007324388880639714	0.005735986231240842	0.007747921850065627	0.0008196054070832434	0.0007094516973782522	0.001400186474242047	0.005747705569646594	0.0013831944521245395	0.006527552778400964	0.001098145728560324	0.0005896752651154259	0.0005121985626150461	0.0006692362446778713	0.0007363461803997631	0.0013611057566458103	0.0006722176551720692	0.0009058545978376962	0.0009601227677129001	0.0006770027871048422	0.0007822243022992604	0.0006235162412064828	0.002987177396582208	0.0016881095213609758	0.0004114774441020847	0.0009551584003311051	0.0005481956275110045	0.0008350060333333334	0.0029459466013755636	0.0001293605758738278	0.0006529275727459359	0.0005132540950109277	0.0008268124154364792	0.001974781094743856	0.0008225128835434175	0.0008003012429510347	0.0015686516612865892	0.00011725298422369002	0.004161402792563863	0.0006909443518289593	0.0008209920534213684	0.0011091810390656265	0.007896688597788276	0.00710302005930777	0.0005124318242991596	0.0006946353532653935	0.0006012263966193055	0.00030280679664457493	0.003227824928921094	0.0003275557777235902	0.0007995065515517695	0.0006150915138755504	0.007188139814476492	0.006367363975243333	0.006249463696417735	0.0064318088898512715	0.004366719503874085	0.0020162952683657914
HP135	259	0.00011334883917602735	0.0	0.0005905488293353532	0.00039238069730211796	0.0006221034154184635	0.0006078488776863813	0.0008185413735508439	0.0006943481999497339	0.0005778488279946827	0.00012969515947905636	0.0006193012190929799	0.0006692776029920402	0.007072101174536772	0.006365307901880564	0.008276740492480446	0.0007942768057290586	0.0004513137500578736	0.00011652337078393044	0.005015132508809836	0.00011632797815614191	0.00037366414965136054	0.004253355503384391	0.0010672903787277812	0.006763824911897507	0.0010441369153014238	0.0005609349324133424	0.0007626413742022606	0.005657755827474934	0.007654670128425529	0.0008263395914480498	0.0007503993284271296	0.001443695445949222	0.00573487028148859	0.0014067892424552684	0.0064163880611986645	0.001143855308154635	0.0006732519209750519	0.0005655168582936945	0.0007225868590985188	0.0007772938114486405	0.0013982126256512368	0.0007115763636703477	0.0009125887822025026	0.000996117388786636	0.0007130307989693968	0.0008355870825119414	0.0006768340814374543	0.0029642340090251453	0.0016943654311949402	0.00047246929039711883	0.000971191396010862	0.0005867299526664091	0.000858613937936562	0.0029103198365744293	0.00018273451179353815	0.0006938752037948133	0.0005417522495748728	0.0008703692210969377	0.001957906282428909	0.0008461164498113121	0.0008023956658447475	0.0015982632078794857	0.00016672662834668164	0.004060665654966052	0.000726978821106332	0.0008307707390001163	0.0011402779439578855	0.007783493181093348	0.0069898246426128435	0.0006125691364798575	0.0007432065451491046	0.0006406211211903545	0.0003662649697009102	0.003169614549624255	0.0002862207714214263	0.0007936652102019968	0.0006575979398758644	0.007079872005535618	0.006254168558548406	0.0061362682797228086	0.006318613473156344	0.004288560907433941	0.0020355677864726278
HP139	263	0.0005519992085616951	0.0005905488293353532	0.0	0.0002496625074619643	8.993740252126074e-05	4.4049023390432716e-05	0.00025120474952598445	0.00010628240959479728	9.437904050025017e-05	0.0006421745965941736	7.174803353225151e-05	0.0001112264708354176	0.007178269601040742	0.006955399399846017	0.008505759018317936	0.0006762732926739788	0.0009925726562581292	0.0006954283165961245	0.005260636664667536	0.000508566227432502	0.0002621098955377691	0.004712488302957062	0.0010327284516704444	0.006948211084354321	0.000476793969094547	6.333352549553216e-05	0.00019862515357278908	0.005791444575327665	0.0081138029279982	0.0006976159278686482	0.00018307482815407697	0.0012808155549048493	0.0058231800528746385	0.0009951510308152404	0.006630210490390136	0.0006466512452032894	0.0003252423070235116	8.983760923600881e-05	0.00014980096598856744	0.00020996931117558783	0.0012339618676232803	0.00015415468830749497	0.0006901158448988664	0.00042518158066153996	0.00014067811650963705	0.00025122804459229626	9.278726962555882e-05	0.0030593713607397184	0.001741655493463875	0.0009350290243971718	0.0008841576414573055	4.5880354851300173e-05	0.000304284716897263	0.003015951981456126	0.0004408002467472099	0.0001610907262331167	0.00016731773711569088	0.0004929959738269133	0.002093955585567097	0.0002813486815521444	0.0007037666491466255	0.0014710219949674477	0.0005028175452596324	0.004279793589797639	0.000138974853041358	0.000604765910921278	0.0007565895949180792	0.008177381875807204	0.007383713337326698	0.000333030867143572	0.0005183139215207604	5.469591156578303e-05	0.00026874618387981024	0.0033194761783039194	0.0005196395088126162	0.0006475388099172053	9.958366090684586e-05	0.00746883309249542	0.006440513883555585	0.006301996314906899	0.006522676425502068	0.004378361880071232	0.002036456386928163
HP141	265	0.00038117965351140487	0.00039238069730211796	0.0002496625074619643	0.0	0.00026969470522495125	0.00025345781360544214	0.00046386226439575827	0.0003419619440143461	0.0002254627580313546	0.0004930112277711086	0.0002669151491296518	0.000299919022629608	0.0071231350311010315	0.006717429827213933	0.008470137972411104	0.0005978370120348137	0.0008434230435477142	0.00047538996838966826	0.005152372822039083	0.00036628967426970816	8.524539568279748e-05	0.004604224460328611	0.0009243917355911504	0.00690456711312811	0.000689473300213502	0.00020853009478791502	0.00040793505301823623	0.005747800604101453	0.008005539085369748	0.0006431270063263088	0.0003957165765073593	0.0013233785823540344	0.005602115892114335	0.0010929266640096506	0.0065571002615524045	0.0008098989027410046	0.0002990976253530426	0.0002470398579431772	0.0003701874642356941	0.00042258414223449674	0.0012965442862231066	0.00035918347631052423	0.000617521797210315	0.0006354667937857968	0.0003557358369947979	0.00048320101254861335	0.00032443859107643034	0.0029511075181112676	0.0016589562958390501	0.0007579344421240356	0.0008122328326100722	0.0002466341364045616	0.00048748079826930747	0.002896188851178568	0.0002811628639379668	0.0003399227860073913	0.00018624950728984813	0.0005152561583170077	0.001985708455232654	0.0004890103422769106	0.0006079285130954843	0.0015134622539784153	0.00038804730226090433	0.004203363034910033	0.0003597666561945194	0.0005562730930272107	0.0007609653152661066	0.008133737904580992	0.007340069366100488	0.00026201385873295	0.0004621028292791914	0.00030433087672598425	8.64403043282351e-05	0.0032088615571986287	0.0005652356220966868	0.0005452533311472104	0.00030520042927170856	0.007432401999683336	0.006396869912329375	0.006246853056031581	0.006479032454275857	0.004330760703309721	0.0018950947411161263
HP152	276	0.0005687849957315705	0.0006221034154184635	8.993740252126074e-05	0.00026969470522495125	0.0	0.00012592149903779823	0.00025310952078031715	9.341670904452234e-05	5.873567001500738e-05	0.0006820944535782677	6.470680657819813e-05	0.00017937299817908953	0.007163809744952698	0.006987009641887037	0.00853966030826291	0.0007063375015145475	0.0010200734544572284	0.0007270058733545035	0.005293776103266835	0.0005361162691933822	0.00027618399354677344	0.004745627741556362	0.0010658415543818001	0.006982112374299293	0.00044480496337168584	8.778839698212546e-05	0.0002485799114153115	0.0058253458652726365	0.0081469423665975	0.0007337940633791009	0.00022140816900450218	0.0013644398416537262	0.005806373289538092	0.0010703129640525525	0.006663350445867876	0.0006631979145943788	0.00039124534770385196	0.00013299441578301568	0.00011359974518217986	0.00020984326993496766	0.001317672752087692	0.00013596292083865684	0.0007017085539534457	0.0004804157665609958	0.0001478177935000491	0.00021353103830915482	6.210723087580786e-05	0.0030925107993390183	0.001780210282358322	0.0009608797142581149	0.0009172376985858697	7.576630401755568e-05	0.0003457757102250335	0.0030275313550780347	0.0004575417480032954	0.00021290164041020527	8.351670441127411e-05	0.0005238395108754375	0.002127095024166397	0.00026730201010604737	0.0007368810769322173	0.0015546586651425354	0.0005303675870205127	0.004312933028396939	0.00014259884655711764	0.0006225390217018143	0.0007412900580696549	0.008211283165752176	0.0074176146272716716	0.00034074873513756875	0.0005197784633516756	8.559182018009034e-05	0.00029494732742394987	0.003350264838426379	0.0005509459699824727	0.000677510554161503	7.354381090109293e-05	0.007502734382440394	0.006474415173500558	0.006323557997394745	0.006556577715447041	0.004408305964480904	0.0019987913286785616
HP158	282	0.0005718542566126452	0.0006078488776863813	4.4049023390432716e-05	0.00025345781360544214	0.00012592149903779823	0.0	0.00025515158448379357	0.00010809795578219451	0.00013037361683463175	0.0006512560255702282	0.00010962106183473407	0.00012098445431282078	0.007183907139064217	0.0069652577834964455	0.008517514231945666	0.0006893242247198877	0.0009985013580917068	0.0007053408123068069	0.005271761117817395	0.0005130517976590637	0.00027582578012517073	0.004723612756106923	0.001043864552617961	0.006959966297982052	0.00048073662734167194	9.381437281912778e-05	0.00019924353812137026	0.005803199788955394	0.00812492738114806	0.0006950811564663648	0.0001870025875517771	0.001258076033885119	0.005826928928402163	0.0009668813280559715	0.006641335371479769	0.0006421878059537567	0.00031696935044923377	9.700097753101254e-05	0.000187648938345338	0.00021390049947601463	0.0012111841710573602	0.0001920011538215285	0.000681244831455416	0.00040681540282487105	0.00012507755814325725	0.00026905683153417663	9.757741974789934e-05	0.003070495813889579	0.001738898204311908	0.0009548753691701545	0.0008953090458682124	8.64998782212885e-05	0.00028785621305522186	0.003020954132951277	0.00046063553740429656	0.00015681490304517224	0.00020332293154118282	0.0004939561167189657	0.0021050800387169577	0.0002803055893157262	0.0007149223997604964	0.001448255675690222	0.0004949473304521806	0.0042909180429475	0.00011916258710890375	0.0006097797102140856	0.0007670113342737094	0.008189137089434934	0.0073954685509544284	0.0003612215154104062	0.000519363893834278	7.710462083915721e-05	0.000273333449810043	0.0033282498529769397	0.0005256003023878715	0.0006555326144297149	0.0001298903809123653	0.007480588306123151	0.006452269097183315	0.006307629226879921	0.006534431639129799	0.004386159888163662	0.0020471612116340515
HP205	329	0.0007915756145258106	0.0008185413735508439	0.00025120474952598445	0.00046386226439575827	0.00025310952078031715	0.00025515158448379357	0.0	0.00021806393498985483	0.0002690078639479294	0.0008872144073329333	0.00021271475172068832	0.0002429452812553828	0.007178827279150251	0.007096198688768554	0.008531536546932698	0.0008144517984793914	0.0012359813123810895	0.0008840849696314832	0.005357990185225696	0.0007512485551320529	0.0004662720245571778	0.004776572438930051	0.0011786672502734896	0.006999632457056338	0.00026650092027312455	0.00027680371682673084	9.004113728699158e-05	0.00581730894014587	0.008177897771463553	0.0006702531981654879	0.00013153054088080356	0.0012301086160004951	0.005938616129912767	0.0008489581635815627	0.0066942686961396335	0.0006869989366757331	0.0003800775806736649	0.0003263338340236096	0.00022914983105242116	0.00012724917158512319	0.0012201662494035178	0.00021969698776510603	0.0006505269798109939	0.0003483570843021322	0.00026493483976590637	0.00023505828634742457	0.0002278398783413368	0.003127390914783485	0.0017236114701574083	0.0011714364725467206	0.0010463044888329666	0.0002557676771308525	0.00018671823901560613	0.0030584760524517253	0.0006818750119374818	0.00018234190907172592	0.00031139907029738463	0.0004755799987749925	0.0021843387938888584	8.588679298719488e-05	0.000858940499109928	0.0013901243835505292	0.000734686307713085	0.004343791792343887	0.0001864448631564431	0.0007483663631452581	0.0008724542104341737	0.008203246240625411	0.007409577702144905	0.0005564599788518861	0.00043467904893959277	0.00022165437760778245	0.0005075803223665448	0.003384373793378501	0.0006052425456738856	0.0007880563290809956	0.00022427235275110054	0.00749461540531643	0.006466378248373792	0.00631552107226798	0.006548540790320275	0.00440331934253255	0.002177513815902112
HP227	351	0.0006582814930631215	0.0006943481999497339	0.00010628240959479728	0.0003419619440143461	9.341670904452234e-05	0.00010809795578219451	0.00021806393498985483	0.0	0.0001387540592596298	0.0007377209477523376	0.00010198695186216901	0.0001587364154377192	0.007228346633927186	0.007059163584188188	0.0086003590110443	0.0007708743507327842	0.0010849230455827912	0.0007992392159157843	0.00535828406277659	0.0005994674445255723	0.0003591611101950977	0.004810135701066117	0.0011303792479585885	0.007042811077080685	0.0004038298252526262	0.00014658348353665138	0.00022834927837991296	0.005886044568054027	0.008211450326107254	0.0007619499674194684	0.00021193628079039498	0.0013415962210421972	0.005882388232839743	0.001043626390435744	0.006727855820985434	0.0006932684550582167	0.0003773951578189092	0.00016836015487518686	0.00012288672138970568	0.00020423233539769886	0.001294755596379998	0.00013568526148505846	0.0007298535813771577	0.0004529672261770065	8.756732426696291e-05	0.0002092200403801903	5.0194430704237094e-05	0.0031570187588487735	0.0018083580327435149	0.0010412775428083661	0.0009818106046689114	0.00011008586555211695	0.00031902311521752957	0.0030920393145877903	0.0005470756624905392	0.00021489889730865418	0.0001729381818247524	0.0005519646731665833	0.0021916029836761518	0.00023051119897236723	0.0008014174454347697	0.0015317751264431853	0.0005720968822888113	0.004377440987906694	5.631914804235557e-05	0.0006870767152786028	0.0008096651267045089	0.008271981868533567	0.007478313330053062	0.00040314560764382197	0.0005528763643521761	5.708963733866913e-05	0.0003672145662133447	0.003414772797936134	0.0005949668322431309	0.0007420473097703424	9.3423661978328e-05	0.007563433085221784	0.006535113876281948	0.006384256700176136	0.006617276418228432	0.004469004667262294	0.0020477538412653315
HP232	356	0.0005306168885189507	0.0005778488279946827	9.437904050025017e-05	0.0002254627580313546	5.873567001500738e-05	0.00013037361683463175	0.0002690078639479294	0.0001387540592596298	0.0	0.0006548456007918746	6.361039375297388e-05	0.0001915631442921461	0.00719454835159602	0.006942733347759974	0.00853662287640698	0.0006895914231189771	0.0009878852137768885	0.0006827323456506517	0.005277025347188795	0.0005047601009135281	0.00023195204635317673	0.004728876985478323	0.0010490963203447815	0.0069790749424433664	0.0004854988631015506	4.0537174003827414e-05	0.00025990029806291146	0.005822308433416709	0.00813019161051946	0.000725567359367095	0.0002140992801800899	0.0013467438963410698	0.0057959233436600316	0.0010663104685378723	0.006646608993601743	0.0006820657386348719	0.0003460007534267135	9.398491362142455e-05	0.000144771022660783	0.00023882733570785398	0.0013084437871452208	0.00015274917067394252	0.0007057988534231284	0.0005002080625869181	0.00015750542069063945	0.00025776645651825927	0.00010400904798650409	0.003075760043260979	0.001771969362458372	0.0009166139963391556	0.0009037441193624181	5.692283649413237e-05	0.00036249755129419544	0.003017744527509152	0.0004174461820099177	0.0001858110628014006	7.802711832319964e-05	0.0005155929417308652	0.002110344268088358	0.0003032812163651393	0.0007201345178209624	0.0015369627198298789	0.0004981497527433742	0.004300160476723356	0.0001714557485339098	0.0006065376431273809	0.0007583432052432418	0.008208245733896249	0.007414577195415743	0.00033191173265632835	0.0005315254197698848	0.0001009732007303654	0.0002644693183978745	0.00333351408234834	0.0005151708504774726	0.0006607643821565352	8.452081645931598e-05	0.0074996969505844654	0.00647137774164463	0.006320520565538818	0.006553540283591113	0.004405268532624976	0.0020096078291749037
HP236	360	0.00012884401359543787	0.00012969515947905636	0.0006421745965941736	0.0004930112277711086	0.0006820944535782677	0.0006512560255702282	0.0008872144073329333	0.0007377209477523376	0.0006548456007918746	0.0	0.000697906818997599	0.0007187793885901714	0.00714701599840072	0.0063294771368487815	0.008287855632597301	0.0009053713898859543	0.00042393152867955587	0.00018583407779345756	0.005016055718233678	0.00016140189187675117	0.000469271782726323	0.0042517881533658255	0.0011783002486425791	0.006838739735761455	0.0011111561182180225	0.0006379868358643456	0.000829636114505438	0.005768446037891954	0.007653102778406964	0.0009086579226994902	0.0008174220784281276	0.0014972396933196777	0.005845933272929521	0.0014787343402351274	0.006491302885062613	0.0012222761381341532	0.0006898701007871501	0.000603958475230092	0.000779586444807923	0.0008442619323350813	0.0014450662981938542	0.0007841237162264908	0.0009949470375014086	0.0010495672735087412	0.0007564749124449781	0.0008909673118173876	0.0007152999895958382	0.0030752933631570914	0.001776702012354128	0.0005231655993671789	0.0010604046013415096	0.0006369286326830732	0.0009305939349039615	0.0030213791907063754	0.0002505945016490161	0.000760884048203015	0.0006374183781919791	0.0009239500316204081	0.0020622111095998956	0.0009181170521008403	0.0009055685825492696	0.0016518074552499412	0.00020519197873149295	0.004095552162931193	0.0007704133911988984	0.0009262949540916367	0.001222494574289716	0.007800345975869507	0.007006677437389003	0.0006040521688037235	0.0007917375409841737	0.0006806985219594414	0.0004069373521475572	0.0032613491893222256	0.0003532449951496311	0.0009047899806940351	0.0007392992664065626	0.007091797192557725	0.006271021353324566	0.006155669706384103	0.006335466267932504	0.004381622491633314	0.0021091825665731853
HP241	365	0.0005827417344537818	0.0006193012190929799	7.174803353225151e-05	0.0002669151491296518	6.470680657819813e-05	0.00010962106183473407	0.00021271475172068832	0.00010198695186216901	6.361039375297388e-05	0.000697906818997599	0.0	0.00013415529261667742	0.007160003123548011	0.006984182938728538	0.00850665874398048	0.0006833877065426167	0.0010449962854952837	0.0007241737426689518	0.005270808706542886	0.000561006630602241	0.0002759124582992368	0.004722660344832413	0.0010428926037684212	0.006949110810016866	0.0004333614452388308	6.490407496998808e-05	0.0002039979895527611	0.005792344300990207	0.00812397496987355	0.0007201788325678499	0.00017555774497346834	0.0013191904451485916	0.005832758163226092	0.0010150144090440227	0.00664037624145776	0.0006362810496360223	0.00036607799725514134	0.00014226856197479003	0.00010332313317326917	0.00019283933520904822	0.0012816820500786488	9.726212497999207e-05	0.0006958257668795856	0.0004450956529790039	0.00014554496761704676	0.00021631309670592516	9.194040711284513e-05	0.003069543402615069	0.0017665625632560166	0.0009595381543972481	0.0008991569444068682	6.352174929971996e-05	0.00030658615602240894	0.0030069433271189437	0.0004745462596483156	0.00019684874472334341	0.00012353194725977503	0.0005102044149316201	0.0021041276274424477	0.00024366793632452977	0.0007139308012446021	0.0015094092686374011	0.0005552579484293715	0.004294753677521	0.0001159596014401989	0.0005995900710884352	0.000747554413415366	0.008178281601469748	0.007384613062989242	0.0003703931088276482	0.0005215523332263419	7.337867296613009e-05	0.0003075386546511981	0.00332729744170243	0.0005574330830193248	0.000654560665580175	4.8374991346538545e-05	0.007469732818157965	0.006441413609218129	0.006290556433112317	0.006523576151164612	0.004375304400198475	0.0020178004880858666
HP244	368	0.0006332381875155779	0.0006692776029920402	0.0001112264708354176	0.000299919022629608	0.00017937299817908953	0.00012098445431282078	0.0002429452812553828	0.0001587364154377192	0.0001915631442921461	0.0007187793885901714	0.00013415529261667742	0.0	0.007121200328204323	0.006971608068500344	0.008441781010333944	0.0007059808092355648	0.0010691917661930965	0.0007568003219661068	0.005223323453782092	0.0005851544397514345	0.00035029463676838435	0.00467517509207162	0.000999596236001429	0.0068842330763703285	0.00046298320081040507	0.0001745407956703794	0.00022741567141313406	0.005727466567343672	0.008076492169951202	0.0007226167771827827	0.0002599813304052028	0.0012648209790062294	0.0058462563699531785	0.0009437016951691906	0.006592879188759322	0.0006509762642928342	0.00038357145459729885	0.00018853745035723153	0.0001484100092689372	0.0002524687258829419	0.0011997413651783058	0.00014623408936802507	0.0006821599265524047	0.0004279980152819252	0.00019725949937067554	0.00023971720343171605	0.00015935753850649805	0.0030220581498542755	0.0017043708128825575	0.0010162307106427553	0.0008878553771446547	0.00013468396055633366	0.0002922118686061127	0.0029855527299503725	0.0005219935368170781	0.00026626250298149106	0.00025701624632812044	0.0005298499110355176	0.0020797732837825734	0.00026736488072095875	0.0006917705005684699	0.0014294178937546758	0.0005794276070383488	0.004242480378912197	0.00014135859083579504	0.0006196458493316035	0.0007656846155480899	0.008113403867823213	0.007319735329342707	0.00043954826760380186	0.0005506941027113555	0.00011403431388694333	0.00034285750973403267	0.0032890769267981666	0.0005985902940052123	0.0006534896865536299	0.00016535376931385844	0.007404855084511429	0.006376535875571593	0.006244932266302597	0.006458698417518076	0.00432129783146693	0.001994482234636876
HP273	397	0.00715033157830268	0.007072101174536772	0.007178269601040742	0.0071231350311010315	0.007163809744952698	0.007183907139064217	0.007178827279150251	0.007228346633927186	0.00719454835159602	0.00714701599840072	0.007160003123548011	0.007121200328204323	0.0	0.003223100669104282	0.0020446402785366364	0.007091572594876542	0.007412615954275447	0.007053746038825228	0.0033574445914698113	0.007131443105403521	0.007087341279509977	0.003873680514509249	0.007376984283201722	0.0018443790759419209	0.007232255797789116	0.007171099363544009	0.007192289929455799	0.0022994854306872094	0.0021698276575750903	0.007136242556547749	0.007261216892086265	0.007687700509716065	0.00404879341977265	0.007440534176617113	0.002152421784480355	0.007527937957476338	0.007397009100500472	0.00720178805206942	0.007201352547577622	0.007209978446783613	0.007718178251004423	0.007191924476059015	0.007161870483652043	0.007189548447731281	0.007289162125098631	0.007243459605833139	0.007225720246987386	0.00516923355748528	0.006300279625557257	0.007355585183929591	0.007081112294679756	0.007206926506241087	0.007175523641715277	0.005104029696419083	0.007190374114316589	0.007270508877969206	0.007204073589543824	0.007233996974167305	0.006352879933700532	0.007232458484842529	0.007092651130199972	0.007836550697099025	0.0071713369057436575	0.0038628400279769573	0.007227142541029271	0.007133306633552012	0.007467664460912957	0.001989789441125807	0.0014175292048926307	0.007363290299319882	0.007147061561841142	0.0072283521658531484	0.007133408753523019	0.004839017709702634	0.00719667005613125	0.007116465034592785	0.007186714883942167	0.001971543514075483	0.00239011886250876	0.0021397981261621025	0.0013254579469696376	0.003897791233796747	0.005921897667913956
HP286	410	0.00642581975876755	0.006365307901880564	0.006955399399846017	0.006717429827213933	0.006987009641887037	0.0069652577834964455	0.007096198688768554	0.007059163584188188	0.006942733347759974	0.0063294771368487815	0.006984182938728538	0.006971608068500344	0.003223100669104282	0.0	0.0040748623227858626	0.00699261241714425	0.006623074492350586	0.006305815404276813	0.0032596866113145545	0.006481543334596885	0.006711018323998093	0.003252867298270321	0.006650750496096128	0.003072542721447357	0.0073625058058454035	0.00692578705705587	0.007075683333880164	0.002819973591161709	0.003459947601462597	0.007119038182731284	0.007078121461556872	0.007021542608631073	0.003384567441390456	0.006970503372256573	0.0030024579043487227	0.006818684527570619	0.006939172676702762	0.006930378690479238	0.007087467506235541	0.007103480646749469	0.006995064212411411	0.007076468725953428	0.007162754054394282	0.00735242053340002	0.007072886626613692	0.007200319782247218	0.00704163483665771	0.004801890254095786	0.005749988973553016	0.006644956544423327	0.007048793337034785	0.006951588463478438	0.007192215266699727	0.004740088922893944	0.006547759859947985	0.0070354751190756315	0.006903523514384315	0.00717920806215184	0.005833209063232373	0.007171321586897806	0.0069580525293297755	0.007127315665061947	0.006531872001723736	0.003964152360403825	0.007076932724327299	0.00709403288466108	0.006743205336434957	0.0036272197015602284	0.0030905028936831958	0.006924620075502161	0.00699371999113035	0.0070054582370346116	0.006692175448714615	0.00473364257283636	0.006637284516775033	0.0069936817079733395	0.007022431831035462	0.0030936958769176176	0.0028793308818528458	0.002689286019510061	0.0032549763577104708	0.004007057499322763	0.005904419839724757
HP354	478	0.008384198254516067	0.008276740492480446	0.008505759018317936	0.008470137972411104	0.00853966030826291	0.008517514231945666	0.008531536546932698	0.0086003590110443	0.00853662287640698	0.008287855632597301	0.00850665874398048	0.008441781010333944	0.0020446402785366364	0.0040748623227858626	0.0	0.008437720624712132	0.0085814405643409	0.008309409765414973	0.003997073171945034	0.008378488612569289	0.008443634454561652	0.004337051816702305	0.00834856520369803	0.0022554931292447173	0.008614928260043456	0.008516987423532301	0.008549578762133057	0.0034199694715576472	0.0029371257299186525	0.008444781894297104	0.008600901668977923	0.00844032898070581	0.005380771776862234	0.008418822038339577	0.0025747119886072823	0.008544674618842315	0.00873822915186937	0.00852157905695567	0.008564126937337824	0.008594186183515193	0.008358775254489562	0.008546255700933262	0.008516018681569468	0.008546837280408538	0.008638887987307812	0.008622380718097825	0.008598472922521897	0.00587487201989937	0.007264566786989951	0.008603321158887461	0.008405428990690356	0.008533625555124937	0.008538211195272033	0.005964978306967114	0.008448873616774826	0.008608658380383626	0.008581781068790543	0.00856892874026241	0.00720337563704137	0.00860665944506195	0.008418708370746633	0.008501782165554946	0.008401327455206343	0.004472451482031353	0.008582983242579773	0.008475977264398755	0.00850609764063696	0.0013849186527296262	0.0017596238803137547	0.008723788117857706	0.008508860631287923	0.008551235759698626	0.008466224945120535	0.005699062923511899	0.00839858547442954	0.008460246500046162	0.008549489273702368	0.0020489657407727377	0.002653211363018133	0.0026183576338906643	0.0022246133280054616	0.004455746452472649	0.007455052988748068
HP104	228	0.0008001181470788314	0.0007942768057290586	0.0006762732926739788	0.0005978370120348137	0.0007063375015145475	0.0006893242247198877	0.0008144517984793914	0.0007708743507327842	0.0006895914231189771	0.0009053713898859543	0.0006833877065426167	0.0007059808092355648	0.007091572594876542	0.00699261241714425	0.008437720624712132	0.0	0.0009182122593623411	0.0008219102955810628	0.005095637195194206	0.000786613365296118	0.0005449881816133984	0.004505390210346876	0.0005585095809646494	0.006864561512017666	0.0009179409142620518	0.0006708601590836331	0.0007842535903821934	0.005707795002991009	0.00786350361718559	0.0002732133990184369	0.0008046403536717566	0.0012191616155819533	0.005598811193762247	0.0013035990486160148	0.00651692190828502	0.0011225005072164765	0.0008206121836200361	0.0006861993935474186	0.00075609352615046	0.0008100792655476948	0.0012642001486479985	0.0007405067656762704	0.00029101404588310583	0.000872627809005964	0.0008036583716986792	0.0008325926970433345	0.0007638049244597834	0.0028609156533558875	0.0014954022581601266	0.0008101666238578824	0.00030039530302961514	0.0006943869449379746	0.0007924440596438571	0.0027900815079234123	0.0007765362768503949	0.0007817433460979697	0.0007018244580800059	0.0004361808487772708	0.001980757479973848	0.0008395708095138052	9.59410357385359e-05	0.0014193767298830338	0.0008309058224189674	0.004170911893571096	0.0007776096432148459	0.00014609750714285726	0.0007165719420868348	0.008093732303470548	0.007120178922395968	0.0007205987488092172	0.0004002028680374249	0.0007278830429991415	0.000585120942060394	0.0031316710594801746	0.0009596072768259097	5.261671594691914e-05	0.0007247070031712679	0.007400131839349202	0.006200844874458494	0.006215113437664231	0.006439026853165414	0.004291457677092825	0.0020407979196051507
HP111	235	0.0004624345241699628	0.0004513137500578736	0.0009925726562581292	0.0008434230435477142	0.0010200734544572284	0.0009985013580917068	0.0012359813123810895	0.0010849230455827912	0.0009878852137768885	0.00042393152867955587	0.0010449962854952837	0.0010691917661930965	0.007412615954275447	0.006623074492350586	0.0085814405643409	0.0009182122593623411	0.0	0.00044262560171962854	0.005309549942471273	0.00048570963597305435	0.0008139706388594295	0.004505805839812225	0.0012911366686308976	0.00710433969163618	0.0014524941277838917	0.0009801415605743295	0.0011767943297011844	0.0059982706072136075	0.007863825300177438	0.0010202873179650934	0.0011504969894247123	0.001766934471948511	0.0058587245755779335	0.001827512790446489	0.006756902840937339	0.0015585591656010005	0.000932717863451726	0.0009338293114021453	0.0011126042413267304	0.0011798215850825414	0.0017938137368887215	0.001134484773080318	0.0010861385209986448	0.0013983782532962917	0.0011036751510198636	0.0012240086603101552	0.0010501503958067926	0.0032647088712879466	0.0018582213737088973	0.00012438982995748065	0.0010732962487650314	0.0009873048489696878	0.001279380459254396	0.003186410576511603	0.0005836944575760921	0.001094780192696348	0.0009754625258179456	0.0010653454171385694	0.0023115346130165165	0.0012669061794524752	0.0009183953552345445	0.0019361276435177635	0.0005351996323951992	0.004361004050568357	0.0011176260364878865	0.0009738273511593663	0.0013654479826966505	0.008093930907613107	0.007300262369132603	0.0006927197478739368	0.0009331325977288644	0.0010279032230515258	0.0007573770145495044	0.0034737540258166734	0.0006987905201963617	0.0009176374829199858	0.001072346972698294	0.007385382124301324	0.006564606285068166	0.006446706006242567	0.006629051199676103	0.004629064895151655	0.00226114271124462
HP115	239	0.00015825087995221051	0.00011652337078393044	0.0006954283165961245	0.00047538996838966826	0.0007270058733545035	0.0007053408123068069	0.0008840849696314832	0.0007992392159157843	0.0006827323456506517	0.00018583407779345756	0.0007241737426689518	0.0007568003219661068	0.007053746038825228	0.006305815404276813	0.008309409765414973	0.0008219102955810628	0.00044262560171962854	0.0	0.00499239398566171	0.00022121632580054997	0.0004509052129342934	0.004213934301732618	0.0011104043238802778	0.006747310025103263	0.0011096741892000458	0.000665831006854626	0.0008281997623563491	0.005639400691763388	0.007615248926773756	0.0008534565475318599	0.000818364662469061	0.0014593204467478742	0.005688736451468231	0.0014550165777637172	0.006407548423910229	0.0012487584478724923	0.0006381689085781989	0.0006704194402379793	0.000827475206742927	0.0008437171331243888	0.00147852458608573	0.0008164647113147558	0.0009084764973758206	0.001092758215470583	0.0008130122998301619	0.0009404751822514707	0.0007817371188294158	0.002918136447732594	0.0016877552172554283	0.00045708999034464585	0.0010039393272324687	0.0006916129703683771	0.0009324683514710643	0.0028642222752818785	0.0002875985671902719	0.0007757186491323925	0.0006435667520215487	0.0009047056673210652	0.0019340530724972246	0.0009116220829936734	0.0008351412336867293	0.0016138882086781379	0.00027161441821751714	0.004093370731843843	0.0008170315304192406	0.0008635502670680053	0.0011752401492431221	0.007776684243297539	0.006983015704817033	0.0006194188836751054	0.0007761526694472291	0.0007455094688347625	0.0004321596319748304	0.00311868295400001	0.00038568890939512157	0.0008113130232483747	0.0007625010795937217	0.007112541278470146	0.006247359620752598	0.006129459341927	0.006311804535360535	0.00427024157566566	0.0020350400708397495
HP116	240	0.005112398340152446	0.005015132508809836	0.005260636664667536	0.005152372822039083	0.005293776103266835	0.005271761117817395	0.005357990185225696	0.00535828406277659	0.005277025347188795	0.005016055718233678	0.005270808706542886	0.005223323453782092	0.0033574445914698113	0.0032596866113145545	0.003997073171945034	0.005095637195194206	0.005309549942471273	0.00499239398566171	0.0	0.005125527842404716	0.00512482854445743	0.0015451262251802971	0.004758593726872562	0.002645184116082867	0.005468933417533969	0.0052582841321931455	0.005329941312459073	0.002147464968445982	0.003879984418654924	0.005118543667078311	0.005365008367679041	0.004857784872497998	0.0032805871578161965	0.005105017073633548	0.0023332667792428045	0.0051156587679891345	0.005411929236705275	0.005262875765616516	0.005343512402501269	0.00536895880105573	0.004937362752430443	0.0053279264914868635	0.005189780454350675	0.005420127100155382	0.005388564222399228	0.005419922039805103	0.005351196258133521	0.002544514903860373	0.003865135659962054	0.005331430537017834	0.00507910392726812	0.005277969364305991	0.005361104679051889	0.0025129782831959085	0.00519452668562288	0.005356004349479942	0.005289266086901406	0.005242690513043618	0.00349411805632715	0.005399843698769777	0.0050906202530098706	0.004953430457030589	0.005157507986602395	0.0011692292916833467	0.005352595171686842	0.0051496522009765195	0.004911380397744105	0.00389844106627462	0.0035225946359687755	0.005397401366490168	0.0052251173296254125	0.005307637108739572	0.005146718099455171	0.002077528261140816	0.0051907890141914504	0.005120622123178543	0.00531211568600467	0.0029028145015145257	0.0021667461694157984	0.0021111876429536517	0.0024202266049057836	0.0017684110607282962	0.004376752198226404
HP127	251	7.76306580132055e-05	0.00011632797815614191	0.000508566227432502	0.00036628967426970816	0.0005361162691933822	0.0005130517976590637	0.0007512485551320529	0.0005994674445255723	0.0005047601009135281	0.00016140189187675117	0.000561006630602241	0.0005851544397514345	0.007131443105403521	0.006481543334596885	0.008378488612569289	0.000786613365296118	0.00048570963597305435	0.00022121632580054997	0.005125527842404716	0.0	0.00032991942696459467	0.004363750836979271	0.0010595294334164885	0.006861604737647221	0.0009677443806397636	0.0004961673512705082	0.0006921143090332663	0.005723215484676614	0.007765065462020409	0.0007875611837639155	0.0006657914399617517	0.0013869671024649693	0.005751678181981528	0.001342859462638745	0.006521843136454186	0.0010746531167553355	0.0006180593181066227	0.0004492664861144457	0.0006294573824429772	0.0006951574332584001	0.0013429142345320563	0.0006504474466386557	0.0008738103745183684	0.0009136922664004766	0.0006181699956382554	0.0007408230206961926	0.0005646929582432973	0.0029911421775846094	0.001673482586036846	0.0004558479650077112	0.0009416265347148586	0.0005032873530512205	0.0007946798416066426	0.002949911382377964	0.00010464273372505579	0.0006100911520878147	0.0004914954414236418	0.0008093381761107488	0.0019787277930131643	0.0007821866918167268	0.0007867964611683214	0.0015685947910885098	6.749138525410204e-05	0.004154772825157229	0.0006321400326464848	0.0008074872716386551	0.0011102643613445382	0.007890978955841496	0.007097310417360992	0.0005345938025681953	0.0006771611139396632	0.0005423828819770713	0.00030963387775531767	0.003231772860805607	0.00031785875444367796	0.0007860017697690562	0.0005892224541416567	0.007182430172529713	0.006361654333296555	0.006243754054470957	0.006426099247904493	0.004347821486637189	0.0020435765652442603
HP130	254	0.0003516818623287405	0.00037366414965136054	0.0002621098955377691	8.524539568279748e-05	0.00027618399354677344	0.00027582578012517073	0.0004662720245571778	0.0003591611101950977	0.00023195204635317673	0.000469271782726323	0.0002759124582992368	0.00035029463676838435	0.007087341279509977	0.006711018323998093	0.008443634454561652	0.0005449881816133984	0.0008139706388594295	0.0004509052129342934	0.00512482854445743	0.00032991942696459467	0.0	0.004576680182746957	0.0009139698451400912	0.006866494409686988	0.0006844325134767384	0.00021501938310973713	0.0004070850418772726	0.00570972790066033	0.007977994807788094	0.0005966005814602768	0.0003906681023011507	0.0013309379001328336	0.005599252735224006	0.0011035315419166383	0.006519027558111283	0.0007979094705771351	0.00035783398897448727	0.0002365191894694846	0.00037667675255751625	0.00041750795620810435	0.0013157627953769976	0.0003731233115305294	0.0006454980960562321	0.0006609740450553507	0.00037791321563217	0.0004896903008704355	0.0003309278793982525	0.0029235632405296137	0.0016429812038490674	0.0007309953281620909	0.0007977645082468605	0.00025911705082344995	0.0005096533824760069	0.0028709252487397674	0.00027270831000558	0.0003341300720760381	0.00019273879561167027	0.0005341083332366186	0.0019581935118354902	0.0004971791026740862	0.000607465087267577	0.0015211501803213765	0.0003268883108529573	0.0041768595170605825	0.00039186328299673303	0.0005776443156524109	0.0007962986023839855	0.00809566520113987	0.007301996662659365	0.0003067373587393698	0.0004080499518259128	0.0003159540207303655	0.00010289814385346612	0.0031813172796169745	0.0005188466908251335	0.0005438862413587365	0.000311690124906575	0.007405898481833886	0.0063587972088882515	0.0062110610277333125	0.006440959750834734	0.0042926879998685975	0.0019462692032914855
HP136	260	0.004346607225024489	0.004253355503384391	0.004712488302957062	0.004604224460328611	0.004745627741556362	0.004723612756106923	0.004776572438930051	0.004810135701066117	0.004728876985478323	0.0042517881533658255	0.004722660344832413	0.00467517509207162	0.003873680514509249	0.003252867298270321	0.004337051816702305	0.004505390210346876	0.004505805839812225	0.004213934301732618	0.0015451262251802971	0.004363750836979271	0.004576680182746957	0.0	0.004276851110591662	0.003191707567546471	0.004920785055823496	0.004710135770482672	0.0047817929507486005	0.002498502553610909	0.003924440792147075	0.00452829668223098	0.004816860005968568	0.004401418244284322	0.003136968009699189	0.004622071252557735	0.002887199482083875	0.004658954493007222	0.004826196462786978	0.004714727403906042	0.004795364040790796	0.004820810439345256	0.00443821746454834	0.00477977812977639	0.004599537871638563	0.004871978738444909	0.0048404158606887545	0.004871773678094631	0.004803047896423048	0.0018622183567103818	0.0032056586902152835	0.004527686434358786	0.004488856942420789	0.004729821002595517	0.004812956317341416	0.0018296628104987746	0.0044327496801974346	0.004807855987769468	0.004741117725190933	0.004652443528196288	0.00307594965008931	0.004851695337059303	0.004500373268162539	0.00449513915566797	0.00439573098117695	0.0012194342345887758	0.0048044468099763685	0.004559405216129189	0.004429637781463205	0.0039766874275787316	0.003561695135428725	0.004807285907546092	0.004594020530803339	0.004759488747029098	0.004598569737744699	0.0017873851920894317	0.004429012008766005	0.0045303751383312125	0.004763967324294197	0.0031363127577441617	0.0025653309448043513	0.002503741338109446	0.0028548234375938347	0.001580691791225383	0.003803748460225097
