HP101	225	0	0.05115048031486913	0.010629816751135982	0.011249942626110562	0.12704078382203096	0.018918336953712343	0.018027477359452617	0.021493073661594198	0.0986703373555445	0.029244610380943368	0.00860487780086738	0.022336451003527123	0.04205379256408256	0.05413053188239444	0.10551593097530515	0.06225420686796038	0.13401395709485656	0.026577292447577734	0.03423835309837105	0.08207512218856937	0.20519653564290477	0.06482909561013071	0.02146649428859485	0.0670781219221443	0.16263581657612186	0.03396746120982714	0.04378073035991014	0.14343528785253526	0.025160334033085895	0.02896934042504872	0.02458406569853152	0.04449897819704477	0.018665680358229467	0.12860596042697428	0.02889069081734533	0.044610507924023685	0.02445821505876349	0.0210584163691921	0.01925287971151879	0.10160062801651012	0.09757359480534389	0.024641629283535478	0.06381409892464594	0.06752956943510083	0.035698067149049634	0.041071170404952645	0.1337881412772721	0.025659367425873016	0.0934752620239876	0.047016274864376144	0.10287782878058079	0.0296258106020394	0.17277232646063048	0.05371123048535602	0.026318785043727512	0.03545974090738064	0.08033285913339311	0.018441359378059508	0.01790926693100923	0.01668917437139737	0.06523723551975319	0.0629827894521314	0.032641610426604045	0.04825429984159939	0.0843820363328446	0.008614608596972278	0.09886524822695034	0.03747234624012135	0.0679027488350558	0.05389187847945853	0.20558496188984796	0.14024041213508875	0.037409996173877115	0.05656005841944344	0.02364246262779283	0.015973617919471595	0.07368716628104315	0.018872899207263975	0.056055415943245535	0.02677775327334077	0.16043909647456195	0.13252188183807442	0.2213592233009709
HP104	228	0.05115048031486913	0	0.055933876565061574	0.05598124308459306	0.10936168654483905	0.06436553304863725	0.0632812994870962	0.06651070157962544	0.08600762457612383	0.03273781093088613	0.05423094833348083	0.0390231502014754	0.03549804492134378	0.02455402862123744	0.09985312902483463	0.050619422513540825	0.11269749457051731	0.033015441446205204	0.03911495119936182	0.09973829197575117	0.20301962237577842	0.017334313967736083	0.03767751674453487	0.033616284864943356	0.17006505871703534	0.04245501913634899	0.041704178837775545	0.12108088554745489	0.047720737162739404	0.032879048666002164	0.032489539381907385	0.04031031100734809	0.04798063269263204	0.12202187556957315	0.03714202974275084	0.0476359711599501	0.03321830406381837	0.041941287580674086	0.04484560001197476	0.07034552921837241	0.05416059557142695	0.04470043583986333	0.01613669709647435	0.052717360295587316	0.03306796575491108	0.037090492258166886	0.14413468849213631	0.028749879173178294	0.06565989376020544	0.04938764727554101	0.1438569918429813	0.07907663576983406	0.18987229307201045	0.01461722056081676	0.03132843471289048	0.041193519123726034	0.05773604599895507	0.039670614944818314	0.03844921382295867	0.03799969704150167	0.02107602736519149	0.0398673745134368	0.032503181463086186	0.007630766275812847	0.05603664322479194	0.051385057504735994	0.07518584655895086	0.035672080382083485	0.01858813522945536	0.024853046530058463	0.20678131873066538	0.11833049930183172	0.03827071974193778	0.02321133895040702	0.03587303129508132	0.060959200617070164	0.06822901813163001	0.039494300254608025	0.010721621171827275	0.03242723822590897	0.16043909647456195	0.10629699905659204	0.19913682087555215
HP111	235	0.010629816751135982	0.055933876565061574	0	0.01713552508317472	0.12060589785356181	0.027250485680025065	0.022136844357162393	0.026435189388541478	0.09689188394220026	0.03610589004052106	0.011000877954136155	0.023032167383870396	0.045623384309795685	0.05906102255327195	0.11024430138923874	0.06783255967395155	0.13401395709485656	0.03073098925917147	0.037420721567707996	0.08642180377644884	0.20519653564290477	0.07038294192632671	0.028848292015958423	0.07187550648861787	0.16830860177517842	0.04024168882771349	0.05020997730868915	0.14910807305159185	0.024795341784968623	0.03364638778859952	0.029043239236322075	0.04752383762767541	0.0207423532601611	0.12754524886877827	0.03445299249930132	0.04987276864802488	0.02480318441915263	0.025471232694196284	0.020838436676553225	0.10791802971275789	0.102873798321546	0.030452160453957173	0.07024334587342494	0.07161736223631875	0.04037511451260043	0.04697057109374166	0.1337431870499234	0.03094664016216999	0.09914804722304414	0.04969393405599213	0.1109989841967661	0.028740396695414762	0.1694527963105466	0.05843720578746293	0.03178365790123951	0.043005256231791446	0.08600564433244966	0.024559101892267683	0.024494443956672655	0.020499941083706504	0.07123698783048682	0.0691731777876862	0.04102913269351166	0.054075142844913764	0.08933646550588135	0.01577156113546645	0.09938962520155738	0.042339183262854005	0.0721483488983582	0.058159797612862565	0.2085936576338965	0.14249566460380456	0.034703538816771275	0.05647192668384104	0.030454529097525027	0.01601909896447687	0.07727042793259781	0.025798675123509356	0.06217525200274165	0.03191035588395309	0.16048045882553555	0.13393853873004447	0.22135922330097088
HP115	239	0.011249942626110562	0.05598124308459306	0.01713552508317472	0	0.13010787970637663	0.02154178722366111	0.016182128526414208	0.017901859132203123	0.1042868556198873	0.034293953686113904	0.011774900683659687	0.023514276874862874	0.044282975457412166	0.06243707427878575	0.11200002684764647	0.06539928912410656	0.13556866638746765	0.028618164888436094	0.034076333355280465	0.08580879915697846	0.2051965356429047	0.069227791383822	0.02519875071846839	0.07435850291382849	0.16715975349614964	0.03634092485904011	0.045779668793553566	0.14910758465555607	0.03125854653754564	0.03414371787274711	0.029213642670040577	0.04892215527218806	0.018989706864117162	0.13167305631131998	0.033762967931901304	0.04807971395040257	0.025795945743508655	0.02649897590275077	0.018349236931061268	0.10506983404288901	0.10155842751442443	0.029881580349238025	0.06861561046969757	0.07061868077053103	0.04056957451126558	0.046511729938511326	0.13547569759182934	0.030539776762165297	0.10127391978517164	0.04975068719523112	0.10356104311088236	0.03352734000599	0.17423958540114368	0.0591517900189147	0.03149936723907318	0.03897765233162795	0.08706348472776389	0.023881918911618186	0.02323535675041585	0.01958833970644767	0.0704322607109451	0.07227267534149895	0.03665293426311325	0.05267357322705115	0.09334257423679433	0.013261457331297232	0.10253350945421819	0.041820714153795284	0.07334330836861448	0.06039990305980327	0.21029156349463052	0.14410735235410332	0.040590987662787584	0.05440958514862859	0.029195909842711667	0.020355387081667446	0.08207153962051936	0.02187662074821734	0.06130913569614611	0.03032132493674077	0.16155544698376761	0.13448192687183172	0.22370629006785467
HP116	240	0.12704078382203096	0.10936168654483905	0.12060589785356181	0.13010787970637663	0	0.1281285988438954	0.12328836389429253	0.13148501388208236	0.07669977672029281	0.13044643831000372	0.12251299348363937	0.12902831227048395	0.13002089503457884	0.09117870429672874	0.09910664211070264	0.14584038164661864	0.058094947823291235	0.12725548619192795	0.13287008358831345	0.08761439391073092	0.17217177472588674	0.11950140372349317	0.12541006760013007	0.10065444307738228	0.16611154703551337	0.13833011064497105	0.12522858970068865	0.07471553962968767	0.10898907052224845	0.12548922069462995	0.12836381125167226	0.13310368570125905	0.12795471068941894	0.08136669097853677	0.13390185957325498	0.14047980371872354	0.1264340026376248	0.1334775968803426	0.12632523473624105	0.07324896128505116	0.1200311245475083	0.13597752987639816	0.11254740326189076	0.14808670039791966	0.1255988808196489	0.13469417376709714	0.12142553510134739	0.12434785517013479	0.07936705686984649	0.08716538281822793	0.18245392794703502	0.12186748415062489	0.16975773601736763	0.1053397035369955	0.12826894764060798	0.13726270291867348	0.06680285678231206	0.12905796904036435	0.12275881255468596	0.12080213643764491	0.11409722263127142	0.07647776385150401	0.129240501521579	0.1051563072718797	0.10510975303268986	0.12902158948291226	0.05599948857952967	0.1290662348456622	0.1129049719874832	0.08938520737876368	0.15142900170227033	0.08774411640983096	0.1269225185227541	0.10672923572782456	0.12856156297694912	0.12148568296859512	0.06563077096994892	0.1341371414649984	0.1069757967111647	0.12971730174278587	0.11374065898050834	0.07799639634204357	0.13013806381204382
HP127	251	0.018918336953712343	0.06436553304863725	0.027250485680025065	0.02154178722366111	0.1281285988438954	0	0.017415882741939892	0.011693014005207687	0.102563338492555	0.04279097505760954	0.025802356557135152	0.035821208585341345	0.055569039673216115	0.05931665704229753	0.10846344839028814	0.07451029104576248	0.1340139570948565	0.0406023029729606	0.048663300164341936	0.08202918551643229	0.20519653564290474	0.07866323987438377	0.0348858322458651	0.07468111588830198	0.16046695368795302	0.04636872043210201	0.05633700891307767	0.14126642496436642	0.042015639617304694	0.04242368509265397	0.03863852168745533	0.057055256750212315	0.03382399985097747	0.1275452488687783	0.0433166187093796	0.05599980025241342	0.037673267792531606	0.03217347055580239	0.033677826777489685	0.11404506131714645	0.11111995948201009	0.036579192058345714	0.0763703774778135	0.0810448165442344	0.04704445137001441	0.052117360250551976	0.13798133678964805	0.03890553772717375	0.09130639913581876	0.04958969207770375	0.0842908037697665	0.01589606314924137	0.17693440440547384	0.06476315136546155	0.037665169264692294	0.050215999916249594	0.08016701461377868	0.030698472690608998	0.03624316209291907	0.0345280755910265	0.07749331969755528	0.06754540444621478	0.04559825419105974	0.06055572036269414	0.08191297906931033	0.014027942138895494	0.0988652482269503	0.04881873046108613	0.07894893868065511	0.06493806832505786	0.20528476751448246	0.14024041213508873	0.05062504890764525	0.07286674748227294	0.03501996441629021	0.028080299346955495	0.0756803813377177	0.03362915821613292	0.06740180016421032	0.040794840339281886	0.16043909647456195	0.1388382549035226	0.22135922330097083
HP130	254	0.018027477359452617	0.0632812994870962	0.022136844357162393	0.016182128526414208	0.12328836389429253	0.017415882741939892	0	0.0142775142989003	0.10022464750575502	0.041913961625512274	0.014213430496981778	0.030814333277365984	0.0526050439181061	0.06091807667048632	0.11088871579404287	0.07392226638360543	0.12918898074670138	0.03561039825361721	0.04304004628448787	0.08462947125547686	0.20519653564290477	0.07652784778632513	0.03313455380423988	0.07409309122614491	0.168350804943797	0.045635520725472174	0.05553999268020234	0.14915027622021043	0.033048872631940014	0.04180115916575769	0.03651369907254369	0.056831078252157496	0.02569498506798534	0.1248535404992359	0.041154777840533355	0.05810955308931705	0.03369111566257589	0.033799032305253884	0.026224586768330234	0.11443244675721907	0.10880602492924481	0.03747344802424445	0.07642984688326386	0.07837078141024854	0.04852988588975861	0.05381178634101442	0.13525305786975492	0.03753542641484302	0.09935861730860912	0.04973613722461068	0.10137905171017754	0.028494038660855432	0.17314300873121893	0.0664518464214178	0.03949462419532503	0.046770544444487694	0.08604784750106821	0.036006951662276444	0.02943883648299419	0.026169260959622683	0.0777323171134482	0.06909880797606838	0.044222144278971115	0.061086118582308356	0.09047652990868574	0.01837073364090403	0.10301804249951352	0.05030416498083033	0.08064336477111757	0.06663249441552031	0.21424503497860606	0.14773085798116406	0.04789104406529069	0.061945981917823155	0.03682186056845725	0.012854283258911477	0.08017147493431297	0.03379694343151954	0.06888723468395452	0.037313558301921894	0.16043909647456195	0.12939438683584206	0.2168867742557706
HP135	259	0.021493073661594198	0.06651070157962544	0.026435189388541478	0.017901859132203123	0.13148501388208236	0.011693014005207687	0.0142775142989003	0	0.10368586412995537	0.04416550939294077	0.021942293997208755	0.034043735369895245	0.054812433952444554	0.06310307878235968	0.10904587259865685	0.07743868187872703	0.13401395709485653	0.038672488557238885	0.04655646177960948	0.08497563613753509	0.20519653564290474	0.08001357062089735	0.03831468584278584	0.07760950672126651	0.16756705585058806	0.04915193622059378	0.05802890294165653	0.14836652712700152	0.041393834529893446	0.044673176367779475	0.03974310116507295	0.05945161376722042	0.030719387468528474	0.12939150344479872	0.04429242642693367	0.059644223523594504	0.036325404238541026	0.037028434397783146	0.02974100226345184	0.11663434361608094	0.11128737392422913	0.0404110388442704	0.07914506896472995	0.08114813926556341	0.05109903300629794	0.0570411884335437	0.1392218838600682	0.04076482850737227	0.0984832646805752	0.05199256193212404	0.08710153741127727	0.026700521715412855	0.17829538209363358	0.06968124851394705	0.042028825734105546	0.04622413012118745	0.08526409840785931	0.035913131730050965	0.037995836459521384	0.034173594893969934	0.08096171920597746	0.06897964936728783	0.04429569712718663	0.06338025699363342	0.09043327264655192	0.016775159385278137	0.1022342934063046	0.05250606183969216	0.08387276686364685	0.06993016959775121	0.2096638147709094	0.14183511913720767	0.051120446157819945	0.07005601384076217	0.03938041580636588	0.02280098166147545	0.08425308580092641	0.03184993687958237	0.07183859419117848	0.03968527635524331	0.16043909647456195	0.13343004676946638	0.22142473720133343
HP136	260	0.0986703373555445	0.08600762457612383	0.09689188394220026	0.1042868556198873	0.07669977672029281	0.102563338492555	0.10022464750575502	0.10368586412995537	0	0.1096073333238899	0.09847414099422294	0.1136225712194875	0.11210777180742311	0.07563926241870421	0.09611396790798415	0.12767103597091342	0.06322653352289774	0.10583475414057339	0.1139099950910409	0.05833060794387936	0.14196304539676968	0.09795350910516094	0.10244036454297507	0.08837533410653602	0.13598730588867028	0.11950663259372159	0.1075002153866862	0.08499205405922654	0.09131883329352747	0.11225770009492249	0.11005559797107896	0.11782559039478432	0.10502865325970254	0.08877170715775504	0.11535009452851368	0.12559843490820605	0.1068864916322945	0.11617223834138003	0.10658881657294776	0.09448750806018251	0.1256608124329787	0.11937296363996257	0.0987595006565597	0.13052012844327018	0.11213809662758314	0.11590147468779528	0.0847650260119167	0.10573682918910945	0.0586004215805937	0.06915137636783845	0.15837603249663554	0.09801631994547455	0.12276266231665545	0.08826553430478572	0.1096031962378257	0.11600897408019441	0.04477426036998431	0.10312781881371602	0.09866412907570252	0.09985274470486305	0.09915797843228402	0.06263025583071405	0.10703284175430386	0.08441425492909245	0.0776805640174708	0.10352731615928856	0.06794867308820052	0.1150507318110038	0.10263277404881219	0.07946622333833754	0.1453949027393171	0.10017157041560687	0.1159995998900446	0.0870954030472093	0.10858974510256758	0.09636352818070837	0.05232915863035436	0.10607920165757673	0.0915535781407189	0.10780386013808647	0.09217094164471963	0.09599007070362756	0.13492542145857264
HP139	263	0.029244610380943368	0.03273781093088613	0.03610589004052106	0.034293953686113904	0.13044643831000372	0.04279097505760954	0.041913961625512274	0.04416550939294077	0.1096073333238899	0	0.03252756813909366	0.017779993767732153	0.01324678759730065	0.05434653631462102	0.09921531423479311	0.03539175527396865	0.1344796238049047	0.007015574724516835	0.010037660076874948	0.08454320879177463	0.20519653564290477	0.03796664401613898	0.018185291540025086	0.06549350096739857	0.16896570849837245	0.015422849156883493	0.027563797328713908	0.1392752629215674	0.030264428261663232	0.007506151369667866	0.009976182125297618	0.017394959625645596	0.023620574347868455	0.12301527731278575	0.00721538879410159	0.01671172476026848	0.012785037799671092	0.02123023235207076	0.026528452513966204	0.09200665982016158	0.06840639015681588	0.022486213377397833	0.041884671704664644	0.03872256446831893	0.015304062234810826	0.012875679040602921	0.1399535987122175	0.007600586169721514	0.08931523709301975	0.05113645588120211	0.1189771925944978	0.058384865464918015	0.1839053608657299	0.04628002937387545	0.0070888150160777035	0.011096698594341267	0.0784457705786518	0.019884204343917883	0.019294527036159862	0.018992433413260637	0.04358519911592762	0.06331133793977942	0.01464943582066416	0.03803107980065046	0.08278418149860511	0.030747311292933968	0.09433527667095779	0.009035287898364186	0.039707257470706074	0.051264270886129545	0.21050471215651756	0.14024041213508873	0.00896470525595312	0.03818035865754164	0.01263672078157485	0.03880357912056092	0.08066017575517474	0.017378764880012075	0.035268659840042724	0.008003440185413576	0.16043909647456195	0.12799191028208184	0.21682925174497833
HP141	265	0.00860487780086738	0.05423094833348083	0.011000877954136155	0.011774900683659687	0.12251299348363937	0.025802356557135152	0.014213430496981778	0.021942293997208755	0.09847414099422294	0.03252756813909366	0	0.021763982123750615	0.04271683151914287	0.056041901188315583	0.10487921322097614	0.06555764897037743	0.12909934407643556	0.026467137878987454	0.034675428871259864	0.08169316701248823	0.20519653564290474	0.06813253771254774	0.024769936391011868	0.069858512463198	0.163119945332132	0.03727090331224416	0.045890393847408784	0.1439194166085454	0.02399852147832465	0.03239342312163486	0.027463347918928325	0.047284756526642636	0.020878488018686144	0.1243242687075347	0.03201267318078904	0.04676137401627671	0.024730401179226324	0.02474868115163852	0.017859969355102222	0.10316251972068582	0.09940740050497576	0.02813128559812577	0.06686531571858531	0.06886838601941878	0.038819279760153313	0.044761435187399064	0.12724658350441428	0.02848507526122765	0.09539611351814244	0.045271642761099434	0.10728515171466768	0.03419780694338944	0.17046030319855765	0.057401495267802444	0.030182729569115257	0.03685454145192427	0.08180841756192646	0.02704623717892689	0.020844877767073066	0.017118909806007315	0.06868196595983284	0.06549377786706005	0.035764617644728706	0.05092327847593892	0.08716242687389832	0.015490880151954807	0.09862536776847376	0.04007041940268302	0.07159301361750221	0.057582143261904944	0.21149127662689762	0.14294451216185566	0.03884069291167532	0.05446475874742932	0.027625404093720465	0.009257840179534316	0.07216588131812766	0.02526011913977584	0.05955884094503385	0.028170297927292132	0.16043909647456195	0.12760726881965342	0.21653914715656492
HP152	276	0.022336451003527123	0.0390231502014754	0.023032167383870396	0.023514276874862874	0.12902831227048395	0.035821208585341345	0.030814333277365984	0.034043735369895245	0.1136225712194875	0.017779993767732153	0.021763982123750615	0	0.02722850047785074	0.060930292371215056	0.10551103534555546	0.04625836953823489	0.1326686474791836	0.014627803918634628	0.016504948966601422	0.08779203200413087	0.20519653564290474	0.050351512066128264	0.02263634712215486	0.06729475597110787	0.16026994563219032	0.018953169609362944	0.03135529368983404	0.14291167615970765	0.03068669723107996	0.01370940766635149	0.011129197039200508	0.0319841626144214	0.016362598949770702	0.12144405148580403	0.01445703129785907	0.030910233481450514	0.010951902393351106	0.009179736286522123	0.013633798907754078	0.09524794183604739	0.08321053776077925	0.012286916850140496	0.04721117848955454	0.051710760913560805	0.022035633499878568	0.02665581479454259	0.14356484846912002	0.014422455233460897	0.09117403051541345	0.05321217974270572	0.11285339917041097	0.048820696109694514	0.18419301759017068	0.0515590232655133	0.0157332835352982	0.02212736131276633	0.08052758129012891	0.021411868742245262	0.023407940946244668	0.014944415257858211	0.051311883387516584	0.0695312852151806	0.02190175364438793	0.04498273839766175	0.08647811491634848	0.023620340582995038	0.09767526322941414	0.022911645579253362	0.0522076046203463	0.05458717054305809	0.21249423932129266	0.14108561306697087	0.018735631170442375	0.0462620902791641	0.0173610002085085	0.028492234407339966	0.0843419294374572	0.015322474182567304	0.04733370459266742	0.012031417087405169	0.16240758987581305	0.1292370651741675	0.21514563106796117
HP158	282	0.04205379256408256	0.03549804492134378	0.045623384309795685	0.044282975457412166	0.13002089503457884	0.055569039673216115	0.0526050439181061	0.054812433952444554	0.11210777180742311	0.01324678759730065	0.04271683151914287	0.02722850047785074	0	0.05592612794343393	0.1008157471618327	0.02557059508136056	0.13487984489637544	0.01787396880601827	0.019540000776916363	0.09014844243767992	0.20519653564290474	0.0370602248597111	0.03048691537856498	0.06849358509666621	0.17951156696255444	0.026563435754624515	0.029994856329940728	0.14107990717621982	0.03822370958249827	0.018397070233116587	0.02127644452706997	0.018726082549867847	0.0342909005366515	0.12281478666320028	0.017781830308287876	0.015516316546441191	0.02189592751692026	0.03237081894981179	0.0362646159485256	0.09381130407481396	0.057922547877724696	0.03362679997513886	0.044102633863867535	0.026891691561222883	0.02116186550917786	0.01800349555210564	0.14165881841260622	0.019091664271017647	0.09111988134767214	0.05624877590558034	0.1302027759502875	0.07032665445330072	0.1845060726067861	0.04845434913624741	0.01901219364365482	0.022425590729851393	0.08085112657436037	0.031825993332300566	0.031167361439352795	0.028728596847820028	0.04598457150413905	0.06721939110252323	0.023646751631351614	0.03961067142946338	0.08578426562787275	0.04288253343523726	0.09494767345552294	0.013288358793984899	0.03880283016580898	0.05388660257434108	0.21228654473797032	0.1402404121350887	0.01652604774035953	0.03784774574903774	0.024744793755152483	0.04926093298988926	0.08306553175088334	0.02935700896362242	0.03826874396931036	0.019302398513950807	0.16043909647456195	0.12794045061304152	0.21662876109539284
HP169	293	0.05413053188239444	0.02455402862123744	0.05906102255327195	0.06243707427878575	0.09117870429672874	0.05931665704229753	0.06091807667048632	0.06310307878235968	0.07563926241870421	0.05434653631462102	0.056041901188315583	0.060930292371215056	0.05592612794343393	0	0.08775219323318016	0.06846837173184957	0.09935089812935809	0.05440562203826482	0.06172093056382806	0.09771392077520523	0.2026761770114387	0.040005185747081694	0.049196497197725626	0.02595287625029768	0.15850361197110427	0.06147147448153137	0.04745955283812471	0.11093720797600315	0.04332862854472807	0.052736955080588246	0.05511835176632976	0.05729018912759983	0.0658435695003336	0.12208870321421286	0.05925805356486801	0.06334660124526667	0.05443073644484515	0.05715648694914333	0.05684442128423367	0.07025247642369366	0.06316016056227307	0.057390593570157515	0.03347810964720014	0.0742437108888205	0.047757768594098	0.055069273438854746	0.1403752614919124	0.04980115426695223	0.050010750572713016	0.037971222076999746	0.13690244700145696	0.07136779848097835	0.17270971732366366	0.02349824792576526	0.05009058037991997	0.06275652256583684	0.04552540013917886	0.04967943036524809	0.05021639188140264	0.05193451557566544	0.04031295084355237	0.029785279046039358	0.05271971641608602	0.018810673817276146	0.04240030760102122	0.05255948891094509	0.06872785150855512	0.05156481466906629	0.03547341937118759	0.014828096553143275	0.2026142631169288	0.11772562488074798	0.05998888888245513	0.04355300884419148	0.04747409898134489	0.058939078220564815	0.05267657553344832	0.05930578298330599	0.027115040040095757	0.05600225637705723	0.15452818239392022	0.09533313834665744	0.19143665822892975
HP172	296	0.10551593097530515	0.09985312902483463	0.11024430138923874	0.11200002684764647	0.09910664211070264	0.10846344839028814	0.11088871579404287	0.10904587259865685	0.09611396790798415	0.09921531423479311	0.10487921322097614	0.10551103534555546	0.1008157471618327	0.08775219323318016	0	0.10467351222355592	0.08170872637778706	0.10185412973874465	0.10682405145724852	0.09034763576568118	0.16664339503712947	0.10322991824337585	0.10219731194961543	0.09860089495618068	0.15535110361149437	0.10743238503962989	0.09606700404406406	0.07925389853873384	0.09421532242509816	0.10053656372722401	0.10360650785259144	0.10127703785568085	0.11515170999901854	0.05932121471789993	0.10232901873308144	0.1028813641893242	0.10366556828856066	0.10130555373360293	0.10604991486236168	0.08184739124399104	0.09822484257312038	0.10270240131936112	0.1041938705299393	0.09939717848647353	0.10236105658454606	0.09847168743464761	0.1101124095238409	0.09748450391548787	0.07435252115724032	0.08982305905084866	0.13620404469134256	0.12405733879759658	0.1653314533794566	0.09947456642637781	0.10149675656749806	0.09900870776401813	0.08288726995713741	0.10680755888248784	0.10196981683832096	0.10243668934976453	0.1016571125032571	0.07766133670276751	0.10024350202533724	0.099399658719023	0.11899265361512198	0.10371202314613572	0.07135480647961602	0.09981308233923371	0.10011290501904856	0.08871724791067839	0.15829085641663362	0.08284035141293575	0.10136446265174674	0.11076812569329525	0.09911644230721199	0.10813763664453659	0.09520725507596259	0.10627688483614506	0.09979922629938133	0.09894504232480789	0.08978675563265162	0.053069774258266374	0.1301352048252203
HP173	297	0.06225420686796038	0.050619422513540825	0.06783255967395155	0.06539928912410656	0.14584038164661864	0.07451029104576248	0.07392226638360543	0.07743868187872703	0.12767103597091342	0.03539175527396865	0.06555764897037743	0.04625836953823489	0.02557059508136056	0.06846837173184957	0.10467351222355592	0	0.14702814077942702	0.03998279044743317	0.031432878380520196	0.10801082168459318	0.2175136784847381	0.03743477541033092	0.04137463532028735	0.06851904598085386	0.17583705557854581	0.03075754103123171	0.03680580314518017	0.1432366276017198	0.05888273590688422	0.037127876011792633	0.03946567580163626	0.022880280015602137	0.05849409780545132	0.12467971824737321	0.03423101201891982	0.02242048872319107	0.04515785891133645	0.04337758131233647	0.048218866407098354	0.08578490184308055	0.051979499748668036	0.04063095996461068	0.04458492080975805	0.017783727001675544	0.03553972699658439	0.02473535810130833	0.15674761010560503	0.03958365802129041	0.08510719499628425	0.0706718734597378	0.13366500357116975	0.08375508035943319	0.19851346975407774	0.06147502487516298	0.03751420499644031	0.03158535596558962	0.0904439543956075	0.045025389997040276	0.045217477680811545	0.048653177415552175	0.046349474481558454	0.08116851908322369	0.03363844193262256	0.05592460654545423	0.08573154033849066	0.06416574725929357	0.09287087363608953	0.02956408996465768	0.04447443132863485	0.061976558823465124	0.22402035992467012	0.1524993951075583	0.03400699676511552	0.043449227023565816	0.041485533105043756	0.07350828254126399	0.09175423450203184	0.045588744999144656	0.05092857345249384	0.03984458002734232	0.1600485519157958	0.128543751524228	0.21140702331063876
HP176	300	0.13401395709485656	0.11269749457051731	0.13401395709485656	0.13556866638746765	0.058094947823291235	0.1340139570948565	0.12918898074670138	0.13401395709485653	0.06322653352289774	0.1344796238049047	0.12909934407643556	0.1326686474791836	0.13487984489637544	0.09935089812935809	0.08170872637778706	0.14702814077942702	0	0.13038668602459152	0.1340578427211218	0.07585175357697271	0.13324789016621244	0.12057779745949629	0.12887588378241843	0.10550209552976844	0.13064598042016384	0.13951786977777944	0.126416348833497	0.043775685190247535	0.11815643086894781	0.13172270309527567	0.13143444805326238	0.13991150031207317	0.1340139570948565	0.06652666981658362	0.13690121884710005	0.1453542685278549	0.13136918003211745	0.13731877259607742	0.12751299386904938	0.0866195473631225	0.129042141553006	0.13929639137929842	0.11467696007650562	0.1523896640116123	0.13104934819653297	0.13877999579966374	0.10748721779505632	0.12917226252678898	0.08330716082305001	0.09200765625781411	0.18642361668983531	0.13401395709485656	0.1382198325636705	0.11115373630764488	0.13228789919914538	0.1395481098334421	0.0667995053017643	0.13401395709485656	0.12877121828810387	0.12760292528162318	0.11596994578477511	0.08796254756437796	0.13042826065438742	0.11018196358925775	0.10143612003499294	0.13401395709485656	0.07364099800377251	0.1354564182871391	0.11753132119362918	0.09624877347878831	0.1231398678661935	0.06270733336065437	0.13652588227368115	0.11169139041129802	0.13342334268254938	0.1292944148486886	0.07713249329215169	0.1358305521269258	0.11041995547571778	0.1328564250348912	0.07845705565306867	0.050380825424331775	0.10573084036164987
HP179	303	0.026577292447577734	0.033015441446205204	0.03073098925917147	0.028618164888436094	0.12725548619192795	0.0406023029729606	0.03561039825361721	0.038672488557238885	0.10583475414057339	0.007015574724516835	0.026467137878987454	0.014627803918634628	0.01787396880601827	0.05440562203826482	0.10185412973874465	0.03998279044743317	0.13038668602459152	0	0.009636763981740218	0.08067001496143009	0.20519653564290474	0.0425576791896035	0.014833015982427762	0.06506991588346446	0.16915551876086765	0.01521607311107858	0.030075146889503617	0.14178661248235716	0.026472378497678268	0.008021597717417393	0.0068173713341463495	0.022587092445019268	0.01851130735801814	0.1229062464819312	0.009647180946758831	0.023378477977229205	0.007410137018321497	0.02152892085172799	0.01951287778944937	0.0945180093809513	0.07346395453948211	0.02282272680057839	0.04439602126545435	0.04319602280939342	0.016255066405914897	0.018368699876304802	0.13604342889388024	0.006248145876605136	0.09182658665380947	0.04766837656019271	0.12099044476213616	0.055636071191029236	0.1805511113663466	0.045738017451610116	0.006871728147220438	0.012274266972619982	0.07868418376321495	0.016857355742050543	0.01596806925439833	0.012508698236498982	0.045495451030808196	0.06174448918407169	0.015235242017941181	0.03813629166435407	0.08237383029416477	0.028622448353303995	0.09565437876166025	0.01512940637997522	0.04520027830640796	0.05072225896386421	0.20838066065554445	0.14044286387149227	0.01244795760058106	0.036167106489903275	0.013136666509087557	0.03352549209383083	0.0798172758165812	0.013812787825662597	0.035265879865261814	0.005976398943274881	0.16043909647456195	0.12725322200115194	0.2160905634640484
HP182	306	0.03423835309837105	0.03911495119936182	0.037420721567707996	0.034076333355280465	0.13287008358831345	0.048663300164341936	0.04304004628448787	0.04655646177960948	0.1139099950910409	0.010037660076874948	0.034675428871259864	0.016504948966601422	0.019540000776916363	0.06172093056382806	0.10682405145724852	0.031432878380520196	0.1340578427211218	0.009636763981740218	0	0.08574750988017646	0.20519653564290477	0.03623585011559467	0.01625017015492109	0.06181730769844968	0.16713276009778877	0.008742225117989956	0.024840827425935002	0.14193201573384717	0.03365079590532382	0.010374563469516233	0.010937004480281117	0.01817733689958685	0.02761187770633377	0.1253405666447347	0.009126683176907515	0.02322173378051614	0.014746020805092892	0.022694061326133236	0.019267988966963457	0.09629886266407084	0.07084362021569762	0.024330341286777777	0.04106446193035468	0.03943503463943101	0.020727817834543374	0.019744408242544323	0.14207545156315	0.014090472805119757	0.09217204506780584	0.046669027510006136	0.12615711973965363	0.06120815372260317	0.18373138859992863	0.0524997567302686	0.012605939901206934	0.010666011770711114	0.0805058671864448	0.023205807004249013	0.018253526342033487	0.01841540568315787	0.04335357521273793	0.06978104673664963	0.015179047584620265	0.04577337659027476	0.08152526907310098	0.03661252743413792	0.09176465068048034	0.015223145878318986	0.04470290419149293	0.05607483006651195	0.2107863382704982	0.14227208252237877	0.011363938770479847	0.03193060179419352	0.019195568119378507	0.042626062442146444	0.08414545761729682	0.015934401090840277	0.04253498723371812	0.010389145546942044	0.15794320804589346	0.130465457231766	0.21269538255712214
HP192	316	0.08207512218856937	0.09973829197575117	0.08642180377644884	0.08580879915697846	0.08761439391073092	0.08202918551643229	0.08462947125547686	0.08497563613753509	0.05833060794387936	0.08454320879177463	0.08169316701248823	0.08779203200413087	0.09014844243767992	0.09771392077520523	0.09034763576568118	0.10801082168459318	0.07585175357697271	0.08067001496143009	0.08574750988017646	0	0.1389451232430204	0.1128268701035528	0.0765689881746785	0.10863667377996168	0.12527972000298687	0.08978978494643823	0.09063175838744388	0.08897674321172844	0.07813243865978697	0.0852164590407147	0.08475338021451784	0.09352882226220356	0.09168392612117586	0.07309107435007245	0.0895448179158375	0.10090653200851252	0.08375937721514293	0.0900919528122617	0.08090542101528224	0.10285229312598138	0.14468287181466832	0.09320031002851581	0.11212933212111623	0.11464635827766506	0.08610602753901916	0.08921441545638711	0.07201179914623626	0.07886856469011556	0.0837561616319081	0.06833245198670809	0.14003917221656473	0.08445917666544209	0.13447496328055936	0.10279688721313777	0.08458808732443635	0.08894795445456369	0.06437086544505789	0.08310964921218447	0.07708902862766148	0.07634093156786441	0.11391921697524969	0.08488684270479122	0.07916435006102959	0.0982319597531747	0.09429965459883878	0.08350914655775704	0.07198550817175467	0.08875346277764737	0.11653702429213832	0.10197264685405898	0.13801303731280387	0.10469679551646006	0.08920777102644308	0.09903340483573264	0.08366572064152308	0.08415713673202717	0.06280010334922037	0.085545048681454	0.10574627741766057	0.08169162687151335	0.09594768166688168	0.10775741196494143	0.15188493251795906
HP194	318	0.20519653564290477	0.20301962237577842	0.20519653564290477	0.2051965356429047	0.17217177472588674	0.20519653564290474	0.20519653564290477	0.20519653564290474	0.14196304539676968	0.20519653564290477	0.20519653564290474	0.20519653564290474	0.20519653564290474	0.2026761770114387	0.16664339503712947	0.2175136784847381	0.13324789016621244	0.20519653564290474	0.20519653564290477	0.1389451232430204	0	0.21052059184576075	0.2051965356429047	0.20988285467396672	0.15582422176065627	0.206989765852886	0.2051965356429048	0.1487266186308256	0.20519653564290474	0.20519653564290474	0.20519653564290474	0.20947810540524897	0.20519653564290474	0.12148864055436145	0.20606831671914633	0.21240065982710807	0.20519653564290474	0.2072768627591571	0.20519653564290474	0.19866442091587314	0.24498439758115484	0.20883086625011538	0.20897575933691834	0.2223784362474177	0.20519653564290474	0.20959507935708396	0.10866269847681194	0.20519653564290477	0.17602262330434174	0.18529710351828937	0.247172755700404	0.20519653564290477	0.1497742563612814	0.20722117528152972	0.20519653564290474	0.20984554726052168	0.1606744656890767	0.20519653564290474	0.20519653564290474	0.20519653564290477	0.21331710492791786	0.19255769826661542	0.20519653564290474	0.20332180357248197	0.19762757767273267	0.20519653564290477	0.16507803308432684	0.20519653564290474	0.21471270490266975	0.20842611444626374	0.12033078727077602	0.14645683644599464	0.20667953239665285	0.20469345895387336	0.20519653564290477	0.20519653564290474	0.16577783996561296	0.2051965356429047	0.21059868839907395	0.20519653564290477	0.09544281013417696	0.1672241603093683	0.15088805952450263
HP199	323	0.06482909561013071	0.017334313967736083	0.07038294192632671	0.069227791383822	0.11950140372349317	0.07866323987438377	0.07652784778632513	0.08001357062089735	0.09795350910516094	0.03796664401613898	0.06813253771254774	0.050351512066128264	0.0370602248597111	0.040005185747081694	0.10322991824337585	0.03743477541033092	0.12057779745949629	0.0425576791896035	0.03623585011559467	0.1128268701035528	0.21052059184576075	0	0.044993003082790174	0.03692772411737024	0.17263941911858474	0.037842569996237356	0.04454321661366882	0.1229253610624385	0.062480533984702984	0.04109950201161662	0.042611557194007665	0.030070235456981426	0.061068986547621634	0.12396648071620921	0.03683585872588612	0.0414133484905301	0.0470643463042917	0.047969517222486505	0.05301013974209202	0.07014066849379111	0.042636593715644176	0.04897821861494589	0.01484668767623468	0.04426807214789851	0.043820694371162025	0.034262637489700765	0.157223266619938	0.04307644909330821	0.06546132207913535	0.05698961693839281	0.1501240818059266	0.09137465868114919	0.20184349627094605	0.02628097986599188	0.04186228289149507	0.035961336714878	0.06877363774301427	0.05254492140972177	0.04728765994547466	0.051957754500323375	0.019401204310642045	0.050018241274553836	0.039200205795869476	0.023412005212485078	0.06469793161934359	0.06607223465224882	0.07194379807410277	0.03483001352681852	0.013296270630199837	0.03476229909155668	0.2146028550650748	0.12144498167681123	0.037668266567201875	0.020217857198462627	0.049195507829420324	0.07608317128343431	0.07920959694804258	0.04818077297337131	0.01711180725606962	0.042163787614706676	0.15647682521201725	0.10752973399736337	0.1947054810688129
HP200	324	0.02146649428859485	0.03767751674453487	0.028848292015958423	0.02519875071846839	0.12541006760013007	0.0348858322458651	0.03313455380423988	0.03831468584278584	0.10244036454297507	0.018185291540025086	0.024769936391011868	0.02263634712215486	0.03048691537856498	0.049196497197725626	0.10219731194961543	0.04137463532028735	0.12887588378241843	0.014833015982427762	0.01625017015492109	0.0765689881746785	0.2051965356429047	0.044993003082790174	0	0.054638833215866996	0.16457511766789173	0.01750888967534894	0.023752052955024926	0.13679295006418135	0.023548673690672484	0.016947839893838593	0.015874159930147524	0.02567888521024846	0.026262515258568778	0.12498027370627074	0.02073173467431427	0.032307995056548085	0.01640186808974761	0.019172310993256773	0.013191815656248508	0.0913444953189918	0.08086863616312291	0.022815657916441735	0.045754138903786046	0.05051754309786601	0.022219314380756174	0.026490557923866207	0.132620558237476	0.013051684154433835	0.08763703783584839	0.03883933301458492	0.11917663601563158	0.04934091148118788	0.17663166555020915	0.04237924947017382	0.013898924401426897	0.01918581601095237	0.07501439928841303	0.011858360719208153	0.004353848059285768	0.010803147162690277	0.04541146894343553	0.058226353542732034	0.013182091227340341	0.03498152457675837	0.07306035075687677	0.024702892715610814	0.08941778322525669	0.0239935934718279	0.05399254876651394	0.045452946459620315	0.20414714500613826	0.14124417267894285	0.024798341076781413	0.03798091523640785	0.013408280570861589	0.032720569961898455	0.07193855228054258	0.01405448508077937	0.04257666317495209	0.015481843395630804	0.15621701498838922	0.12778914426678242	0.21217188592989883
HP202	326	0.0670781219221443	0.033616284864943356	0.07187550648861787	0.07435850291382849	0.10065444307738228	0.07468111588830198	0.07409309122614491	0.07760950672126651	0.08837533410653602	0.06549350096739857	0.069858512463198	0.06729475597110787	0.06849358509666621	0.02595287625029768	0.09860089495618068	0.06851904598085386	0.10550209552976844	0.06506991588346446	0.06181730769844968	0.10863667377996168	0.20988285467396672	0.03692772411737024	0.054638833215866996	0	0.16493950095360663	0.06188222680817228	0.046033844917600174	0.10837289329888351	0.05179233652796071	0.06261010004316342	0.062023052044487985	0.062395262336336486	0.08041886097574288	0.1246662462898298	0.06787186482616446	0.07428197150817878	0.06507618721320256	0.06357330402725714	0.05991065733682101	0.06703873842681461	0.06332888137129522	0.06582223213281244	0.029376348295707795	0.08078434173558877	0.05832832871783486	0.06469514335986494	0.15355427053678666	0.06088688899673892	0.05800621222051738	0.046193926362892095	0.15242653181039206	0.08531770106032817	0.18947446863670117	0.031272225305565914	0.06058624814281781	0.06750895890121812	0.05667459658260598	0.06195965319325759	0.05665342271604767	0.06332339707377807	0.036301492561628075	0.029367870277034545	0.0553358747477126	0.03426277671314927	0.03604473060030638	0.0654442396943025	0.06184957805068586	0.06375090843197845	0.038489454698216824	0.026853104055860593	0.2017296513234657	0.1200453186276067	0.06877690513851134	0.04518837710398471	0.05985598466089113	0.07371128204397838	0.06287438791429119	0.06436938819196433	0.03315540906372328	0.06365852577789598	0.14850452842173126	0.10255518493114942	0.18854295669281956
