46
386        0.0000000 0.0082777 0.0039890 0.0082777 0.0088266 0.0253708 0.0138189 0.0138189 0.0083856 0.0180135 0.0253801 0.0180135 0.0351765 0.0428232 0.0347635 0.0316344 0.0039890 0.0232948 0.0000010 0.0082777 0.0236316 0.0180135 0.0316344 0.0427730 0.0316692 0.0130381 0.0253979 0.0351765 0.0388189 0.0316344 0.0236316 0.0458620 0.0180135 0.0292817 0.0289165 0.0352108 0.0292817 0.0233131 0.0180135 0.0382660 0.0288717 0.0288717 0.0194992 0.0338992 0.0130381 0.0039890 
1554       0.0082777 0.0000000 0.0039859 0.0082712 0.0192131 0.0382660 0.0138072 0.0250064 0.0180308 0.0288717 0.0382716 0.0288717 0.0479192 0.0594777 0.0474627 0.0452765 0.0128742 0.0347371 0.0082777 0.0177794 0.0352108 0.0288717 0.0452765 0.0594107 0.0453163 0.0232948 0.0383067 0.0479192 0.0533021 0.0452765 0.0352108 0.0612674 0.0288717 0.0414243 0.0409675 0.0479651 0.0414243 0.0347635 0.0288717 0.0527276 0.0409060 0.0409060 0.0316424 0.0486683 0.0232948 0.0128742 
147        0.0039890 0.0039859 0.0000000 0.0039859 0.0138189 0.0316344 0.0088191 0.0192131 0.0130505 0.0232948 0.0316424 0.0232948 0.0413844 0.0508964 0.0409367 0.0382660 0.0082777 0.0288717 0.0039890 0.0128742 0.0292817 0.0232948 0.0382660 0.0508379 0.0383034 0.0180135 0.0316683 0.0413844 0.0458620 0.0382660 0.0292817 0.0533021 0.0232948 0.0352108 0.0347901 0.0414243 0.0352108 0.0288941 0.0232948 0.0452765 0.0347371 0.0347371 0.0253801 0.0410639 0.0180135 0.0082777 
149        0.0082777 0.0082712 0.0039859 0.0000000 0.0088191 0.0253490 0.0042200 0.0138072 0.0180308 0.0179991 0.0382716 0.0179991 0.0351496 0.0427842 0.0347371 0.0316077 0.0039859 0.0232764 0.0082777 0.0082712 0.0352108 0.0288717 0.0316077 0.0427340 0.0316424 0.0232948 0.0383067 0.0351496 0.0387867 0.0316077 0.0352108 0.0458247 0.0288717 0.0414243 0.0409675 0.0351839 0.0414243 0.0347635 0.0288717 0.0382342 0.0288493 0.0288493 0.0316424 0.0338690 0.0232948 0.0128742 
1430       0.0088266 0.0192131 0.0138189 0.0088191 0.0000000 0.0130099 0.0039800 0.0039800 0.0195102 0.0194729 0.0427270 0.0194729 0.0387453 0.0485318 0.0382660 0.0350771 0.0042235 0.0253490 0.0088266 0.0088191 0.0388189 0.0316344 0.0179763 0.0253450 0.0351174 0.0253708 0.0427730 0.0387453 0.0235853 0.0179763 0.0388189 0.0292280 0.0316344 0.0458620 0.0453507 0.0387867 0.0458620 0.0382978 0.0316344 0.0232503 0.0316077 0.0316077 0.0351174 0.0379224 0.0253708 0.0138189 
1433       0.0253708 0.0382660 0.0316344 0.0253490 0.0130099 0.0000000 0.0179763 0.0083525 0.0388189 0.0137815 0.0209042 0.0042126 0.0194189 0.0231011 0.0191605 0.0148844 0.0194729 0.0087958 0.0253708 0.0139861 0.0194561 0.0137815 0.0039703 0.0087909 0.0149074 0.0088032 0.0209178 0.0194189 0.0083459 0.0039703 0.0194561 0.0129892 0.0137815 0.0253273 0.0249801 0.0194393 0.0253273 0.0191768 0.0137815 0.0082389 0.0137698 0.0137698 0.0274602 0.0159403 0.0191768 0.0194729 
1434       0.0138189 0.0138072 0.0088191 0.0042200 0.0039800 0.0179763 0.0000000 0.0082594 0.0253979 0.0253490 0.0507800 0.0253490 0.0457766 0.0578105 0.0452765 0.0426839 0.0088191 0.0316077 0.0138189 0.0138072 0.0458620 0.0382660 0.0232503 0.0316067 0.0427270 0.0316344 0.0508379 0.0457766 0.0292280 0.0232503 0.0458620 0.0351507 0.0382660 0.0533021 0.0528134 0.0458247 0.0533021 0.0453136 0.0382660 0.0288191 0.0382342 0.0382342 0.0427270 0.0462128 0.0316344 0.0192131 
1435       0.0138189 0.0250064 0.0192131 0.0138072 0.0039800 0.0083525 0.0082594 0.0000000 0.0253979 0.0139861 0.0350847 0.0139861 0.0320330 0.0396337 0.0316077 0.0278975 0.0088191 0.0194561 0.0138189 0.0042200 0.0320948 0.0253490 0.0129995 0.0194503 0.0279346 0.0194729 0.0351188 0.0320330 0.0182185 0.0129995 0.0320948 0.0235665 0.0253490 0.0387867 0.0382978 0.0320675 0.0387867 0.0316344 0.0253490 0.0179620 0.0253273 0.0253273 0.0279346 0.0301003 0.0194729 0.0088191 
1436       0.0083856 0.0180308 0.0130505 0.0180308 0.0195102 0.0388189 0.0253979 0.0253979 0.0000000 0.0292817 0.0388244 0.0292817 0.0484544 0.0600367 0.0480008 0.0458620 0.0130505 0.0352108 0.0083856 0.0180308 0.0130400 0.0292817 0.0458620 0.0599703 0.0459018 0.0236316 0.0388604 0.0484544 0.0538678 0.0458620 0.0356903 0.0316415 0.0292817 0.0288998 0.0414866 0.0232990 0.0180165 0.0352377 0.0292817 0.0533021 0.0414243 0.0414243 0.0321301 0.0492882 0.0236316 0.0130505 
1442       0.0180135 0.0288717 0.0232948 0.0179991 0.0194729 0.0137815 0.0253490 0.0139861 0.0292817 0.0000000 0.0137897 0.0082572 0.0129947 0.0149173 0.0128419 0.0087958 0.0130277 0.0039763 0.0180135 0.0083646 0.0232764 0.0082572 0.0087958 0.0149008 0.0088092 0.0128521 0.0137954 0.0129947 0.0139741 0.0087958 0.0130173 0.0194393 0.0082572 0.0179848 0.0177635 0.0130069 0.0179848 0.0128521 0.0082572 0.0137698 0.0082508 0.0082508 0.0088092 0.0093373 0.0039794 0.0130277 
931        0.0253801 0.0382716 0.0316424 0.0382716 0.0427270 0.0209042 0.0507800 0.0350847 0.0388244 0.0137897 0.0000000 0.0137897 0.0194283 0.0231126 0.0191698 0.0148936 0.0316424 0.0088018 0.0253801 0.0253584 0.0194655 0.0042158 0.0148936 0.0230829 0.0149166 0.0088092 0.0094448 0.0194283 0.0212414 0.0148936 0.0089250 0.0278811 0.0042158 0.0139824 0.0138014 0.0194487 0.0139824 0.0088092 0.0042158 0.0208846 0.0137780 0.0137780 0.0039787 0.0159503 0.0088092 0.0194823 
1190       0.0180135 0.0288717 0.0232948 0.0179991 0.0194729 0.0042126 0.0253490 0.0139861 0.0292817 0.0082572 0.0137897 0.0000000 0.0129947 0.0149173 0.0128419 0.0087958 0.0130277 0.0039763 0.0180135 0.0083646 0.0130173 0.0082572 0.0087958 0.0149008 0.0088092 0.0039794 0.0137954 0.0129947 0.0139741 0.0087958 0.0130173 0.0194393 0.0082572 0.0179848 0.0177635 0.0130069 0.0179848 0.0128521 0.0082572 0.0137698 0.0082508 0.0082508 0.0191861 0.0093373 0.0128521 0.0130277 
5544       0.0351765 0.0479192 0.0413844 0.0351496 0.0387453 0.0194189 0.0457766 0.0320330 0.0484544 0.0129947 0.0194283 0.0129947 0.0000000 0.0212355 0.0083437 0.0139478 0.0292300 0.0083437 0.0351765 0.0235709 0.0292072 0.0129947 0.0139478 0.0212108 0.0139681 0.0179675 0.0194393 0.0084388 0.0197051 0.0139478 0.0182095 0.0256552 0.0129947 0.0235521 0.0232548 0.0181948 0.0235521 0.0179675 0.0129947 0.0088949 0.0129843 0.0040150 0.0253096 0.0148563 0.0179675 0.0292300 
5545       0.0428232 0.0594777 0.0508964 0.0427842 0.0485318 0.0231011 0.0578105 0.0396337 0.0600367 0.0149173 0.0231126 0.0149173 0.0212355 0.0000000 0.0209222 0.0162646 0.0351605 0.0094393 0.0428232 0.0279645 0.0351277 0.0149173 0.0162646 0.0259511 0.0162918 0.0209418 0.0231309 0.0212355 0.0162646 0.0162646 0.0212804 0.0312183 0.0149173 0.0279380 0.0275148 0.0212602 0.0279380 0.0209418 0.0149173 0.0230770 0.0149035 0.0149035 0.0307032 0.0175620 0.0209418 0.0351605 
5546       0.0347635 0.0474627 0.0409367 0.0347371 0.0382660 0.0191605 0.0452765 0.0316077 0.0480008 0.0128419 0.0191698 0.0128419 0.0083437 0.0209222 0.0000000 0.0137698 0.0288717 0.0082508 0.0347635 0.0232764 0.0288493 0.0128419 0.0137698 0.0208982 0.0137897 0.0177495 0.0191803 0.0083437 0.0194393 0.0137698 0.0179848 0.0253056 0.0128419 0.0232580 0.0128521 0.0179705 0.0232580 0.0082572 0.0128419 0.0087884 0.0128318 0.0039732 0.0249681 0.0146541 0.0177495 0.0288717 
1452       0.0316344 0.0452765 0.0382660 0.0316077 0.0350771 0.0148844 0.0426839 0.0278975 0.0458620 0.0087958 0.0148936 0.0087958 0.0139478 0.0162646 0.0137698 0.0000000 0.0253490 0.0042091 0.0316344 0.0194561 0.0253273 0.0087958 0.0094194 0.0162447 0.0094348 0.0137815 0.0149008 0.0139478 0.0151133 0.0094194 0.0139741 0.0212108 0.0087958 0.0194393 0.0191768 0.0139620 0.0194393 0.0137815 0.0087958 0.0148706 0.0087884 0.0087884 0.0209042 0.0100507 0.0137815 0.0253490 
1080       0.0039890 0.0128742 0.0082777 0.0039859 0.0042235 0.0194729 0.0088191 0.0088191 0.0130505 0.0130277 0.0316424 0.0130277 0.0292300 0.0351605 0.0288717 0.0253490 0.0000000 0.0179991 0.0039890 0.0039859 0.0292817 0.0232948 0.0253490 0.0351188 0.0253801 0.0180135 0.0316683 0.0292300 0.0320948 0.0253490 0.0292817 0.0387867 0.0232948 0.0352108 0.0347901 0.0292588 0.0352108 0.0288941 0.0232948 0.0316077 0.0232764 0.0232764 0.0253801 0.0271200 0.0180135 0.0082777 
57         0.0232948 0.0347371 0.0288717 0.0232764 0.0253490 0.0087958 0.0316077 0.0194561 0.0352108 0.0039763 0.0088018 0.0039763 0.0083437 0.0094393 0.0082508 0.0042091 0.0179991 0.0000000 0.0232948 0.0130173 0.0179848 0.0039763 0.0042091 0.0094294 0.0042158 0.0082572 0.0088043 0.0083437 0.0089113 0.0042091 0.0083580 0.0139620 0.0039763 0.0130069 0.0128521 0.0083513 0.0130069 0.0082572 0.0039763 0.0087884 0.0039732 0.0039732 0.0137897 0.0044565 0.0082572 0.0179991 
1466       0.0000010 0.0082777 0.0039890 0.0082777 0.0088266 0.0253708 0.0138189 0.0138189 0.0083856 0.0180135 0.0253801 0.0180135 0.0351765 0.0428232 0.0347635 0.0316344 0.0039890 0.0232948 0.0000000 0.0082777 0.0236316 0.0180135 0.0316344 0.0427730 0.0316692 0.0130381 0.0253979 0.0351765 0.0388189 0.0316344 0.0236316 0.0458620 0.0166763 0.0292817 0.0289165 0.0352108 0.0292817 0.0233131 0.0180135 0.0382660 0.0288717 0.0288717 0.0194992 0.0338992 0.0130381 0.0039890 
1083       0.0082777 0.0177794 0.0128742 0.0082712 0.0088191 0.0139861 0.0138072 0.0042200 0.0180308 0.0083646 0.0253584 0.0083646 0.0235709 0.0279645 0.0232764 0.0194561 0.0039859 0.0130173 0.0082777 0.0000000 0.0236128 0.0179991 0.0194561 0.0279314 0.0194823 0.0130277 0.0253761 0.0235709 0.0257274 0.0194561 0.0236128 0.0320675 0.0179991 0.0292588 0.0288941 0.0235940 0.0292588 0.0232948 0.0179991 0.0253273 0.0179848 0.0179848 0.0194823 0.0207744 0.0130277 0.0039859 
1471       0.0236316 0.0352108 0.0292817 0.0352108 0.0388189 0.0194561 0.0458620 0.0320948 0.0130400 0.0232764 0.0194655 0.0130173 0.0292072 0.0351277 0.0288493 0.0253273 0.0292817 0.0179848 0.0236316 0.0236128 0.0000000 0.0130173 0.0253273 0.0350860 0.0253584 0.0083646 0.0194765 0.0292072 0.0320675 0.0253273 0.0182418 0.0137837 0.0130173 0.0128539 0.0232948 0.0082583 0.0039798 0.0179991 0.0130173 0.0315809 0.0232580 0.0232580 0.0253584 0.0270954 0.0179991 0.0182565 
5571       0.0180135 0.0288717 0.0232948 0.0288717 0.0316344 0.0137815 0.0382660 0.0253490 0.0292817 0.0082572 0.0042158 0.0082572 0.0129947 0.0149173 0.0128419 0.0087958 0.0232948 0.0039763 0.0180135 0.0179991 0.0130173 0.0000000 0.0087958 0.0149008 0.0088092 0.0039794 0.0042165 0.0129947 0.0139741 0.0087958 0.0040248 0.0194393 0.0000010 0.0083580 0.0082637 0.0130069 0.0083580 0.0039794 0.0000010 0.0137698 0.0082508 0.0082508 0.0088092 0.0093373 0.0039794 0.0130277 
68         0.0316344 0.0452765 0.0382660 0.0316077 0.0179763 0.0039703 0.0232503 0.0129995 0.0458620 0.0087958 0.0148936 0.0087958 0.0139478 0.0162646 0.0137698 0.0094194 0.0253490 0.0042091 0.0316344 0.0194561 0.0253273 0.0087958 0.0000000 0.0042064 0.0094348 0.0137815 0.0149008 0.0139478 0.0040156 0.0000010 0.0139741 0.0083392 0.0087958 0.0194393 0.0191768 0.0139620 0.0194393 0.0137815 0.0087958 0.0039672 0.0087884 0.0087884 0.0209042 0.0100507 0.0137815 0.0253490 
69         0.0427730 0.0594107 0.0508379 0.0427340 0.0253450 0.0087909 0.0316067 0.0194503 0.0599703 0.0149008 0.0230829 0.0149008 0.0212108 0.0259511 0.0208982 0.0162447 0.0351188 0.0094294 0.0427730 0.0279314 0.0350860 0.0149008 0.0042064 0.0000000 0.0162718 0.0209178 0.0231011 0.0212108 0.0089063 0.0042064 0.0212557 0.0139560 0.0149008 0.0279040 0.0274826 0.0212355 0.0279040 0.0209178 0.0149008 0.0087836 0.0148871 0.0148871 0.0306626 0.0175387 0.0209178 0.0351188 
454        0.0316692 0.0453163 0.0383034 0.0316424 0.0351174 0.0149074 0.0427270 0.0279346 0.0459018 0.0088092 0.0149166 0.0088092 0.0139681 0.0162918 0.0137897 0.0094348 0.0253801 0.0042158 0.0316692 0.0194823 0.0253584 0.0088092 0.0094348 0.0162718 0.0000000 0.0138014 0.0149239 0.0139681 0.0151370 0.0094348 0.0139944 0.0212414 0.0088092 0.0194655 0.0192025 0.0139824 0.0194655 0.0138014 0.0088092 0.0148936 0.0088018 0.0088018 0.0209341 0.0100680 0.0138014 0.0253801 
71         0.0130381 0.0232948 0.0180135 0.0232948 0.0253708 0.0088032 0.0316344 0.0194729 0.0236316 0.0128521 0.0088092 0.0039794 0.0179675 0.0209418 0.0177495 0.0137815 0.0180135 0.0082572 0.0130381 0.0130277 0.0083646 0.0039794 0.0137815 0.0209178 0.0138014 0.0000000 0.0088117 0.0179675 0.0194561 0.0137815 0.0083646 0.0253273 0.0039794 0.0130173 0.0128622 0.0179848 0.0130173 0.0082637 0.0039794 0.0191605 0.0128419 0.0128419 0.0138014 0.0146673 0.0082637 0.0083713 
1481       0.0253979 0.0383067 0.0316683 0.0383067 0.0427730 0.0209178 0.0508379 0.0351188 0.0388604 0.0137954 0.0094448 0.0137954 0.0194393 0.0231309 0.0191803 0.0149008 0.0316683 0.0088043 0.0253979 0.0253761 0.0194765 0.0042165 0.0149008 0.0231011 0.0149239 0.0088117 0.0000000 0.0194393 0.0212557 0.0149008 0.0089276 0.0279040 0.0042165 0.0139883 0.0138072 0.0194597 0.0139883 0.0088117 0.0042165 0.0208982 0.0137837 0.0137837 0.0149239 0.0159591 0.0088117 0.0194934 
5579       0.0351765 0.0479192 0.0413844 0.0351496 0.0387453 0.0194189 0.0457766 0.0320330 0.0484544 0.0129947 0.0194283 0.0129947 0.0084388 0.0212355 0.0083437 0.0139478 0.0292300 0.0083437 0.0351765 0.0235709 0.0292072 0.0129947 0.0139478 0.0212108 0.0139681 0.0179675 0.0194393 0.0000000 0.0197051 0.0139478 0.0182095 0.0256552 0.0129947 0.0235521 0.0232548 0.0181948 0.0235521 0.0179675 0.0129947 0.0088949 0.0129843 0.0040150 0.0253096 0.0148563 0.0179675 0.0292300 
5580       0.0388189 0.0533021 0.0458620 0.0387867 0.0235853 0.0083459 0.0292280 0.0182185 0.0538678 0.0139741 0.0212414 0.0139741 0.0197051 0.0162646 0.0194393 0.0151133 0.0320948 0.0089113 0.0388189 0.0257274 0.0320675 0.0139741 0.0040156 0.0089063 0.0151370 0.0194561 0.0212557 0.0197051 0.0000000 0.0040156 0.0197433 0.0131581 0.0139741 0.0257051 0.0253490 0.0197261 0.0257051 0.0194561 0.0139741 0.0083392 0.0139620 0.0139620 0.0279072 0.0162033 0.0194561 0.0320948 
1487       0.0316344 0.0452765 0.0382660 0.0316077 0.0179763 0.0039703 0.0232503 0.0129995 0.0458620 0.0087958 0.0148936 0.0087958 0.0139478 0.0162646 0.0137698 0.0094194 0.0253490 0.0042091 0.0316344 0.0194561 0.0253273 0.0087958 0.0000010 0.0042064 0.0094348 0.0137815 0.0149008 0.0139478 0.0040156 0.0000000 0.0139741 0.0083392 0.0087958 0.0194393 0.0191768 0.0139620 0.0194393 0.0137815 0.0087958 0.0039672 0.0087884 0.0087884 0.0209042 0.0100507 0.0137815 0.0253490 
5586       0.0236316 0.0352108 0.0292817 0.0352108 0.0388189 0.0194561 0.0458620 0.0320948 0.0356903 0.0130173 0.0089250 0.0130173 0.0182095 0.0212804 0.0179848 0.0139741 0.0292817 0.0083580 0.0236316 0.0236128 0.0182418 0.0040248 0.0139741 0.0212557 0.0139944 0.0083646 0.0089276 0.0182095 0.0197433 0.0139741 0.0000000 0.0257051 0.0040248 0.0131869 0.0130277 0.0182272 0.0131869 0.0083646 0.0040248 0.0194393 0.0130069 0.0130069 0.0139944 0.0093373 0.0083646 0.0182565 
1491       0.0458620 0.0612674 0.0533021 0.0458247 0.0292280 0.0129892 0.0351507 0.0235665 0.0316415 0.0194393 0.0278811 0.0194393 0.0256552 0.0312183 0.0253056 0.0212108 0.0387867 0.0139620 0.0458620 0.0320675 0.0137837 0.0194393 0.0083392 0.0139560 0.0212414 0.0253273 0.0279040 0.0256552 0.0131581 0.0083392 0.0257051 0.0000000 0.0194393 0.0191640 0.0316077 0.0042096 0.0087970 0.0253273 0.0194393 0.0129788 0.0194225 0.0194225 0.0350520 0.0228190 0.0253273 0.0387867 
1365       0.0180135 0.0288717 0.0232948 0.0288717 0.0316344 0.0137815 0.0382660 0.0253490 0.0292817 0.0082572 0.0042158 0.0082572 0.0129947 0.0149173 0.0128419 0.0087958 0.0232948 0.0039763 0.0166763 0.0179991 0.0130173 0.0000010 0.0087958 0.0149008 0.0088092 0.0039794 0.0042165 0.0129947 0.0139741 0.0087958 0.0040248 0.0194393 0.0000000 0.0083580 0.0082637 0.0130069 0.0083580 0.0039794 0.0000010 0.0137698 0.0082508 0.0082508 0.0088092 0.0093373 0.0039794 0.0130277 
1366       0.0292817 0.0414243 0.0352108 0.0414243 0.0458620 0.0253273 0.0533021 0.0387867 0.0288998 0.0179848 0.0139824 0.0179848 0.0235521 0.0279380 0.0232580 0.0194393 0.0352108 0.0130069 0.0292817 0.0292588 0.0128539 0.0083580 0.0194393 0.0279040 0.0194655 0.0130173 0.0139883 0.0235521 0.0257051 0.0194393 0.0131869 0.0191640 0.0083580 0.0000000 0.0179991 0.0128438 0.0082583 0.0130173 0.0083580 0.0253056 0.0179705 0.0179705 0.0194655 0.0207554 0.0130173 0.0236128 
1367       0.0289165 0.0409675 0.0347901 0.0409675 0.0453507 0.0249801 0.0528134 0.0382978 0.0414866 0.0177635 0.0138014 0.0177635 0.0232548 0.0275148 0.0128521 0.0191768 0.0347901 0.0128521 0.0289165 0.0288941 0.0232948 0.0082637 0.0191768 0.0274826 0.0192025 0.0128622 0.0138072 0.0232548 0.0253490 0.0191768 0.0130277 0.0316077 0.0082637 0.0179991 0.0000000 0.0232764 0.0179991 0.0039507 0.0082637 0.0249589 0.0177495 0.0177495 0.0192025 0.0146673 0.0128622 0.0233131 
1368       0.0352108 0.0479651 0.0414243 0.0351839 0.0387867 0.0194393 0.0458247 0.0320675 0.0232990 0.0130069 0.0194487 0.0130069 0.0181948 0.0212602 0.0179705 0.0139620 0.0292588 0.0083513 0.0352108 0.0235940 0.0082583 0.0130069 0.0139620 0.0212355 0.0139824 0.0179848 0.0194597 0.0181948 0.0197261 0.0139620 0.0182272 0.0042096 0.0130069 0.0128438 0.0232764 0.0000000 0.0039767 0.0179848 0.0130069 0.0194225 0.0129966 0.0129966 0.0253366 0.0148724 0.0179848 0.0292588 
985        0.0292817 0.0414243 0.0352108 0.0414243 0.0458620 0.0253273 0.0533021 0.0387867 0.0180165 0.0179848 0.0139824 0.0179848 0.0235521 0.0279380 0.0232580 0.0194393 0.0352108 0.0130069 0.0292817 0.0292588 0.0039798 0.0083580 0.0194393 0.0279040 0.0194655 0.0130173 0.0139883 0.0235521 0.0257051 0.0194393 0.0131869 0.0087970 0.0083580 0.0082583 0.0179991 0.0039767 0.0000000 0.0130173 0.0083580 0.0253056 0.0179705 0.0179705 0.0194655 0.0207554 0.0130173 0.0236128 
1369       0.0233131 0.0347635 0.0288941 0.0347635 0.0382978 0.0191768 0.0453136 0.0316344 0.0352377 0.0128521 0.0088092 0.0128521 0.0179675 0.0209418 0.0082572 0.0137815 0.0288941 0.0082572 0.0233131 0.0232948 0.0179991 0.0039794 0.0137815 0.0209178 0.0138014 0.0082637 0.0088117 0.0179675 0.0194561 0.0137815 0.0083646 0.0253273 0.0039794 0.0130173 0.0039507 0.0179848 0.0130173 0.0000000 0.0039794 0.0191605 0.0128419 0.0128419 0.0138014 0.0146673 0.0082637 0.0180135 
347        0.0180135 0.0288717 0.0232948 0.0288717 0.0316344 0.0137815 0.0382660 0.0253490 0.0292817 0.0082572 0.0042158 0.0082572 0.0129947 0.0149173 0.0128419 0.0087958 0.0232948 0.0039763 0.0180135 0.0179991 0.0130173 0.0000010 0.0087958 0.0149008 0.0088092 0.0039794 0.0042165 0.0129947 0.0139741 0.0087958 0.0040248 0.0194393 0.0000010 0.0083580 0.0082637 0.0130069 0.0083580 0.0039794 0.0000000 0.0137698 0.0082508 0.0082508 0.0088092 0.0093373 0.0039794 0.0130277 
1495       0.0382660 0.0527276 0.0452765 0.0382342 0.0232503 0.0082389 0.0288191 0.0179620 0.0533021 0.0137698 0.0208846 0.0137698 0.0088949 0.0230770 0.0087884 0.0148706 0.0316077 0.0087884 0.0382660 0.0253273 0.0315809 0.0137698 0.0039672 0.0087836 0.0148936 0.0191605 0.0208982 0.0088949 0.0083392 0.0039672 0.0194393 0.0129788 0.0137698 0.0253056 0.0249589 0.0194225 0.0253056 0.0191605 0.0137698 0.0000000 0.0137582 0.0042057 0.0274345 0.0159246 0.0191605 0.0316077 
493        0.0288717 0.0409060 0.0347371 0.0288493 0.0316077 0.0137698 0.0382342 0.0253273 0.0414243 0.0082508 0.0137780 0.0082508 0.0129843 0.0149035 0.0128318 0.0087884 0.0232764 0.0039732 0.0288717 0.0179848 0.0232580 0.0082508 0.0087884 0.0148871 0.0088018 0.0128419 0.0137837 0.0129843 0.0139620 0.0087884 0.0130069 0.0194225 0.0082508 0.0179705 0.0177495 0.0129966 0.0179705 0.0128419 0.0082508 0.0137582 0.0000000 0.0082443 0.0191698 0.0093290 0.0128419 0.0232764 
118        0.0288717 0.0409060 0.0347371 0.0288493 0.0316077 0.0137698 0.0382342 0.0253273 0.0414243 0.0082508 0.0137780 0.0082508 0.0040150 0.0149035 0.0039732 0.0087884 0.0232764 0.0039732 0.0288717 0.0179848 0.0232580 0.0082508 0.0087884 0.0148871 0.0088018 0.0128419 0.0137837 0.0040150 0.0139620 0.0087884 0.0130069 0.0194225 0.0082508 0.0179705 0.0177495 0.0129966 0.0179705 0.0128419 0.0082508 0.0042057 0.0082443 0.0000000 0.0191698 0.0093290 0.0128419 0.0232764 
1399       0.0194992 0.0316424 0.0253801 0.0316424 0.0351174 0.0274602 0.0427270 0.0279346 0.0321301 0.0088092 0.0039787 0.0191861 0.0253096 0.0307032 0.0249681 0.0209042 0.0253801 0.0137897 0.0194992 0.0194823 0.0253584 0.0088092 0.0209042 0.0306626 0.0209341 0.0138014 0.0149239 0.0253096 0.0279072 0.0209042 0.0139944 0.0350520 0.0088092 0.0194655 0.0192025 0.0253366 0.0194655 0.0138014 0.0088092 0.0274345 0.0191698 0.0191698 0.0000000 0.0224645 0.0042193 0.0140065 
1400       0.0338992 0.0486683 0.0410639 0.0338690 0.0379224 0.0159403 0.0462128 0.0301003 0.0492882 0.0093373 0.0159503 0.0093373 0.0148563 0.0175620 0.0146541 0.0100507 0.0271200 0.0044565 0.0338992 0.0207744 0.0270954 0.0093373 0.0100507 0.0175387 0.0100680 0.0146673 0.0159591 0.0148563 0.0162033 0.0100507 0.0093373 0.0228190 0.0093373 0.0207554 0.0146673 0.0148724 0.0207554 0.0146673 0.0093373 0.0159246 0.0093290 0.0093290 0.0224645 0.0000000 0.0146673 0.0271200 
123        0.0130381 0.0232948 0.0180135 0.0232948 0.0253708 0.0191768 0.0316344 0.0194729 0.0236316 0.0039794 0.0088092 0.0128521 0.0179675 0.0209418 0.0177495 0.0137815 0.0180135 0.0082572 0.0130381 0.0130277 0.0179991 0.0039794 0.0137815 0.0209178 0.0138014 0.0082637 0.0088117 0.0179675 0.0194561 0.0137815 0.0083646 0.0253273 0.0039794 0.0130173 0.0128622 0.0179848 0.0130173 0.0082637 0.0039794 0.0191605 0.0128419 0.0128419 0.0042193 0.0146673 0.0000000 0.0083713 
126        0.0039890 0.0128742 0.0082777 0.0128742 0.0138189 0.0194729 0.0192131 0.0088191 0.0130505 0.0130277 0.0194823 0.0130277 0.0292300 0.0351605 0.0288717 0.0253490 0.0082777 0.0179991 0.0039890 0.0039859 0.0182565 0.0130277 0.0253490 0.0351188 0.0253801 0.0083713 0.0194934 0.0292300 0.0320948 0.0253490 0.0182565 0.0387867 0.0130277 0.0236128 0.0233131 0.0292588 0.0236128 0.0180135 0.0130277 0.0316077 0.0232764 0.0232764 0.0140065 0.0271200 0.0083713 0.0000000 
