C1d-noName-C42.2-C1-noName	10	0.0	0.001781090222879541	0.0012654380335111138	0.005285919437182563	0.009810670558488303	0.0021246293553489302	0.02439224522976182	0.020539931147910417	0.020851248025681224	0.02029927584751249	0.0261364198074985
C1d/C42.2-C1-C3cg	11	0.001781090222879541	0.0	0.0017874720059720378	0.003506043939437948	0.00820972938273264	0.0026465507205438365	0.022612989863910825	0.01876067578205942	0.01907199265983023	0.0185200204816615	0.024357164441647504
C1d-noName-C42.2-C1	13	0.0012654380335111138	0.0017874720059720378	0.0	0.005292759639463767	0.009816844565891604	0.001979071112418758	0.024399661170078545	0.020547347088227134	0.020858663965997948	0.020306691787829213	0.026143835747815217
C1d-C31-C42.2-C1	15	0.005285919437182563	0.003506043939437948	0.005292759639463767	0.0	0.005026319429764047	0.00615193009065187	0.01910694592447288	0.015254631842621475	0.015565948720392285	0.01501397654222355	0.02085112050220956
C1d/C31/C17d-2099_C	16	0.009810670558488303	0.00820972938273264	0.009816844565891604	0.005026319429764047	0.0	0.010675757925514898	0.01872607482520624	0.014873669971225755	0.015184986848996562	0.01463301467082783	0.020471144238012398
C1d	20	0.0021246293553489302	0.0026465507205438365	0.001979071112418758	0.00615193009065187	0.010675757925514898	0.0	0.02525779522226332	0.021405481140411915	0.02171679801818273	0.021164825840013994	0.027001969799999997
C31-C17d-C31.1-C21-C31a-noName	12	0.02439224522976182	0.022612989863910825	0.024399661170078545	0.01910694592447288	0.01872607482520624	0.02525779522226332	0.0	0.005601991071386142	0.004911501424859636	0.006475397427518572	0.004474361231220634
C31/C17d-C21-C21ac-C31.9	14	0.020539931147910417	0.01876067578205942	0.020547347088227134	0.015254631842621475	0.014873669971225755	0.021405481140411915	0.005601991071386142	0.0	0.0012040347757385683	0.002080348483069025	0.007347593175584883
C31-C17d-C21-C21ac-C31a-C17e	18	0.020851248025681224	0.01907199265983023	0.020858663965997948	0.015565948720392285	0.015184986848996562	0.02171679801818273	0.004911501424859636	0.0012040347757385683	0.0	0.0022566512657736905	0.007446069516183526
C31/C17d-C21-C21ac-C17e-C17f-C31.9	19	0.02029927584751249	0.0185200204816615	0.020306691787829213	0.01501397654222355	0.01463301467082783	0.021164825840013994	0.006475397427518572	0.002080348483069025	0.0022566512657736905	0.0	0.008220999531717312
C31	21	0.0261364198074985	0.024357164441647504	0.026143835747815217	0.02085112050220956	0.020471144238012398	0.027001969799999997	0.004474361231220634	0.007347593175584883	0.007446069516183526	0.008220999531717312	0.0
