19
1          0.0000000 0.0076465 0.0076465 0.0038139 0.0111574 0.0074756 0.0111412 0.0037128 0.0224647 0.0036955 0.0074098 0.0191117 0.0230141 0.0191866 0.0191117 0.0229924 0.0229924 0.0115087 0.0115087 
1156       0.0076465 0.0000000 0.0076607 0.0038210 0.0192895 0.0155118 0.0153703 0.0038356 0.0310792 0.0114977 0.0153703 0.0115185 0.0154127 0.0153980 0.0115185 0.0153980 0.0153980 0.0115302 0.0115302 
1158       0.0076465 0.0076607 0.0000000 0.0038210 0.0192895 0.0155118 0.0153703 0.0038356 0.0310792 0.0114977 0.0153703 0.0037916 0.0076100 0.0076029 0.0037916 0.0076029 0.0076029 0.0038248 0.0037955 
18         0.0038139 0.0038210 0.0038210 0.0000000 0.0153935 0.0116044 0.0114985 0.0000010 0.0271268 0.0076469 0.0114985 0.0076607 0.0115302 0.0115192 0.0076607 0.0115192 0.0115192 0.0076684 0.0076684 
5523       0.0111574 0.0192895 0.0192895 0.0153935 0.0000000 0.0037232 0.0073991 0.0149826 0.0186487 0.0074098 0.0036904 0.0308571 0.0348374 0.0309795 0.0308571 0.0348043 0.0348043 0.0232289 0.0232289 
5524       0.0074756 0.0155118 0.0155118 0.0116044 0.0037232 0.0000000 0.0037178 0.0112930 0.0149939 0.0037232 0.0000010 0.0271403 0.0311269 0.0272474 0.0271403 0.0310972 0.0310972 0.0194582 0.0194582 
5527       0.0111412 0.0153703 0.0153703 0.0114985 0.0073991 0.0037178 0.0000000 0.0149605 0.0186215 0.0073991 0.0036850 0.0268927 0.0308417 0.0269975 0.0268927 0.0308125 0.0308125 0.0192800 0.0192800 
23         0.0037128 0.0038356 0.0038356 0.0000010 0.0149826 0.0112930 0.0149605 0.0000000 0.0263979 0.0074442 0.0111937 0.0153383 0.0192405 0.0153987 0.0153383 0.0192222 0.0192222 0.0076979 0.0076979 
1444       0.0224647 0.0310792 0.0310792 0.0271268 0.0186487 0.0149939 0.0186215 0.0263979 0.0000000 0.0186487 0.0148617 0.0427275 0.0467777 0.0428976 0.0427275 0.0467331 0.0467331 0.0350887 0.0350887 
329        0.0036955 0.0114977 0.0114977 0.0076469 0.0074098 0.0037232 0.0073991 0.0074442 0.0186487 0.0000000 0.0036904 0.0229924 0.0269181 0.0230824 0.0229924 0.0268927 0.0268927 0.0153849 0.0153849 
332        0.0074098 0.0153703 0.0153703 0.0114985 0.0036904 0.0000010 0.0036850 0.0111937 0.0148617 0.0036904 0.0000000 0.0268927 0.0308417 0.0269975 0.0268927 0.0308125 0.0308125 0.0192800 0.0192800 
848        0.0191117 0.0115185 0.0037916 0.0076607 0.0308571 0.0271403 0.0268927 0.0153383 0.0427275 0.0229924 0.0268927 0.0000000 0.0037672 0.0037779 0.0000010 0.0037637 0.0037637 0.0076684 0.0076100 
850        0.0230141 0.0154127 0.0076100 0.0115302 0.0348374 0.0311269 0.0308417 0.0192405 0.0467777 0.0269181 0.0308417 0.0037672 0.0000000 0.0075812 0.0037672 0.0075531 0.0075531 0.0115419 0.0114545 
853        0.0191866 0.0153980 0.0076029 0.0115192 0.0309795 0.0272474 0.0269975 0.0153987 0.0428976 0.0230824 0.0269975 0.0037779 0.0075812 0.0000000 0.0037779 0.0075746 0.0075746 0.0115309 0.0114438 
3290       0.0191117 0.0115185 0.0037916 0.0076607 0.0308571 0.0271403 0.0268927 0.0153383 0.0427275 0.0229924 0.0268927 0.0000010 0.0037672 0.0037779 0.0000000 0.0037637 0.0037637 0.0076684 0.0076100 
1373       0.0229924 0.0153980 0.0076029 0.0115192 0.0348043 0.0310972 0.0308125 0.0192222 0.0467331 0.0268927 0.0308125 0.0037637 0.0075531 0.0075746 0.0037637 0.0000000 0.0075460 0.0115309 0.0114438 
1143       0.0229924 0.0153980 0.0076029 0.0115192 0.0348043 0.0310972 0.0308125 0.0192222 0.0467331 0.0268927 0.0308125 0.0037637 0.0075531 0.0075746 0.0037637 0.0075460 0.0000000 0.0115309 0.0114438 
1144       0.0115087 0.0115302 0.0038248 0.0076684 0.0232289 0.0194582 0.0192800 0.0076979 0.0350887 0.0153849 0.0192800 0.0076684 0.0115419 0.0115309 0.0076684 0.0115309 0.0115309 0.0000000 0.0076761 
1146       0.0115087 0.0115302 0.0037955 0.0076684 0.0232289 0.0194582 0.0192800 0.0076979 0.0350887 0.0153849 0.0192800 0.0076100 0.0114545 0.0114438 0.0076100 0.0114438 0.0114438 0.0076761 0.0000000 
