12
HP01	47	0	0.10337531063596073	0.04516874674956248	0.9622377622377623	1.0	0.25777709264683224	0.008535835989338292	0.09632571750377739	0.04305483808539111	0.9867172675521823	1.0	0.17544079814268687
HP02	48	0.10337531063596073	0	0.14375887179728483	0.9622377622377623	1.0	0.29737865171966765	0.10641582969385323	0.012051957433718898	0.14413788650785075	0.9867172675521823	1.0	0.23218034647221447
HP03	49	0.04516874674956248	0.14375887179728483	0	0.9622377622377623	1.0	0.25777709264683224	0.04160636253642531	0.13670927866510155	0.004792211416108057	0.9867172675521823	1.0	0.17615212967239433
HP05	51	0.9622377622377623	0.9622377622377623	0.9622377622377623	0	0.331793465509017	0.7962918844682371	0.9622377622377623	0.9622377622377623	0.9622377622377623	0.23379201443717576	0.3119098686071986	0.8498577660025863
HP06	52	1.0	1.0	1.0	0.331793465509017	0	0.8335748419916754	1.0	1.0	1.0	0.3493442204852241	0.034351016882746326	0.8876200037648241
HP07	53	0.25777709264683224	0.29737865171966765	0.25777709264683224	0.7962918844682371	0.8335748419916754	0	0.2577770926468322	0.2981919838950683	0.2577770926468322	0.8263657953770627	0.8335748419916758	0.08424165217601504
HP08	54	0.008535835989338292	0.10641582969385323	0.04160636253642531	0.9622377622377623	1.0	0.2577770926468322	0	0.10014581793791251	0.041937182547213986	0.9867172675521823	1.0	0.17765571487957982
HP09	55	0.09632571750377739	0.012051957433718898	0.13670927866510155	0.9622377622377623	1.0	0.2981919838950683	0.10014581793791251	0	0.1370882933756674	0.9867172675521823	1.0	0.22513075334003116
HP10	56	0.04305483808539111	0.14413788650785075	0.004792211416108057	0.9622377622377623	1.0	0.2577770926468322	0.041937182547213986	0.1370882933756674	0	0.986717267552182	1.0	0.1754407981426868
HP12	58	0.9867172675521823	0.9867172675521823	0.9867172675521823	0.23379201443717576	0.3493442204852241	0.8263657953770627	0.9867172675521823	0.9867172675521823	0.986717267552182	0	0.33840115620241884	0.8743372713170061
HP13	59	1.0	1.0	1.0	0.3119098686071986	0.034351016882746326	0.8335748419916758	1.0	1.0	1.0	0.33840115620241884	0	0.887620003764824
HP14	60	0.17544079814268687	0.23218034647221447	0.17615212967239433	0.8498577660025863	0.8876200037648241	0.08424165217601504	0.17765571487957982	0.22513075334003116	0.1754407981426868	0.8743372713170061	0.887620003764824	0
